 1.00498000e+00
 1.00120303e+00
 9.89488780e-01
 9.68921667e-01
 9.38725977e-01
 8.99284572e-01
 8.52059339e-01
 7.91404663e-01
 7.15764903e-01
 6.31017102e-01
 5.31390544e-01
 4.20860238e-01
 2.97617867e-01
 1.65978547e-01
 2.61660231e-02
 -1.17761083e-01
 -2.67672374e-01
 -4.15559897e-01
 -5.62539009e-01
 -7.02115212e-01
 -8.33526139e-01
 -9.54225753e-01
 -1.06461192e+00
 -1.16107595e+00
 -1.24690776e+00
 -1.31638803e+00
 -1.37399545e+00
 -1.42071177e+00
 -1.45632256e+00
 -1.48110617e+00
 -1.49563518e+00
 -1.50041300e+00
 1.00321855e+00
 9.99337076e-01
 9.87501401e-01
 9.66886268e-01
 9.36732567e-01
 8.97277651e-01
 8.49574701e-01
 7.88711282e-01
 7.13227313e-01
 6.28065559e-01
 5.28423056e-01
 4.17627111e-01
 2.94359205e-01
 1.62519968e-01
 2.26571245e-02
 -1.21514240e-01
 -2.71282215e-01
 -4.19301108e-01
 -5.66098370e-01
 -7.05671850e-01
 -8.36967421e-01
 -9.57642315e-01
 -1.06778308e+00
 -1.16426450e+00
 -1.24966643e+00
 -1.31924473e+00
 -1.37678261e+00
 -1.42335237e+00
 -1.45880851e+00
 -1.48351012e+00
 -1.49798855e+00
 -1.50277676e+00
 9.97796385e-01
 9.93773958e-01
 9.81632743e-01
 9.60833793e-01
 9.30687303e-01
 8.91070395e-01
 8.42202149e-01
 7.80744732e-01
 7.05471932e-01
 6.19297946e-01
 5.19467056e-01
 4.07983103e-01
 2.84549565e-01
 1.52184002e-01
 1.21092734e-02
 -1.32671504e-01
 -2.82134061e-01
 -4.30430619e-01
 -5.76780282e-01
 -7.16279513e-01
 -8.47268192e-01
 -9.67789608e-01
 -1.07730141e+00
 -1.17366699e+00
 -1.25803695e+00
 -1.32769923e+00
 -1.38503124e+00
 -1.43117498e+00
 -1.46622730e+00
 -1.49067713e+00
 -1.50504447e+00
 -1.50980164e+00
 9.88402784e-01
 9.84297188e-01
 9.71891248e-01
 9.50798600e-01
 9.20430219e-01
 8.80330834e-01
 8.30076977e-01
 7.67708092e-01
 6.92254952e-01
 6.04853014e-01
 5.04444808e-01
 3.92031039e-01
 2.68144071e-01
 1.35051624e-01
 -5.48346748e-03
 -1.51002285e-01
 -3.00223363e-01
 -4.48730617e-01
 -5.94541985e-01
 -7.33783458e-01
 -8.64318543e-01
 -9.84425722e-01
 -1.09308880e+00
 -1.18894818e+00
 -1.27210154e+00
 -1.34149959e+00
 -1.39843131e+00
 -1.44392585e+00
 -1.47840395e+00
 -1.50245130e+00
 -1.51661001e+00
 -1.52129006e+00
 9.74848238e-01
 9.70700635e-01
 9.58116753e-01
 9.36678129e-01
 9.05802652e-01
 8.64881956e-01
 8.13238553e-01
 7.49694140e-01
 6.73479533e-01
 5.84773143e-01
 4.83357663e-01
 3.69842086e-01
 2.45165660e-01
 1.11204204e-01
 -3.00297821e-02
 -1.76263868e-01
 -3.25413856e-01
 -4.73952624e-01
 -6.19215955e-01
 -7.57968138e-01
 -8.87875578e-01
 -1.00725032e+00
 -1.11488021e+00
 -1.20978461e+00
 -1.29167434e+00
 -1.36034295e+00
 -1.41657255e+00
 -1.46123763e+00
 -1.49499315e+00
 -1.51850513e+00
 -1.53234795e+00
 -1.53691811e+00
 9.57509841e-01
 9.53286707e-01
 9.40419410e-01
 9.18427906e-01
 8.86730843e-01
 8.44699288e-01
 7.91624313e-01
 7.26667105e-01
 6.49191031e-01
 5.59038003e-01
 4.56275031e-01
 3.41470305e-01
 2.15715719e-01
 8.07494603e-02
 -6.13340970e-02
 -2.08222351e-01
 -3.57427703e-01
 -5.05823587e-01
 -6.50499946e-01
 -7.88534970e-01
 -9.17576038e-01
 -1.03589841e+00
 -1.14225536e+00
 -1.23582869e+00
 -1.31631553e+00
 -1.38383235e+00
 -1.43900832e+00
 -1.48264575e+00
 -1.51552181e+00
 -1.53837295e+00
 -1.55181127e+00
 -1.55624375e+00
 9.37266763e-01
 9.32738864e-01
 9.19083360e-01
 8.96046329e-01
 8.63155035e-01
 8.19761828e-01
 7.65135144e-01
 6.98551877e-01
 6.19462417e-01
 5.27655259e-01
 4.23293137e-01
 3.07004983e-01
 1.79956148e-01
 4.38660198e-02
 -9.91275057e-02
 -2.46606240e-01
 -3.95893410e-01
 -5.44000472e-01
 -6.87983534e-01
 -8.25072839e-01
 -9.52960348e-01
 -1.06990825e+00
 -1.17469840e+00
 -1.26661490e+00
 -1.34544701e+00
 -1.41144372e+00
 -1.46522710e+00
 -1.50760635e+00
 -1.53943036e+00
 -1.56149467e+00
 -1.57444884e+00
 -1.57871777e+00
 9.11698775e-01
 9.06975733e-01
 8.92760013e-01
 8.68844925e-01
 8.34788264e-01
 7.89962969e-01
 7.33678624e-01
 6.65297431e-01
 5.84355792e-01
 4.90691082e-01
 3.84536958e-01
 2.66599388e-01
 1.38109330e-01
 8.19781237e-04
 -1.43078500e-01
 -2.91067943e-01
 -4.40373155e-01
 -5.88042148e-01
 -7.31162679e-01
 -8.67056277e-01
 -9.93476087e-01
 -1.10871385e+00
 -1.21160988e+00
 -1.30154373e+00
 -1.37840826e+00
 -1.44254300e+00
 -1.49461945e+00
 -1.53549571e+00
 -1.56608217e+00
 -1.58722699e+00
 -1.59961609e+00
 -1.60369446e+00
 8.80136607e-01
 8.75416264e-01
 8.61060043e-01
 8.36607052e-01
 8.01521186e-01
 7.55248437e-01
 6.97219031e-01
 6.26908037e-01
 5.43950948e-01
 4.48270356e-01
 3.40183675e-01
 2.20481392e-01
 9.04696852e-02
 -4.80373877e-02
 -1.92783486e-01
 -3.41169739e-01
 -4.90359348e-01
 -6.37407140e-01
 -7.79442401e-01
 -9.13858142e-01
 -1.03847656e+00
 -1.15165149e+00
 -1.25230286e+00
 -1.33990992e+00
 -1.41446900e+00
 -1.47641078e+00
 -1.52648182e+00
 -1.56560893e+00
 -1.59476600e+00
 -1.61485304e+00
 -1.62659294e+00
 -1.63045250e+00
 8.46345357e-01
 8.41253510e-01
 8.25936289e-01
 8.00203457e-01
 7.63648446e-01
 7.15711518e-01
 6.55811609e-01
 5.83464093e-01
 4.98383276e-01
 4.00584955e-01
 2.90482607e-01
 1.68961054e-01
 3.74135665e-02
 -1.02268382e-01
 -2.47755614e-01
 -3.96380916e-01
 -5.45263724e-01
 -6.91460442e-01
 -8.32140302e-01
 -9.64762724e-01
 -1.08722705e+00
 -1.19797069e+00
 -1.29600983e+00
 -1.38093087e+00
 -1.45283815e+00
 -1.51226229e+00
 -1.56003913e+00
 -1.59717484e+00
 -1.62471129e+00
 -1.64360243e+00
 -1.65460961e+00
 -1.65822243e+00
 8.06239891e-01
 8.01041699e-01
 7.85327157e-01
 7.58779788e-01
 7.20965164e-01
 6.71392018e-01
 6.09576658e-01
 5.35131608e-01
 4.47869645e-01
 3.47909292e-01
 2.35769204e-01
 1.12437806e-01
 -2.05943937e-02
 -1.61348536e-01
 -3.07419289e-01
 -4.56078797e-01
 -6.04412907e-01
 -7.49481819e-01
 -8.88494700e-01
 -1.01897864e+00
 -1.13891861e+00
 -1.24685048e+00
 -1.34189997e+00
 -1.42376967e+00
 -1.49267950e+00
 -1.54926882e+00
 -1.59447200e+00
 -1.62938142e+00
 -1.65511104e+00
 -1.67267129e+00
 -1.68286386e+00
 -1.68620246e+00
 7.62456142e-01
 7.57034000e-01
 7.40664225e-01
 7.13063427e-01
 6.73833158e-01
 6.22532492e-01
 5.58747949e-01
 4.82176010e-01
 3.92723791e-01
 2.90613750e-01
 1.76474749e-01
 5.14058213e-02
 -8.29978639e-02
 -2.24664193e-01
 -3.71110582e-01
 -5.19553571e-01
 -6.67052585e-01
 -8.10676336e-01
 -9.47677142e-01
 -1.07565433e+00
 -1.19268698e+00
 -1.29742081e+00
 -1.38910205e+00
 -1.46755851e+00
 -1.53313365e+00
 -1.58658307e+00
 -1.62894616e+00
 -1.66140639e+00
 -1.68515307e+00
 -1.70125529e+00
 -1.71055645e+00
 -1.71359515e+00
 7.15090233e-01
 7.09363345e-01
 6.92140688e-01
 6.63273866e-01
 6.22483075e-01
 5.69393357e-01
 5.03634250e-01
 4.24960336e-01
 3.33363788e-01
 2.29172653e-01
 1.13131483e-01
 -1.35440914e-02
 -1.49149132e-01
 -2.91515251e-01
 -4.38083099e-01
 -5.86017884e-01
 -7.32358781e-01
 -8.74188895e-01
 -1.00880916e+00
 -1.13389751e+00
 -1.24763533e+00
 -1.34878768e+00
 -1.43673046e+00
 -1.51142482e+00
 -1.57334462e+00
 -1.62336758e+00
 -1.66264273e+00
 -1.69244796e+00
 -1.71405014e+00
 -1.72857835e+00
 -1.73691836e+00
 -1.73963392e+00
 6.61944913e-01
 6.56103257e-01
 6.38487459e-01
 6.08855887e-01
 5.66884358e-01
 5.12237249e-01
 4.44639627e-01
 3.63962770e-01
 2.70321214e-01
 1.64167774e-01
 4.63723319e-02
 -8.17276118e-02
 -2.18314507e-01
 -3.61123085e-01
 -5.07519248e-01
 -6.54621442e-01
 -7.99454747e-01
 -9.39123259e-01
 -1.07098322e+00
 -1.19279829e+00
 -1.30285995e+00
 -1.40006067e+00
 -1.48391364e+00
 -1.55451983e+00
 -1.61248891e+00
 -1.65882478e+00
 -1.69478900e+00
 -1.72175562e+00
 -1.74106995e+00
 -1.75392146e+00
 -1.76123855e+00
 -1.76361033e+00
 6.06117183e-01
 6.00076980e-01
 5.81875326e-01
 5.51292439e-01
 5.08032459e-01
 4.51805089e-01
 3.82408438e-01
 2.99812148e-01
 2.04245348e-01
 9.62839355e-02
 -2.30765390e-02
 -1.52376298e-01
 -2.89685602e-01
 -4.32644139e-01
 -5.78546666e-01
 -7.24470201e-01
 -8.67432256e-01
 -1.00456497e+00
 -1.13328705e+00
 -1.25145506e+00
 -1.35747772e+00
 -1.45038163e+00
 -1.52982317e+00
 -1.59604798e+00
 -1.64980507e+00
 -1.69222688e+00
 -1.72468871e+00
 -1.74866116e+00
 -1.76556777e+00
 -1.77665782e+00
 -1.78290160e+00
 -1.78491288e+00
 5.48431465e-01
 5.42125618e-01
 5.23164340e-01
 4.91421579e-01
 4.46709498e-01
 3.88828126e-01
 3.17649930e-01
 2.33223490e-01
 1.35874311e-01
 2.62907280e-02
 -9.44114216e-02
 -2.24653370e-01
 -3.62396281e-01
 -5.05188635e-01
 -6.50259045e-01
 -7.94649230e-01
 -9.35376063e-01
 -1.06960693e+00
 -1.19483012e+00
 -1.30900184e+00
 -1.41065414e+00
 -1.49895304e+00
 -1.57370232e+00
 -1.63529522e+00
 -1.68462176e+00
 -1.72294344e+00
 -1.75174892e+00
 -1.77260422e+00
 -1.78700965e+00
 -1.79627277e+00
 -1.80140448e+00
 -1.80304245e+00
 4.87748966e-01
 4.81255323e-01
 4.61739211e-01
 4.29095829e-01
 3.83172672e-01
 3.23831716e-01
 2.51037012e-01
 1.64947173e-01
 6.60052577e-02
 -4.49798344e-02
 -1.66771364e-01
 -2.97674066e-01
 -4.35543907e-01
 -5.77843117e-01
 -7.21740085e-01
 -8.64247945e-01
 -1.00239004e+00
 -1.13337608e+00
 -1.25477056e+00
 -1.36463517e+00
 -1.46163017e+00
 -1.54506465e+00
 -1.61489212e+00
 -1.67165445e+00
 -1.71638246e+00
 -1.75046546e+00
 -1.77550342e+00
 -1.79315538e+00
 -1.80499584e+00
 -1.81238834e+00
 -1.81638257e+00
 -1.81763889e+00
 4.25223332e-01
 4.18603052e-01
 3.98673634e-01
 3.65280562e-01
 3.18281654e-01
 2.57618707e-01
 1.83367802e-01
 9.58047092e-02
 -4.51040594e-03
 -1.16650051e-01
 -2.39258847e-01
 -3.70528142e-01
 -5.08213053e-01
 -6.49695098e-01
 -7.92088910e-01
 -9.32386013e-01
 -1.06762324e+00
 -1.19505926e+00
 -1.31234055e+00
 -1.41763895e+00
 -1.50974625e+00
 -1.58811648e+00
 -1.65285333e+00
 -1.70464638e+00
 -1.74466520e+00
 -1.77442397e+00
 -1.79563051e+00
 -1.81003319e+00
 -1.81927722e+00
 -1.82477904e+00
 -1.82762473e+00
 -1.82849589e+00
 3.63363299e-01
 3.56443622e-01
 3.35715005e-01
 3.01227998e-01
 2.53001023e-01
 1.91050421e-01
 1.15493891e-01
 2.66667341e-02
 -7.47814984e-02
 -1.87814262e-01
 -3.10961099e-01
 -4.42303353e-01
 -5.79500056e-01
 -7.19858084e-01
 -8.60445143e-01
 -9.98238165e-01
 -1.13029416e+00
 -1.25392658e+00
 -1.36686854e+00
 -1.46740526e+00
 -1.55446164e+00
 -1.62763666e+00
 -1.68718270e+00
 -1.73393423e+00
 -1.76919576e+00
 -1.79460188e+00
 -1.81196346e+00
 -1.82311348e+00
 -1.82976352e+00
 -1.83337924e+00
 -1.83508033e+00
 -1.83556784e+00
 2.99097699e-01
 2.92166062e-01
 2.71329499e-01
 2.36505012e-01
 1.87649971e-01
 1.24828544e-01
 4.82693381e-02
 -4.15639266e-02
 -1.43893643e-01
 -2.57559340e-01
 -3.80973076e-01
 -5.12109429e-01
 -6.48537125e-01
 -7.87495284e-01
 -9.26011878e-01
 -1.06105613e+00
 -1.18971128e+00
 -1.30935040e+00
 -1.41779652e+00
 -1.51344975e+00
 -1.59536787e+00
 -1.66329290e+00
 -1.71762244e+00
 -1.75933130e+00
 -1.78985349e+00
 -1.81093811e+00
 -1.82449321e+00
 -1.83243076e+00
 -1.83652368e+00
 -1.83828274e+00
 -1.83885814e+00
 -1.83896851e+00
 2.36874048e-01
 2.29823112e-01
 2.08648131e-01
 1.73300531e-01
 1.23763353e-01
 6.01362127e-02
 -1.72838921e-02
 -1.07935280e-01
 -2.10928693e-01
 -3.24989984e-01
 -4.48422266e-01
 -5.79101576e-01
 -7.14514509e-01
 -8.51840400e-01
 -9.88074925e-01
 -1.12018611e+00
 -1.24528864e+00
 -1.36081875e+00
 -1.46469108e+00
 -1.55542036e+00
 -1.63219509e+00
 -1.69489646e+00
 -1.74406206e+00
 -1.78080073e+00
 -1.80666911e+00
 -1.82352380e+00
 -1.83336315e+00
 -1.83817185e+00
 -1.83977873e+00
 -1.83973519e+00
 -1.83921870e+00
 -1.83896342e+00
 1.77646604e-01
 1.70439033e-01
 1.48815658e-01
 1.12794356e-01
 6.24552895e-02
 -2.00712417e-03
 -8.02183377e-02
 -1.71544061e-01
 -2.75013231e-01
 -3.89259846e-01
 -5.12492918e-01
 -6.42501245e-01
 -7.76698906e-01
 -9.12213924e-01
 -1.04601695e+00
 -1.17508065e+00
 -1.29655520e+00
 -1.40794211e+00
 -1.50724758e+00
 -1.59309881e+00
 -1.66481096e+00
 -1.72239863e+00
 -1.76653244e+00
 -1.79844746e+00
 -1.81981488e+00
 -1.83259073e+00
 -1.83885614e+00
 -1.84066174e+00
 -1.83988651e+00
 -1.83811794e+00
 -1.83655742e+00
 -1.83595267e+00
 1.21262807e-01
 1.13897692e-01
 9.18465307e-02
 5.52270329e-02
 4.21470564e-03
 -6.09265966e-02
 -1.39761869e-01
 -2.31586905e-01
 -3.35348649e-01
 -4.49593382e-01
 -5.72444019e-01
 -7.01611505e-01
 -8.34446508e-01
 -9.68033795e-01
 -1.09932559e+00
 -1.22530400e+00
 -1.34315743e+00
 -1.45045312e+00
 -1.54528699e+00
 -1.62639470e+00
 -1.69321209e+00
 -1.74587967e+00
 -1.78519255e+00
 -1.81250296e+00
 -1.82958745e+00
 -1.83849274e+00
 -1.84137469e+00
 -1.84034284e+00
 -1.83732044e+00
 -1.83392642e+00
 -1.83138289e+00
 -1.83044923e+00
 6.73077758e-02
 5.99156176e-02
 3.77698568e-02
 9.55313165e-04
 -5.03735944e-02
 -1.15923106e-01
 -1.95175338e-01
 -2.87321878e-01
 -3.91209395e-01
 -5.05294297e-01
 -6.27619355e-01
 -7.55826060e-01
 -8.87209999e-01
 -1.01881992e+00
 -1.14759523e+00
 -1.27053103e+00
 -1.38485523e+00
 -1.48819956e+00
 -1.57874602e+00
 -1.65533282e+00
 -1.71750876e+00
 -1.76553118e+00
 -1.80030973e+00
 -1.82330359e+00
 -1.83638472e+00
 -1.84168126e+00
 -1.84141548e+00
 -1.83774872e+00
 -1.83264269e+00
 -1.82774333e+00
 -1.82429018e+00
 -1.82305228e+00
 1.75667283e-02
 1.02268066e-02
 -1.18478206e-02
 -4.87205667e-02
 -1.00281210e-01
 -1.66159161e-01
 -2.45722647e-01
 -3.38063535e-01
 -4.41945470e-01
 -5.55750329e-01
 -6.77452293e-01
 -8.04632673e-01
 -9.34539799e-01
 -1.06419276e+00
 -1.19052268e+00
 -1.31053991e+00
 -1.42151159e+00
 -1.52113106e+00
 -1.60766098e+00
 -1.68003449e+00
 -1.73790396e+00
 -1.78163302e+00
 -1.81223474e+00
 -1.83126416e+00
 -1.84067811e+00
 -1.84267648e+00
 -1.83953955e+00
 -1.83347339e+00
 -1.82647253e+00
 -1.82020559e+00
 -1.81592663e+00
 -1.81441263e+00
 -2.48938151e-02
 -3.24419667e-02
 -5.50442600e-02
 -9.25471545e-02
 -1.44661494e-01
 -2.10950640e-01
 -2.90775719e-01
 -3.83214331e-01
 -4.86991757e-01
 -6.00436710e-01
 -7.21466818e-01
 -8.47611922e-01
 -9.76080215e-01
 -1.10386664e+00
 -1.22789752e+00
 -1.34519949e+00
 -1.45307714e+00
 -1.54928094e+00
 -1.63214710e+00
 -1.70069451e+00
 -1.75466824e+00
 -1.79452643e+00
 -1.82137343e+00
 -1.83684840e+00
 -1.84298199e+00
 -1.84203611e+00
 -1.83634064e+00
 -1.82813949e+00
 -1.81945456e+00
 -1.81197318e+00
 -1.80696124e+00
 -1.80520222e+00
 -6.19424265e-02
 -6.97112351e-02
 -9.28134482e-02
 -1.30821793e-01
 -1.83319578e-01
 -2.49865338e-01
 -3.29827904e-01
 -4.22266881e-01
 -5.25869332e-01
 -6.38916023e-01
 -7.59275054e-01
 -8.84431980e-01
 -1.01156135e+00
 -1.13763871e+00
 -1.25958827e+00
 -1.37445263e+00
 -1.47957083e+00
 -1.57274439e+00
 -1.65237456e+00
 -1.71755523e+00
 -1.76811213e+00
 -1.80458499e+00
 -1.82815661e+00
 -1.84053787e+00
 -1.84382207e+00
 -1.84032326e+00
 -1.83241275e+00
 -1.82236570e+00
 -1.81222634e+00
 -1.80369707e+00
 -1.79805310e+00
 -1.79608289e+00
 -9.52600389e-02
 -1.02877366e-01
 -1.25671900e-01
 -1.63453928e-01
 -2.15884154e-01
 -2.82450390e-01
 -3.62423241e-01
 -4.54789770e-01
 -5.58182699e-01
 -6.70835294e-01
 -7.90571740e-01
 -9.14840141e-01
 -1.04078781e+00
 -1.16537495e+00
 -1.28552570e+00
 -1.39829713e+00
 -1.50105853e+00
 -1.59165502e+00
 -1.66854308e+00
 -1.73087959e+00
 -1.77855786e+00
 -1.81218538e+00
 -1.83300995e+00
 -1.84280139e+00
 -1.84370438e+00
 -1.83807527e+00
 -1.82831884e+00
 -1.81673528e+00
 -1.80538642e+00
 -1.79598631e+00
 -1.78981734e+00
 -1.78767175e+00
 -1.21909995e-01
 -1.29387708e-01
 -1.51876181e-01
 -1.89402581e-01
 -2.41712004e-01
 -3.08235018e-01
 -3.88165223e-01
 -4.80431285e-01
 -5.83618873e-01
 -6.95921247e-01
 -8.15126300e-01
 -9.38652106e-01
 -1.06362543e+00
 -1.18699450e+00
 -1.30568498e+00
 -1.41676570e+00
 -1.51763111e+00
 -1.60616124e+00
 -1.68085689e+00
 -1.74092489e+00
 -1.78631216e+00
 -1.81767940e+00
 -1.83632560e+00
 -1.84406638e+00
 -1.84308655e+00
 -1.83577496e+00
 -1.82456224e+00
 -1.81176764e+00
 -1.79946623e+00
 -1.78938064e+00
 -1.78279854e+00
 -1.78051496e+00
 -1.40597559e-01
 -1.48046434e-01
 -1.70515421e-01
 -2.08056105e-01
 -2.60366852e-01
 -3.26868756e-01
 -4.06752547e-01
 -4.98926216e-01
 -6.01944804e-01
 -7.13973524e-01
 -8.32773338e-01
 -9.55740364e-01
 -1.07998761e+00
 -1.20245415e+00
 -1.32006826e+00
 -1.42990693e+00
 -1.52938390e+00
 -1.61640433e+00
 -1.68950175e+00
 -1.74791884e+00
 -1.79164172e+00
 -1.82136904e+00
 -1.83843697e+00
 -1.84469350e+00
 -1.84235255e+00
 -1.83382559e+00
 -1.82156175e+00
 -1.80789373e+00
 -1.79490587e+00
 -1.78432638e+00
 -1.77744654e+00
 -1.77506352e+00
 -1.51445336e-01
 -1.58976751e-01
 -1.81623977e-01
 -2.19287863e-01
 -2.71637519e-01
 -3.38131422e-01
 -4.17982214e-01
 -5.10093081e-01
 -6.13001487e-01
 -7.24856686e-01
 -8.43403025e-01
 -9.66023179e-01
 -1.08982264e+00
 -1.21173436e+00
 -1.32868923e+00
 -1.43776866e+00
 -1.53639881e+00
 -1.62249976e+00
 -1.69462529e+00
 -1.75203951e+00
 -1.79475258e+00
 -1.82348571e+00
 -1.83959784e+00
 -1.84495599e+00
 -1.84179198e+00
 -1.83253034e+00
 -1.81963154e+00
 -1.80543609e+00
 -1.79203412e+00
 -1.78115674e+00
 -1.77409708e+00
 -1.77165394e+00
 -1.54977000e-01
 -1.62577148e-01
 -1.85323310e-01
 -2.23041703e-01
 -2.75407768e-01
 -3.41899043e-01
 -4.21738015e-01
 -5.13826813e-01
 -6.16697044e-01
 -7.28492859e-01
 -8.46952985e-01
 -9.69455547e-01
 -1.09310372e+00
 -1.21482825e+00
 -1.33156114e+00
 -1.44038512e+00
 -1.53873070e+00
 -1.62452286e+00
 -1.69632226e+00
 -1.75340013e+00
 -1.79577474e+00
 -1.82417475e+00
 -1.83996683e+00
 -1.84502420e+00
 -1.84158479e+00
 -1.83207733e+00
 -1.81896618e+00
 -1.80459435e+00
 -1.79105400e+00
 -1.78007710e+00
 -1.77295735e+00
 -1.77049400e+00
