   0.0000000e+00
   1.5873016e-01
   3.1746032e-01
   4.7619048e-01
   6.3492063e-01
   7.9365079e-01
   9.5238095e-01
   1.1111111e+00
   1.2698413e+00
   1.4285714e+00
   1.5873016e+00
   1.7460317e+00
   1.9047619e+00
   2.0634921e+00
   2.2222222e+00
   2.3809524e+00
   2.5396825e+00
   2.6984127e+00
   2.8571429e+00
   3.0158730e+00
   3.1746032e+00
   3.3333333e+00
   3.4920635e+00
   3.6507937e+00
   3.8095238e+00
   3.9682540e+00
   4.1269841e+00
   4.2857143e+00
   4.4444444e+00
   4.6031746e+00
   4.7619048e+00
   4.9206349e+00
   5.0793651e+00
   5.2380952e+00
   5.3968254e+00
   5.5555556e+00
   5.7142857e+00
   5.8730159e+00
   6.0317460e+00
   6.1904762e+00
   6.3492063e+00
   6.5079365e+00
   6.6666667e+00
   6.8253968e+00
   6.9841270e+00
   7.1428571e+00
   7.3015873e+00
   7.4603175e+00
   7.6190476e+00
   7.7777778e+00
   7.9365079e+00
   8.0952381e+00
   8.2539683e+00
   8.4126984e+00
   8.5714286e+00
   8.7301587e+00
   8.8888889e+00
   9.0476190e+00
   9.2063492e+00
   9.3650794e+00
   9.5238095e+00
   9.6825397e+00
   9.8412698e+00
   1.0000000e+01
