   0.0000000e+00
   1.5748031e-01
   3.1496063e-01
   4.7244094e-01
   6.2992126e-01
   7.8740157e-01
   9.4488189e-01
   1.1023622e+00
   1.2598425e+00
   1.4173228e+00
   1.5748031e+00
   1.7322835e+00
   1.8897638e+00
   2.0472441e+00
   2.2047244e+00
   2.3622047e+00
   2.5196850e+00
   2.6771654e+00
   2.8346457e+00
   2.9921260e+00
   3.1496063e+00
   3.3070866e+00
   3.4645669e+00
   3.6220472e+00
   3.7795276e+00
   3.9370079e+00
   4.0944882e+00
   4.2519685e+00
   4.4094488e+00
   4.5669291e+00
   4.7244094e+00
   4.8818898e+00
   5.0393701e+00
   5.1968504e+00
   5.3543307e+00
   5.5118110e+00
   5.6692913e+00
   5.8267717e+00
   5.9842520e+00
   6.1417323e+00
   6.2992126e+00
   6.4566929e+00
   6.6141732e+00
   6.7716535e+00
   6.9291339e+00
   7.0866142e+00
   7.2440945e+00
   7.4015748e+00
   7.5590551e+00
   7.7165354e+00
   7.8740157e+00
   8.0314961e+00
   8.1889764e+00
   8.3464567e+00
   8.5039370e+00
   8.6614173e+00
   8.8188976e+00
   8.9763780e+00
   9.1338583e+00
   9.2913386e+00
   9.4488189e+00
   9.6062992e+00
   9.7637795e+00
   9.9212598e+00
   1.0078740e+01
   1.0236220e+01
   1.0393701e+01
   1.0551181e+01
   1.0708661e+01
   1.0866142e+01
   1.1023622e+01
   1.1181102e+01
   1.1338583e+01
   1.1496063e+01
   1.1653543e+01
   1.1811024e+01
   1.1968504e+01
   1.2125984e+01
   1.2283465e+01
   1.2440945e+01
   1.2598425e+01
   1.2755906e+01
   1.2913386e+01
   1.3070866e+01
   1.3228346e+01
   1.3385827e+01
   1.3543307e+01
   1.3700787e+01
   1.3858268e+01
   1.4015748e+01
   1.4173228e+01
   1.4330709e+01
   1.4488189e+01
   1.4645669e+01
   1.4803150e+01
   1.4960630e+01
   1.5118110e+01
   1.5275591e+01
   1.5433071e+01
   1.5590551e+01
   1.5748031e+01
   1.5905512e+01
   1.6062992e+01
   1.6220472e+01
   1.6377953e+01
   1.6535433e+01
   1.6692913e+01
   1.6850394e+01
   1.7007874e+01
   1.7165354e+01
   1.7322835e+01
   1.7480315e+01
   1.7637795e+01
   1.7795276e+01
   1.7952756e+01
   1.8110236e+01
   1.8267717e+01
   1.8425197e+01
   1.8582677e+01
   1.8740157e+01
   1.8897638e+01
   1.9055118e+01
   1.9212598e+01
   1.9370079e+01
   1.9527559e+01
   1.9685039e+01
   1.9842520e+01
   2.0000000e+01
