Node_i, Node_x, Node_y,sol_analytic,sol_PDDS,err
0,1,0,2.17074,2.17074,0
1,1,0.1,2.36941,2.36491,0.00189958
2,1,0.2,2.56016,2.53117,0.0113208
3,1,0.3,2.73538,2.73977,0.00160594
4,1,0.4,2.88809,2.89789,0.00339339
5,1,0.5,3.01221,3.04442,0.0106945
6,1,0.6,3.10278,3.07404,0.00925981
7,1,0.7,3.15619,3.16724,0.00350347
8,1,0.8,3.17031,3.17877,0.00266739
9,1,0.9,3.14458,3.1558,0.00356712
10,1,1,3.08003,3.07211,0.00257319
11,1,1.1,2.97923,2.96706,0.00408617
12,1,1.2,2.8462,2.84178,0.00155162
13,1,1.3,2.68624,2.71035,0.00897478
14,1,1.4,2.50573,2.53326,0.0109882
15,1,1.5,2.31186,2.34978,0.0164024
16,1,1.6,2.11236,2.07544,0.0174782
17,1,1.7,1.9152,1.88664,0.0149077
18,1,1.8,1.72822,1.70493,0.0134739
19,1,1.9,1.55888,1.57482,0.0102242
20,1,2,1.41393,1.40481,0.00645438
21,1,2.1,1.29916,1.30556,0.00492726
22,1,2.2,1.21914,1.19405,0.0205778
23,1,2.3,1.17705,1.1845,0.00633354
24,1,2.4,1.17457,1.15986,0.0125243
25,1,2.5,1.21181,1.21153,0.000229504
26,1,2.6,1.28728,1.28893,0.00127786
27,1,2.7,1.39797,1.38675,0.00803008
28,1,2.8,1.53947,1.50693,0.0211357
29,1,2.9,1.70613,1.69126,0.00871809
30,1,3,1.89132,1.86825,0.0121957
31,1,3.1,2.08765,2.06457,0.0110549
32,1,3.2,2.28729,2.29948,0.0053317
33,1,3.3,2.48228,2.44343,0.0156506
34,1,3.4,2.66485,2.67767,0.00481078
35,1,3.5,2.82772,2.79716,0.0108084
36,1,3.6,2.9644,2.97374,0.00315073
37,1,3.7,3.06944,3.05844,0.00358438
38,1,3.8,3.13866,3.14051,0.000590073
39,1,3.9,3.16928,3.15926,0.00316161
40,1,4,3.1601,3.14491,0.0048058
41,1,4.1,3.11147,3.11846,0.00224575
42,1,4.2,3.02534,3.00639,0.00626266
43,1,4.3,2.90513,2.89798,0.00246401
44,1,4.4,2.75565,2.77091,0.00553536
45,1,4.5,2.58286,2.58066,0.000851265
46,1,4.6,2.39363,2.42003,0.0110298
47,1,4.7,2.19551,2.2074,0.00541219
48,1,4.8,1.99641,2.00072,0.00215858
49,1,4.9,1.80426,1.806,0.000963976
50,1,5,1.62672,1.62672,0
51,2,0,1.11001,1.11001,0
52,2,0.1,1.30868,1.31328,0.00352105
53,2,0.2,1.49943,1.51526,0.0105626
54,2,0.3,1.67465,1.65747,0.0102597
55,2,0.4,1.82736,1.83151,0.00226942
56,2,0.5,1.95148,1.94542,0.00310565
57,2,0.6,2.04205,2.05359,0.00565105
58,2,0.7,2.09546,2.10771,0.00584561
59,2,0.8,2.10958,2.10998,0.000188173
60,2,0.9,2.08385,2.10043,0.00795486
61,2,1,2.0193,2.0278,0.00420777
62,2,1.1,1.9185,1.91723,0.000662811
63,2,1.2,1.78547,1.77962,0.00327482
64,2,1.3,1.62551,1.6244,0.000683571
65,2,1.4,1.445,1.43275,0.00847247
66,2,1.5,1.25113,1.25633,0.0041577
67,2,1.6,1.05163,1.05178,0.000135914
68,2,1.7,0.854466,0.873296,0.0220368
69,2,1.8,0.667487,0.631105,0.0545055
70,2,1.9,0.498149,0.476116,0.0442298
71,2,2,0.353205,0.323864,0.08307
72,2,2.1,0.238432,0.210441,0.117395
73,2,2.2,0.158405,0.155182,0.0203511
74,2,2.3,0.116316,0.0701032,0.397306
75,2,2.4,0.113843,0.112612,0.0108094
76,2,2.5,0.151083,0.120687,0.201185
77,2,2.6,0.226552,0.213323,0.0583933
78,2,2.7,0.337242,0.309298,0.0828611
79,2,2.8,0.47874,0.453538,0.0526407
80,2,2.9,0.645404,0.608368,0.0573836
81,2,3,0.83059,0.785152,0.0547056
82,2,3.1,1.02692,0.99865,0.0275265
83,2,3.2,1.22656,1.18581,0.0332211
84,2,3.3,1.42155,1.41714,0.00310127
85,2,3.4,1.60412,1.62266,0.0115581
86,2,3.5,1.76699,1.72563,0.0234113
87,2,3.6,1.90367,1.88779,0.00834363
88,2,3.7,2.00871,2.01052,0.000896244
89,2,3.8,2.07793,2.0523,0.0123307
90,2,3.9,2.10855,2.09645,0.00574057
91,2,4,2.09937,2.09377,0.00266451
92,2,4.1,2.05074,2.04483,0.00288069
93,2,4.2,1.96461,1.94945,0.00771593
94,2,4.3,1.8444,1.86827,0.012938
95,2,4.4,1.69493,1.6704,0.014468
96,2,4.5,1.52213,1.54714,0.0164309
97,2,4.6,1.3329,1.35648,0.0176941
98,2,4.7,1.13478,1.12755,0.00637297
99,2,4.8,0.935682,0.940781,0.00544931
100,2,4.9,0.74353,0.762678,0.0257525
101,2,5,0.565988,0.565988,0
102,3,0,1.8892,1.8892,0
103,3,0.1,2.08787,2.06617,0.0103955
104,3,0.2,2.27862,2.28723,0.00377546
105,3,0.3,2.45385,2.48886,0.0142679
106,3,0.4,2.60656,2.57692,0.0113729
107,3,0.5,2.73067,2.74726,0.00607415
108,3,0.6,2.82124,2.827,0.00204028
109,3,0.7,2.87465,2.92107,0.016146
110,3,0.8,2.88878,2.92441,0.0123334
111,3,0.9,2.86305,2.88461,0.00752883
112,3,1,2.7985,2.82488,0.00942778
113,3,1.1,2.6977,2.67543,0.00825366
114,3,1.2,2.56467,2.59272,0.0109394
115,3,1.3,2.40471,2.4167,0.00498757
116,3,1.4,2.22419,2.25427,0.0135224
117,3,1.5,2.03032,2.03971,0.00462247
118,3,1.6,1.83083,1.77503,0.0304787
119,3,1.7,1.63366,1.63269,0.000595367
120,3,1.8,1.44668,1.44483,0.00127772
121,3,1.9,1.27735,1.26541,0.00934639
122,3,2,1.1324,1.12509,0.0064544
123,3,2.1,1.01763,1.02603,0.00825328
124,3,2.2,0.937602,0.931889,0.00609382
125,3,2.3,0.895513,0.920047,0.0273958
126,3,2.4,0.893039,0.895846,0.00314255
127,3,2.5,0.93028,0.950468,0.0217013
128,3,2.6,1.00575,1.04827,0.0422744
129,3,2.7,1.11644,1.07363,0.038347
130,3,2.8,1.25794,1.27304,0.0120034
131,3,2.9,1.4246,1.3859,0.0271681
132,3,3,1.60979,1.61077,0.000613602
133,3,3.1,1.80611,1.80603,4.65982e-05
134,3,3.2,2.00575,2.00927,0.00175294
135,3,3.3,2.20074,2.24341,0.019386
136,3,3.4,2.38332,2.35735,0.0108955
137,3,3.5,2.54619,2.53549,0.00420254
138,3,3.6,2.68287,2.7141,0.0116408
139,3,3.7,2.78791,2.80351,0.00559438
140,3,3.8,2.85712,2.836,0.00739241
141,3,3.9,2.88775,2.90712,0.00670941
142,3,4,2.87856,2.92287,0.0153922
143,3,4.1,2.82993,2.83683,0.00243732
144,3,4.2,2.7438,2.76472,0.00762316
145,3,4.3,2.6236,2.63964,0.00611368
146,3,4.4,2.47412,2.48685,0.00514579
147,3,4.5,2.30132,2.33449,0.0144126
148,3,4.6,2.1121,2.1226,0.00497586
149,3,4.7,1.91398,1.93794,0.0125193
150,3,4.8,1.71488,1.70126,0.00794101
151,3,4.9,1.52273,1.50399,0.0123075
152,3,5,1.34518,1.34518,0
153,4,0,3.06017,3.06017,0
154,4,0.1,3.25884,3.24874,0.00309959
155,4,0.2,3.44959,3.47209,0.00652211
156,4,0.3,3.62481,3.66927,0.0122636
157,4,0.4,3.77753,3.78444,0.00183034
158,4,0.5,3.90164,3.94729,0.0116987
159,4,0.6,3.99221,4.01503,0.00571512
160,4,0.7,4.04562,4.06182,0.00400317
161,4,0.8,4.05974,4.0856,0.00636853
162,4,0.9,4.03402,4.06547,0.00779603
163,4,1,3.96947,4.00878,0.00990405
164,4,1.1,3.86867,3.90179,0.00856304
165,4,1.2,3.73563,3.75629,0.00553037
166,4,1.3,3.57567,3.62793,0.0146147
167,4,1.4,3.39516,3.42304,0.00821182
168,4,1.5,3.20129,3.19405,0.00226265
169,4,1.6,3.0018,3.03285,0.0103445
170,4,1.7,2.80463,2.78703,0.006274
171,4,1.8,2.61765,2.60096,0.0063765
172,4,1.9,2.44831,2.46589,0.00717784
173,4,2,2.30337,2.32549,0.00960602
174,4,2.1,2.18859,2.23652,0.0218979
175,4,2.2,2.10857,2.12288,0.00678925
176,4,2.3,2.06648,2.08667,0.00977105
177,4,2.4,2.06401,2.09575,0.0153807
178,4,2.5,2.10125,2.13444,0.0157996
179,4,2.6,2.17671,2.20623,0.0135605
180,4,2.7,2.2874,2.34018,0.0230709
181,4,2.8,2.4289,2.47743,0.0199799
182,4,2.9,2.59557,2.65842,0.0242142
183,4,3,2.78075,2.88519,0.0375554
184,4,3.1,2.97708,3.06737,0.0303278
185,4,3.2,3.17672,3.26105,0.0265464
186,4,3.3,3.37171,3.44413,0.0214785
187,4,3.4,3.55428,3.6247,0.0198121
188,4,3.5,3.71716,3.74452,0.00736097
189,4,3.6,3.85384,3.85428,0.000114698
190,4,3.7,3.95888,3.97261,0.00346919
191,4,3.8,4.02809,4.04767,0.00486119
192,4,3.9,4.05871,4.08522,0.00653169
193,4,4,4.04953,4.07121,0.00535321
194,4,4.1,4.0009,4.01916,0.00456266
195,4,4.2,3.91477,3.90495,0.00250723
196,4,4.3,3.79457,3.81588,0.00561764
197,4,4.4,3.64509,3.63138,0.0037611
198,4,4.5,3.47229,3.43925,0.00951528
199,4,4.6,3.28306,3.27768,0.00163811
200,4,4.7,3.08495,3.1296,0.0144738
201,4,4.8,2.88584,2.87674,0.0031557
202,4,4.9,2.69369,2.71477,0.00782516
203,4,5,2.51615,2.51615,0
204,0,1,4.0093,4.0093,0
205,0.1,1,3.99807,3.9962,0.000468421
206,0.2,1,3.96463,3.967,0.000597575
207,0.3,1,3.90974,3.90416,0.00142951
208,0.4,1,3.83463,3.80551,0.00759431
209,0.5,1,3.74099,3.73939,0.000426682
210,0.6,1,3.63091,3.66954,0.0106401
211,0.7,1,3.50687,3.51034,0.000991307
212,0.8,1,3.37165,3.37526,0.00106875
213,0.9,1,3.2283,3.22453,0.00116909
214,1.1,1,2.93018,2.94078,0.00361984
215,1.2,1,2.7821,2.79622,0.00507543
216,1.3,1,2.63912,2.65731,0.00689559
217,1.4,1,2.50445,2.52778,0.00931426
218,1.5,1,2.38112,2.37603,0.00213995
219,1.6,1,2.2719,2.27012,0.000786437
220,1.7,1,2.17924,2.17069,0.00392444
221,1.8,1,2.10523,2.1439,0.018373
222,1.9,1,2.05151,2.0787,0.0132529
223,2.1,1,2.00933,2.03955,0.0150378
224,2.2,1,2.02182,2.02561,0.00187627
225,2.3,1,2.05648,2.05643,2.28393e-05
226,2.4,1,2.11254,2.10618,0.00300893
227,2.5,1,2.18874,2.19668,0.00363041
228,2.6,1,2.28336,2.29356,0.00446658
229,2.7,1,2.39429,2.42876,0.0143946
230,2.8,1,2.51904,2.5284,0.00371801
231,2.9,1,2.65479,2.67561,0.00784312
232,3.1,1,2.94695,2.93681,0.00344147
233,3.2,1,3.0968,3.14638,0.0160121
234,3.3,1,3.24468,3.28355,0.0119811
235,3.4,1,3.38727,3.40314,0.00468401
236,3.5,1,3.52138,3.53849,0.00485926
237,3.6,1,3.64399,3.66187,0.00490677
238,3.7,1,3.75234,3.79319,0.0108856
239,3.8,1,3.84401,3.88233,0.00996946
240,3.9,1,3.91693,3.96003,0.0110029
241,4.1,1,4.00044,4.01656,0.00402966
242,4.2,1,4.00916,4.03485,0.00640857
243,4.3,1,3.99542,4.01875,0.00584121
244,4.4,1,3.95953,4.00431,0.0113097
245,4.5,1,3.9023,3.88671,0.00399567
246,4.6,1,3.82502,3.84331,0.00478199
247,4.7,1,3.72942,3.73268,0.000874422
248,4.8,1,3.61765,3.62322,0.00153946
249,4.9,1,3.49221,3.47957,0.00362044
250,5,1,3.35593,3.35593,0
251,0,2,2.3432,2.3432,0
252,0.1,2,2.33197,2.3416,0.00413189
253,0.2,2,2.29853,2.28898,0.00415559
254,0.3,2,2.24364,2.23832,0.00237511
255,0.4,2,2.16853,2.18985,0.00983213
256,0.5,2,2.07489,2.04651,0.013676
257,0.6,2,1.96481,1.99114,0.0134037
258,0.7,2,1.84077,1.81203,0.0156138
259,0.8,2,1.70556,1.66514,0.0236982
260,0.9,2,1.5622,1.57186,0.00617877
261,1.1,2,1.26408,1.24456,0.0154376
262,1.2,2,1.116,1.12615,0.00910353
263,1.3,2,0.973017,0.970333,0.00275812
264,1.4,2,0.838351,0.783278,0.0656928
265,1.5,2,0.715024,0.717335,0.00323297
266,1.6,2,0.605804,0.616302,0.0173294
267,1.7,2,0.513144,0.498424,0.0286864
268,1.8,2,0.439125,0.452753,0.031034
269,1.9,2,0.38541,0.353062,0.0839316
270,2.1,2,0.343233,0.330807,0.0362012
271,2.2,2,0.355718,0.346108,0.0270158
272,2.3,2,0.390379,0.361905,0.0729407
273,2.4,2,0.446439,0.423739,0.0508469
274,2.5,2,0.522638,0.549047,0.0505318
275,2.6,2,0.617265,0.616271,0.0016096
276,2.7,2,0.728194,0.729886,0.00232241
277,2.8,2,0.852936,0.821123,0.0372974
278,2.9,2,0.988687,0.994367,0.00574514
279,3.1,2,1.28085,1.28707,0.00485931
280,3.2,2,1.4307,1.46571,0.0244708
281,3.3,2,1.57858,1.53338,0.0286308
282,3.4,2,1.72117,1.70922,0.0069455
283,3.5,2,1.85528,1.86696,0.00629477
284,3.6,2,1.97789,1.9995,0.010926
285,3.7,2,2.08624,2.11243,0.0125521
286,3.8,2,2.17791,2.21008,0.0147695
287,3.9,2,2.25083,2.26926,0.00818745
288,4.1,2,2.33434,2.33716,0.00120887
289,4.2,2,2.34306,2.35262,0.00408121
290,4.3,2,2.32932,2.41492,0.0367525
291,4.4,2,2.29343,2.31703,0.0102908
292,4.5,2,2.2362,2.29595,0.0267155
293,4.6,2,2.15892,2.13069,0.0130753
294,4.7,2,2.06332,2.05542,0.0038282
295,4.8,2,1.95155,1.96441,0.00658814
296,4.9,2,1.82611,1.81277,0.00730872
297,5,2,1.68983,1.68983,0
298,0,3,2.82058,2.82058,0
299,0.1,3,2.80936,2.7995,0.00350649
300,0.2,3,2.77592,2.75776,0.00654193
301,0.3,3,2.72103,2.72232,0.000475079
302,0.4,3,2.64592,2.63535,0.00399386
303,0.5,3,2.55227,2.51052,0.0163584
304,0.6,3,2.44219,2.46622,0.00983686
305,0.7,3,2.31816,2.28457,0.0144872
306,0.8,3,2.18294,2.13295,0.0229012
307,0.9,3,2.03959,2.00271,0.0180809
308,1.1,3,1.74146,1.72982,0.00668825
309,1.2,3,1.59338,1.57239,0.0131729
310,1.3,3,1.4504,1.41716,0.0229175
311,1.4,3,1.31574,1.32865,0.00981271
312,1.5,3,1.19241,1.13589,0.0473981
313,1.6,3,1.08319,1.0825,0.000642054
314,1.7,3,0.990531,0.951378,0.0395273
315,1.8,3,0.916512,0.886317,0.0329457
316,1.9,3,0.862797,0.833241,0.0342557
317,2.1,3,0.82062,0.805188,0.0188052
318,2.2,3,0.833105,0.790751,0.0508382
319,2.3,3,0.867766,0.843476,0.0279912
320,2.4,3,0.923826,0.895987,0.0301346
321,2.5,3,1.00002,0.964102,0.0359215
322,2.6,3,1.09465,1.0648,0.0272715
323,2.7,3,1.20558,1.21556,0.00827873
324,2.8,3,1.33032,1.3144,0.0119654
325,2.9,3,1.46607,1.45536,0.00731132
326,3.1,3,1.75824,1.74761,0.00604218
327,3.2,3,1.90808,1.93525,0.0142371
328,3.3,3,2.05597,2.04733,0.0041993
329,3.4,3,2.19856,2.28669,0.0400839
330,3.5,3,2.33267,2.36103,0.0121603
331,3.6,3,2.45528,2.54534,0.0366801
332,3.7,3,2.56363,2.59031,0.010408
333,3.8,3,2.6553,2.68916,0.0127546
334,3.9,3,2.72822,2.80969,0.0298615
335,4.1,3,2.81173,2.89641,0.0301185
336,4.2,3,2.82044,2.86484,0.0157425
337,4.3,3,2.8067,2.84255,0.0127705
338,4.4,3,2.77082,2.77307,0.000813912
339,4.5,3,2.71359,2.71872,0.00189006
340,4.6,3,2.63631,2.64267,0.00241067
341,4.7,3,2.54071,2.5458,0.00200216
342,4.8,3,2.42894,2.46259,0.0138557
343,4.9,3,2.3035,2.30717,0.00159467
344,5,3,2.16722,2.16722,0
345,0,4,4.08936,4.08936,0
346,0.1,4,4.07813,4.086,0.00192985
347,0.2,4,4.04469,4.04431,9.40778e-05
348,0.3,4,3.98981,3.99543,0.00140883
349,0.4,4,3.91469,3.92568,0.0028068
350,0.5,4,3.82105,3.82108,8.29869e-06
351,0.6,4,3.71097,3.71502,0.00109143
352,0.7,4,3.58693,3.57666,0.00286367
353,0.8,4,3.45172,3.46134,0.00278811
354,0.9,4,3.30836,3.31121,0.000859524
355,1.1,4,3.01024,3.01782,0.00251983
356,1.2,4,2.86216,2.83989,0.00778059
357,1.3,4,2.71918,2.73577,0.00610107
358,1.4,4,2.58451,2.53713,0.0183317
359,1.5,4,2.46118,2.46686,0.00230738
360,1.6,4,2.35196,2.35423,0.000963522
361,1.7,4,2.2593,2.2416,0.00783742
362,1.8,4,2.18529,2.17866,0.00303412
363,1.9,4,2.13157,2.1283,0.00153471
364,2.1,4,2.08939,2.07448,0.00713649
365,2.2,4,2.10188,2.11584,0.0066423
366,2.3,4,2.13654,2.10211,0.0161137
367,2.4,4,2.1926,2.18825,0.00198327
368,2.5,4,2.2688,2.27065,0.000818198
369,2.6,4,2.36343,2.35714,0.00266037
370,2.7,4,2.47436,2.53258,0.0235297
371,2.8,4,2.5991,2.6088,0.00373374
372,2.9,4,2.73485,2.76921,0.0125659
373,3.1,4,3.02701,3.02138,0.00186071
374,3.2,4,3.17686,3.18566,0.00276982
375,3.3,4,3.32474,3.31186,0.00387502
376,3.4,4,3.46734,3.52302,0.0160592
377,3.5,4,3.60144,3.65442,0.0147108
378,3.6,4,3.72405,3.75464,0.00821285
379,3.7,4,3.8324,3.8317,0.000184954
380,3.8,4,3.92407,3.90828,0.00402406
381,3.9,4,3.99699,4.01482,0.00446131
382,4.1,4,4.0805,4.09781,0.00424169
383,4.2,4,4.08922,4.10795,0.00458085
384,4.3,4,4.07548,4.11465,0.0096118
385,4.4,4,4.03959,4.05387,0.00353556
386,4.5,4,3.98236,3.95773,0.00618676
387,4.6,4,3.90508,3.87522,0.00764797
388,4.7,4,3.80948,3.79229,0.00451448
389,4.8,4,3.69771,3.6917,0.00162418
390,4.9,4,3.57228,3.57637,0.00114748
391,5,4,3.43599,3.43599,0
