-3
-2.94
-2.88
-2.82
-2.76
-2.7
-2.64
-2.58
-2.52
-2.46
-2.4
-2.34
-2.28
-2.22
-2.16
-2.1
-2.04
-1.98
-1.92
-1.86
-1.8
-1.74
-1.68
-1.62
-1.56
-1.5
-1.44
-1.38
-1.32
-1.26
-1.2
-1.14
-1.08
-1.02
-0.96
-0.9
-0.84
-0.78
-0.72
-0.66
-0.6
-0.54
-0.48
-0.42
-0.36
-0.3
-0.24
-0.18
-0.12
-0.0600002
0
0.0599999
0.12
0.18
0.24
0.3
0.36
0.42
0.48
0.54
0.6
0.66
0.72
0.78
0.84
0.9
0.96
1.02
1.08
1.14
1.2
1.26
1.32
1.38
1.44
1.5
1.56
1.62
1.68
1.74
1.8
1.86
1.92
1.98
2.04
2.1
2.16
2.22
2.28
2.34
2.4
2.46
2.52
2.58
2.64
2.7
2.76
2.82
2.88
2.94
3
