0.000000e+00
2.565338e-03
1.023503e-02
2.293037e-02
4.052109e-02
6.282669e-02
8.961828e-02
1.206209e-01
1.555165e-01
1.939470e-01
2.355180e-01
2.798029e-01
3.263474e-01
3.746737e-01
4.242861e-01
4.746754e-01
5.253246e-01
5.757139e-01
6.253263e-01
6.736526e-01
7.201971e-01
7.644820e-01
8.060530e-01
8.444835e-01
8.793791e-01
9.103817e-01
9.371733e-01
9.594789e-01
9.770696e-01
9.897650e-01
9.974347e-01
1.000000e+00
1.002565e+00
1.010235e+00
1.022930e+00
1.040521e+00
1.062827e+00
1.089618e+00
1.120621e+00
1.155517e+00
1.193947e+00
1.235518e+00
1.279803e+00
1.326347e+00
1.374674e+00
1.424286e+00
1.474675e+00
1.525325e+00
1.575714e+00
1.625326e+00
1.673653e+00
1.720197e+00
1.764482e+00
1.806053e+00
1.844483e+00
1.879379e+00
1.910382e+00
1.937173e+00
1.959479e+00
1.977070e+00
1.989765e+00
1.997435e+00
2.000000e+00
