 2.510604e+00 2.510094e+00 2.512815e+00 2.533897e+00 2.618621e+00 2.908245e+00 3.218372e+00 3.355832e+00 3.419904e+00 3.441676e+00 3.445214e+00
 2.448837e+00 2.458757e+00 2.472577e+00 2.494244e+00 2.575810e+00 2.848818e+00 3.156036e+00 3.299943e+00 3.363966e+00 3.384111e+00 3.386298e+00
 2.358844e+00 2.370989e+00 2.390394e+00 2.410724e+00 2.480309e+00 2.705279e+00 2.974898e+00 3.110575e+00 3.158020e+00 3.164423e+00 3.161983e+00
 2.393509e+00 2.385979e+00 2.376295e+00 2.378863e+00 2.434645e+00 2.597475e+00 2.748295e+00 2.793829e+00 2.782298e+00 2.776705e+00 2.778891e+00
 2.602453e+00 2.593788e+00 2.578512e+00 2.584484e+00 2.643476e+00 2.709538e+00 2.669313e+00 2.551289e+00 2.486086e+00 2.485409e+00 2.492511e+00
 3.041588e+00 3.046259e+00 3.076733e+00 3.138379e+00 3.152751e+00 3.063740e+00 2.851449e+00 2.550912e+00 2.403472e+00 2.376463e+00 2.375621e+00
 3.378471e+00 3.409838e+00 3.474009e+00 3.512196e+00 3.472753e+00 3.353662e+00 3.130660e+00 2.751895e+00 2.485358e+00 2.399007e+00 2.382278e+00
 3.507747e+00 3.518733e+00 3.568618e+00 3.607457e+00 3.583158e+00 3.495514e+00 3.310180e+00 2.975679e+00 2.653038e+00 2.510211e+00 2.476820e+00
 3.223366e+00 3.313349e+00 3.491015e+00 3.589363e+00 3.582454e+00 3.537561e+00 3.387130e+00 3.085939e+00 2.785042e+00 2.637468e+00 2.600514e+00
 3.111516e+00 3.232567e+00 3.465011e+00 3.573885e+00 3.536804e+00 3.533555e+00 3.407402e+00 3.115307e+00 2.830872e+00 2.701423e+00 2.674104e+00
 3.126934e+00 3.246339e+00 3.474164e+00 3.574073e+00 3.510162e+00 3.527341e+00 3.408165e+00 3.119079e+00 2.835104e+00 2.712434e+00 2.694310e+00
 3.135628e+00 3.226871e+00 3.439369e+00 3.557420e+00 3.526182e+00 3.520165e+00 3.383778e+00 3.094239e+00 2.837074e+00 2.729739e+00 2.710631e+00
 3.151542e+00 3.207548e+00 3.373405e+00 3.515493e+00 3.533853e+00 3.477465e+00 3.281101e+00 2.998870e+00 2.808135e+00 2.740778e+00 2.729746e+00
 3.149898e+00 3.185992e+00 3.298658e+00 3.417122e+00 3.423929e+00 3.281648e+00 3.011409e+00 2.783004e+00 2.683087e+00 2.676698e+00 2.686776e+00
 3.081078e+00 3.110313e+00 3.177788e+00 3.206352e+00 3.099591e+00 2.865704e+00 2.654414e+00 2.521985e+00 2.484903e+00 2.522592e+00 2.550965e+00
 3.020784e+00 3.039197e+00 3.052218e+00 2.972074e+00 2.756486e+00 2.550965e+00 2.429560e+00 2.370312e+00 2.373591e+00 2.420566e+00 2.449868e+00
 3.066390e+00 3.044628e+00 2.992163e+00 2.854482e+00 2.565060e+00 2.388568e+00 2.342500e+00 2.356529e+00 2.411739e+00 2.478643e+00 2.510668e+00
 2.945315e+00 2.951770e+00 2.947592e+00 2.868722e+00 2.612642e+00 2.415951e+00 2.410166e+00 2.479782e+00 2.577132e+00 2.667964e+00 2.705635e+00
 3.025593e+00 3.020349e+00 3.011087e+00 2.968870e+00 2.792423e+00 2.589850e+00 2.588505e+00 2.687257e+00 2.817357e+00 2.926945e+00 2.967525e+00
 3.118978e+00 3.113125e+00 3.103467e+00 3.072574e+00 2.934952e+00 2.760090e+00 2.766762e+00 2.888157e+00 3.042820e+00 3.152960e+00 3.186680e+00
 3.147768e+00 3.145058e+00 3.140508e+00 3.113297e+00 2.984396e+00 2.824922e+00 2.839021e+00 2.970312e+00 3.130613e+00 3.237110e+00 3.271322e+00
