0 1 
1 1 
2 1 
3 1 
4 1 
5 1 
6 1 
7 1 
8 1 
9 1 
10 0 10 1 10 2 10 3 
11 3 
12 3 
13 3 
14 3 
15 3 
16 3 
17 3 
18 3 
19 3 
20 3 20 5 20 20 20 22 
21 5 
22 5 
23 5 
24 5 
25 5 
26 5 
27 5 
28 5 
29 5 
30 5 30 7 30 40 30 42 
31 7 
32 7 
33 7 
34 7 
35 7 
36 7 
37 7 
38 7 
39 7 
40 7 40 9 40 60 40 62 
41 9 
42 9 
43 9 
44 9 
45 9 
46 9 
47 9 
48 9 
49 9 
50 9 50 11 50 80 50 82 
51 11 
52 11 
53 11 
54 11 
55 11 
56 11 
57 11 
58 11 
59 11 
60 11 60 13 60 100 60 102 
61 13 
62 13 
63 13 
64 13 
65 13 
66 13 
67 13 
68 13 
69 13 
70 13 70 15 70 120 70 122 
71 15 
72 15 
73 15 
74 15 
75 15 
76 15 
77 15 
78 15 
79 15 
80 15 80 17 80 140 80 142 
81 17 
82 17 
83 17 
84 17 
85 17 
86 17 
87 17 
88 17 
89 17 
90 17 90 19 90 160 90 162 
91 19 
92 19 
93 19 
94 19 
95 19 
96 19 
97 19 
98 19 
99 19 
100 19 
101 21 
102 21 
103 21 
104 21 
105 21 
106 21 
107 21 
108 21 
109 21 
110 21 
111 2 111 4 111 21 111 23 
112 23 
113 23 
114 23 
115 23 
116 23 
117 23 
118 23 
119 23 
120 23 
121 22 121 23 121 24 121 25 
122 25 
123 25 
124 25 
125 25 
126 25 
127 25 
128 25 
129 25 
130 25 
131 25 131 27 131 42 131 44 
132 27 
133 27 
134 27 
135 27 
136 27 
137 27 
138 27 
139 27 
140 27 
141 27 141 29 141 62 141 64 
142 29 
143 29 
144 29 
145 29 
146 29 
147 29 
148 29 
149 29 
150 29 
151 29 151 31 151 82 151 84 
152 31 
153 31 
154 31 
155 31 
156 31 
157 31 
158 31 
159 31 
160 31 
161 31 161 33 161 102 161 104 
162 33 
163 33 
164 33 
165 33 
166 33 
167 33 
168 33 
169 33 
170 33 
171 33 171 35 171 122 171 124 
172 35 
173 35 
174 35 
175 35 
176 35 
177 35 
178 35 
179 35 
180 35 
181 35 181 37 181 142 181 144 
182 37 
183 37 
184 37 
185 37 
186 37 
187 37 
188 37 
189 37 
190 37 
191 37 191 39 191 162 191 164 
192 39 
193 39 
194 39 
195 39 
196 39 
197 39 
198 39 
199 39 
200 39 
201 39 
202 41 
203 41 
204 41 
205 41 
206 41 
207 41 
208 41 
209 41 
210 41 
211 41 
212 4 212 6 212 41 212 43 
213 43 
214 43 
215 43 
216 43 
217 43 
218 43 
219 43 
220 43 
221 43 
222 24 222 26 222 43 222 45 
223 45 
224 45 
225 45 
226 45 
227 45 
228 45 
229 45 
230 45 
231 45 
232 44 232 45 232 46 232 47 
233 47 
234 47 
235 47 
236 47 
237 47 
238 47 
239 47 
240 47 
241 47 
242 47 242 49 242 64 242 66 
243 49 
244 49 
245 49 
246 49 
247 49 
248 49 
249 49 
250 49 
251 49 
252 49 252 51 252 84 252 86 
253 51 
254 51 
255 51 
256 51 
257 51 
258 51 
259 51 
260 51 
261 51 
262 51 262 53 262 104 262 106 
263 53 
264 53 
265 53 
266 53 
267 53 
268 53 
269 53 
270 53 
271 53 
272 53 272 55 272 124 272 126 
273 55 
274 55 
275 55 
276 55 
277 55 
278 55 
279 55 
280 55 
281 55 
282 55 282 57 282 144 282 146 
283 57 
284 57 
285 57 
286 57 
287 57 
288 57 
289 57 
290 57 
291 57 
292 57 292 59 292 164 292 166 
293 59 
294 59 
295 59 
296 59 
297 59 
298 59 
299 59 
300 59 
301 59 
302 59 
303 61 
304 61 
305 61 
306 61 
307 61 
308 61 
309 61 
310 61 
311 61 
312 61 
313 6 313 8 313 61 313 63 
314 63 
315 63 
316 63 
317 63 
318 63 
319 63 
320 63 
321 63 
322 63 
323 26 323 28 323 63 323 65 
324 65 
325 65 
326 65 
327 65 
328 65 
329 65 
330 65 
331 65 
332 65 
333 46 333 48 333 65 333 67 
334 67 
335 67 
336 67 
337 67 
338 67 
339 67 
340 67 
341 67 
342 67 
343 66 343 67 343 68 343 69 
344 69 
345 69 
346 69 
347 69 
348 69 
349 69 
350 69 
351 69 
352 69 
353 69 353 71 353 86 353 88 
354 71 
355 71 
356 71 
357 71 
358 71 
359 71 
360 71 
361 71 
362 71 
363 71 363 73 363 106 363 108 
364 73 
365 73 
366 73 
367 73 
368 73 
369 73 
370 73 
371 73 
372 73 
373 73 373 75 373 126 373 128 
374 75 
375 75 
376 75 
377 75 
378 75 
379 75 
380 75 
381 75 
382 75 
383 75 383 77 383 146 383 148 
384 77 
385 77 
386 77 
387 77 
388 77 
389 77 
390 77 
391 77 
392 77 
393 77 393 79 393 166 393 168 
394 79 
395 79 
396 79 
397 79 
398 79 
399 79 
400 79 
401 79 
402 79 
403 79 
404 81 
405 81 
406 81 
407 81 
408 81 
409 81 
410 81 
411 81 
412 81 
413 81 
414 8 414 10 414 81 414 83 
415 83 
416 83 
417 83 
418 83 
419 83 
420 83 
421 83 
422 83 
423 83 
424 28 424 30 424 83 424 85 
425 85 
426 85 
427 85 
428 85 
429 85 
430 85 
431 85 
432 85 
433 85 
434 48 434 50 434 85 434 87 
435 87 
436 87 
437 87 
438 87 
439 87 
440 87 
441 87 
442 87 
443 87 
444 68 444 70 444 87 444 89 
445 89 
446 89 
447 89 
448 89 
449 89 
450 89 
451 89 
452 89 
453 89 
454 88 454 89 454 90 454 91 
455 91 
456 91 
457 91 
458 91 
459 91 
460 91 
461 91 
462 91 
463 91 
464 91 464 93 464 108 464 110 
465 93 
466 93 
467 93 
468 93 
469 93 
470 93 
471 93 
472 93 
473 93 
474 93 474 95 474 128 474 130 
475 95 
476 95 
477 95 
478 95 
479 95 
480 95 
481 95 
482 95 
483 95 
484 95 484 97 484 148 484 150 
485 97 
486 97 
487 97 
488 97 
489 97 
490 97 
491 97 
492 97 
493 97 
494 97 494 99 494 168 494 170 
495 99 
496 99 
497 99 
498 99 
499 99 
500 99 
501 99 
502 99 
503 99 
504 99 
505 101 
506 101 
507 101 
508 101 
509 101 
510 101 
511 101 
512 101 
513 101 
514 101 
515 10 515 12 515 101 515 103 
516 103 
517 103 
518 103 
519 103 
520 103 
521 103 
522 103 
523 103 
524 103 
525 30 525 32 525 103 525 105 
526 105 
527 105 
528 105 
529 105 
530 105 
531 105 
532 105 
533 105 
534 105 
535 50 535 52 535 105 535 107 
536 107 
537 107 
538 107 
539 107 
540 107 
541 107 
542 107 
543 107 
544 107 
545 70 545 72 545 107 545 109 
546 109 
547 109 
548 109 
549 109 
550 109 
551 109 
552 109 
553 109 
554 109 
555 90 555 92 555 109 555 111 
556 111 
557 111 
558 111 
559 111 
560 111 
561 111 
562 111 
563 111 
564 111 
565 110 565 111 565 112 565 113 
566 113 
567 113 
568 113 
569 113 
570 113 
571 113 
572 113 
573 113 
574 113 
575 113 575 115 575 130 575 132 
576 115 
577 115 
578 115 
579 115 
580 115 
581 115 
582 115 
583 115 
584 115 
585 115 585 117 585 150 585 152 
586 117 
587 117 
588 117 
589 117 
590 117 
591 117 
592 117 
593 117 
594 117 
595 117 595 119 595 170 595 172 
596 119 
597 119 
598 119 
599 119 
600 119 
601 119 
602 119 
603 119 
604 119 
605 119 
606 121 
607 121 
608 121 
609 121 
610 121 
611 121 
612 121 
613 121 
614 121 
615 121 
616 12 616 14 616 121 616 123 
617 123 
618 123 
619 123 
620 123 
621 123 
622 123 
623 123 
624 123 
625 123 
626 32 626 34 626 123 626 125 
627 125 
628 125 
629 125 
630 125 
631 125 
632 125 
633 125 
634 125 
635 125 
636 52 636 54 636 125 636 127 
637 127 
638 127 
639 127 
640 127 
641 127 
642 127 
643 127 
644 127 
645 127 
646 72 646 74 646 127 646 129 
647 129 
648 129 
649 129 
650 129 
651 129 
652 129 
653 129 
654 129 
655 129 
656 92 656 94 656 129 656 131 
657 131 
658 131 
659 131 
660 131 
661 131 
662 131 
663 131 
664 131 
665 131 
666 112 666 114 666 131 666 133 
667 133 
668 133 
669 133 
670 133 
671 133 
672 133 
673 133 
674 133 
675 133 
676 132 676 133 676 134 676 135 
677 135 
678 135 
679 135 
680 135 
681 135 
682 135 
683 135 
684 135 
685 135 
686 135 686 137 686 152 686 154 
687 137 
688 137 
689 137 
690 137 
691 137 
692 137 
693 137 
694 137 
695 137 
696 137 696 139 696 172 696 174 
697 139 
698 139 
699 139 
700 139 
701 139 
702 139 
703 139 
704 139 
705 139 
706 139 
707 141 
708 141 
709 141 
710 141 
711 141 
712 141 
713 141 
714 141 
715 141 
716 141 
717 14 717 16 717 141 717 143 
718 143 
719 143 
720 143 
721 143 
722 143 
723 143 
724 143 
725 143 
726 143 
727 34 727 36 727 143 727 145 
728 145 
729 145 
730 145 
731 145 
732 145 
733 145 
734 145 
735 145 
736 145 
737 54 737 56 737 145 737 147 
738 147 
739 147 
740 147 
741 147 
742 147 
743 147 
744 147 
745 147 
746 147 
747 74 747 76 747 147 747 149 
748 149 
749 149 
750 149 
751 149 
752 149 
753 149 
754 149 
755 149 
756 149 
757 94 757 96 757 149 757 151 
758 151 
759 151 
760 151 
761 151 
762 151 
763 151 
764 151 
765 151 
766 151 
767 114 767 116 767 151 767 153 
768 153 
769 153 
770 153 
771 153 
772 153 
773 153 
774 153 
775 153 
776 153 
777 134 777 136 777 153 777 155 
778 155 
779 155 
780 155 
781 155 
782 155 
783 155 
784 155 
785 155 
786 155 
787 154 787 155 787 156 787 157 
788 157 
789 157 
790 157 
791 157 
792 157 
793 157 
794 157 
795 157 
796 157 
797 157 797 159 797 174 797 176 
798 159 
799 159 
800 159 
801 159 
802 159 
803 159 
804 159 
805 159 
806 159 
807 159 
808 161 
809 161 
810 161 
811 161 
812 161 
813 161 
814 161 
815 161 
816 161 
817 161 
818 16 818 18 818 161 818 163 
819 163 
820 163 
821 163 
822 163 
823 163 
824 163 
825 163 
826 163 
827 163 
828 36 828 38 828 163 828 165 
829 165 
830 165 
831 165 
832 165 
833 165 
834 165 
835 165 
836 165 
837 165 
838 56 838 58 838 165 838 167 
839 167 
840 167 
841 167 
842 167 
843 167 
844 167 
845 167 
846 167 
847 167 
848 76 848 78 848 167 848 169 
849 169 
850 169 
851 169 
852 169 
853 169 
854 169 
855 169 
856 169 
857 169 
858 96 858 98 858 169 858 171 
859 171 
860 171 
861 171 
862 171 
863 171 
864 171 
865 171 
866 171 
867 171 
868 116 868 118 868 171 868 173 
869 173 
870 173 
871 173 
872 173 
873 173 
874 173 
875 173 
876 173 
877 173 
878 136 878 138 878 173 878 175 
879 175 
880 175 
881 175 
882 175 
883 175 
884 175 
885 175 
886 175 
887 175 
888 156 888 158 888 175 888 177 
889 177 
890 177 
891 177 
892 177 
893 177 
894 177 
895 177 
896 177 
897 177 
898 176 898 177 898 178 898 179 
899 179 
900 179 
901 179 
902 179 
903 179 
904 179 
905 179 
906 179 
907 179 
908 179 
909 0 
910 0 
911 0 
912 0 
913 0 
914 0 
915 0 
916 0 
917 0 
918 0 
919 2 
920 2 
921 2 
922 2 
923 2 
924 2 
925 2 
926 2 
927 2 
928 4 
929 4 
930 4 
931 4 
932 4 
933 4 
934 4 
935 4 
936 4 
937 6 
938 6 
939 6 
940 6 
941 6 
942 6 
943 6 
944 6 
945 6 
946 8 
947 8 
948 8 
949 8 
950 8 
951 8 
952 8 
953 8 
954 8 
955 10 
956 10 
957 10 
958 10 
959 10 
960 10 
961 10 
962 10 
963 10 
964 12 
965 12 
966 12 
967 12 
968 12 
969 12 
970 12 
971 12 
972 12 
973 14 
974 14 
975 14 
976 14 
977 14 
978 14 
979 14 
980 14 
981 14 
982 16 
983 16 
984 16 
985 16 
986 16 
987 16 
988 16 
989 16 
990 16 
991 18 
992 18 
993 18 
994 18 
995 18 
996 18 
997 18 
998 18 
999 18 
1000 18 
1001 20 
1002 20 
1003 20 
1004 20 
1005 20 
1006 20 
1007 20 
1008 20 
1009 20 
1010 20 
1011 22 
1012 22 
1013 22 
1014 22 
1015 22 
1016 22 
1017 22 
1018 22 
1019 22 
1020 24 
1021 24 
1022 24 
1023 24 
1024 24 
1025 24 
1026 24 
1027 24 
1028 24 
1029 26 
1030 26 
1031 26 
1032 26 
1033 26 
1034 26 
1035 26 
1036 26 
1037 26 
1038 28 
1039 28 
1040 28 
1041 28 
1042 28 
1043 28 
1044 28 
1045 28 
1046 28 
1047 30 
1048 30 
1049 30 
1050 30 
1051 30 
1052 30 
1053 30 
1054 30 
1055 30 
1056 32 
1057 32 
1058 32 
1059 32 
1060 32 
1061 32 
1062 32 
1063 32 
1064 32 
1065 34 
1066 34 
1067 34 
1068 34 
1069 34 
1070 34 
1071 34 
1072 34 
1073 34 
1074 36 
1075 36 
1076 36 
1077 36 
1078 36 
1079 36 
1080 36 
1081 36 
1082 36 
1083 38 
1084 38 
1085 38 
1086 38 
1087 38 
1088 38 
1089 38 
1090 38 
1091 38 
1092 38 
1093 40 
1094 40 
1095 40 
1096 40 
1097 40 
1098 40 
1099 40 
1100 40 
1101 40 
1102 40 
1103 42 
1104 42 
1105 42 
1106 42 
1107 42 
1108 42 
1109 42 
1110 42 
1111 42 
1112 44 
1113 44 
1114 44 
1115 44 
1116 44 
1117 44 
1118 44 
1119 44 
1120 44 
1121 46 
1122 46 
1123 46 
1124 46 
1125 46 
1126 46 
1127 46 
1128 46 
1129 46 
1130 48 
1131 48 
1132 48 
1133 48 
1134 48 
1135 48 
1136 48 
1137 48 
1138 48 
1139 50 
1140 50 
1141 50 
1142 50 
1143 50 
1144 50 
1145 50 
1146 50 
1147 50 
1148 52 
1149 52 
1150 52 
1151 52 
1152 52 
1153 52 
1154 52 
1155 52 
1156 52 
1157 54 
1158 54 
1159 54 
1160 54 
1161 54 
1162 54 
1163 54 
1164 54 
1165 54 
1166 56 
1167 56 
1168 56 
1169 56 
1170 56 
1171 56 
1172 56 
1173 56 
1174 56 
1175 58 
1176 58 
1177 58 
1178 58 
1179 58 
1180 58 
1181 58 
1182 58 
1183 58 
1184 58 
1185 60 
1186 60 
1187 60 
1188 60 
1189 60 
1190 60 
1191 60 
1192 60 
1193 60 
1194 60 
1195 62 
1196 62 
1197 62 
1198 62 
1199 62 
1200 62 
1201 62 
1202 62 
1203 62 
1204 64 
1205 64 
1206 64 
1207 64 
1208 64 
1209 64 
1210 64 
1211 64 
1212 64 
1213 66 
1214 66 
1215 66 
1216 66 
1217 66 
1218 66 
1219 66 
1220 66 
1221 66 
1222 68 
1223 68 
1224 68 
1225 68 
1226 68 
1227 68 
1228 68 
1229 68 
1230 68 
1231 70 
1232 70 
1233 70 
1234 70 
1235 70 
1236 70 
1237 70 
1238 70 
1239 70 
1240 72 
1241 72 
1242 72 
1243 72 
1244 72 
1245 72 
1246 72 
1247 72 
1248 72 
1249 74 
1250 74 
1251 74 
1252 74 
1253 74 
1254 74 
1255 74 
1256 74 
1257 74 
1258 76 
1259 76 
1260 76 
1261 76 
1262 76 
1263 76 
1264 76 
1265 76 
1266 76 
1267 78 
1268 78 
1269 78 
1270 78 
1271 78 
1272 78 
1273 78 
1274 78 
1275 78 
1276 78 
1277 80 
1278 80 
1279 80 
1280 80 
1281 80 
1282 80 
1283 80 
1284 80 
1285 80 
1286 80 
1287 82 
1288 82 
1289 82 
1290 82 
1291 82 
1292 82 
1293 82 
1294 82 
1295 82 
1296 84 
1297 84 
1298 84 
1299 84 
1300 84 
1301 84 
1302 84 
1303 84 
1304 84 
1305 86 
1306 86 
1307 86 
1308 86 
1309 86 
1310 86 
1311 86 
1312 86 
1313 86 
1314 88 
1315 88 
1316 88 
1317 88 
1318 88 
1319 88 
1320 88 
1321 88 
1322 88 
1323 90 
1324 90 
1325 90 
1326 90 
1327 90 
1328 90 
1329 90 
1330 90 
1331 90 
1332 92 
1333 92 
1334 92 
1335 92 
1336 92 
1337 92 
1338 92 
1339 92 
1340 92 
1341 94 
1342 94 
1343 94 
1344 94 
1345 94 
1346 94 
1347 94 
1348 94 
1349 94 
1350 96 
1351 96 
1352 96 
1353 96 
1354 96 
1355 96 
1356 96 
1357 96 
1358 96 
1359 98 
1360 98 
1361 98 
1362 98 
1363 98 
1364 98 
1365 98 
1366 98 
1367 98 
1368 98 
1369 100 
1370 100 
1371 100 
1372 100 
1373 100 
1374 100 
1375 100 
1376 100 
1377 100 
1378 100 
1379 102 
1380 102 
1381 102 
1382 102 
1383 102 
1384 102 
1385 102 
1386 102 
1387 102 
1388 104 
1389 104 
1390 104 
1391 104 
1392 104 
1393 104 
1394 104 
1395 104 
1396 104 
1397 106 
1398 106 
1399 106 
1400 106 
1401 106 
1402 106 
1403 106 
1404 106 
1405 106 
1406 108 
1407 108 
1408 108 
1409 108 
1410 108 
1411 108 
1412 108 
1413 108 
1414 108 
1415 110 
1416 110 
1417 110 
1418 110 
1419 110 
1420 110 
1421 110 
1422 110 
1423 110 
1424 112 
1425 112 
1426 112 
1427 112 
1428 112 
1429 112 
1430 112 
1431 112 
1432 112 
1433 114 
1434 114 
1435 114 
1436 114 
1437 114 
1438 114 
1439 114 
1440 114 
1441 114 
1442 116 
1443 116 
1444 116 
1445 116 
1446 116 
1447 116 
1448 116 
1449 116 
1450 116 
1451 118 
1452 118 
1453 118 
1454 118 
1455 118 
1456 118 
1457 118 
1458 118 
1459 118 
1460 118 
1461 120 
1462 120 
1463 120 
1464 120 
1465 120 
1466 120 
1467 120 
1468 120 
1469 120 
1470 120 
1471 122 
1472 122 
1473 122 
1474 122 
1475 122 
1476 122 
1477 122 
1478 122 
1479 122 
1480 124 
1481 124 
1482 124 
1483 124 
1484 124 
1485 124 
1486 124 
1487 124 
1488 124 
1489 126 
1490 126 
1491 126 
1492 126 
1493 126 
1494 126 
1495 126 
1496 126 
1497 126 
1498 128 
1499 128 
1500 128 
1501 128 
1502 128 
1503 128 
1504 128 
1505 128 
1506 128 
1507 130 
1508 130 
1509 130 
1510 130 
1511 130 
1512 130 
1513 130 
1514 130 
1515 130 
1516 132 
1517 132 
1518 132 
1519 132 
1520 132 
1521 132 
1522 132 
1523 132 
1524 132 
1525 134 
1526 134 
1527 134 
1528 134 
1529 134 
1530 134 
1531 134 
1532 134 
1533 134 
1534 136 
1535 136 
1536 136 
1537 136 
1538 136 
1539 136 
1540 136 
1541 136 
1542 136 
1543 138 
1544 138 
1545 138 
1546 138 
1547 138 
1548 138 
1549 138 
1550 138 
1551 138 
1552 138 
1553 140 
1554 140 
1555 140 
1556 140 
1557 140 
1558 140 
1559 140 
1560 140 
1561 140 
1562 140 
1563 142 
1564 142 
1565 142 
1566 142 
1567 142 
1568 142 
1569 142 
1570 142 
1571 142 
1572 144 
1573 144 
1574 144 
1575 144 
1576 144 
1577 144 
1578 144 
1579 144 
1580 144 
1581 146 
1582 146 
1583 146 
1584 146 
1585 146 
1586 146 
1587 146 
1588 146 
1589 146 
1590 148 
1591 148 
1592 148 
1593 148 
1594 148 
1595 148 
1596 148 
1597 148 
1598 148 
1599 150 
1600 150 
1601 150 
1602 150 
1603 150 
1604 150 
1605 150 
1606 150 
1607 150 
1608 152 
1609 152 
1610 152 
1611 152 
1612 152 
1613 152 
1614 152 
1615 152 
1616 152 
1617 154 
1618 154 
1619 154 
1620 154 
1621 154 
1622 154 
1623 154 
1624 154 
1625 154 
1626 156 
1627 156 
1628 156 
1629 156 
1630 156 
1631 156 
1632 156 
1633 156 
1634 156 
1635 158 
1636 158 
1637 158 
1638 158 
1639 158 
1640 158 
1641 158 
1642 158 
1643 158 
1644 158 
1645 160 
1646 160 
1647 160 
1648 160 
1649 160 
1650 160 
1651 160 
1652 160 
1653 160 
1654 160 
1655 162 
1656 162 
1657 162 
1658 162 
1659 162 
1660 162 
1661 162 
1662 162 
1663 162 
1664 164 
1665 164 
1666 164 
1667 164 
1668 164 
1669 164 
1670 164 
1671 164 
1672 164 
1673 166 
1674 166 
1675 166 
1676 166 
1677 166 
1678 166 
1679 166 
1680 166 
1681 166 
1682 168 
1683 168 
1684 168 
1685 168 
1686 168 
1687 168 
1688 168 
1689 168 
1690 168 
1691 170 
1692 170 
1693 170 
1694 170 
1695 170 
1696 170 
1697 170 
1698 170 
1699 170 
1700 172 
1701 172 
1702 172 
1703 172 
1704 172 
1705 172 
1706 172 
1707 172 
1708 172 
1709 174 
1710 174 
1711 174 
1712 174 
1713 174 
1714 174 
1715 174 
1716 174 
1717 174 
1718 176 
1719 176 
1720 176 
1721 176 
1722 176 
1723 176 
1724 176 
1725 176 
1726 176 
1727 178 
1728 178 
1729 178 
1730 178 
1731 178 
1732 178 
1733 178 
1734 178 
1735 178 
1736 178 
