 1.26915300e+00
 1.26560398e+00
 1.25734865e+00
 1.24987104e+00
 1.24690385e+00
 1.24309661e+00
 1.22543761e+00
 1.23195878e+00
 1.19481491e+00
 1.14980350e+00
 1.11794034e+00
 1.08007941e+00
 1.06974605e+00
 1.01636638e+00
 1.00552404e+00
 9.50555823e-01
 9.37550657e-01
 8.89954481e-01
 8.66917893e-01
 7.93830157e-01
 7.30493411e-01
 7.12000933e-01
 6.49821592e-01
 6.60493447e-01
 6.06495065e-01
 5.81242276e-01
 5.55802862e-01
 5.47799913e-01
 5.42936138e-01
 5.35581317e-01
 5.28216539e-01
 5.25124000e-01
 1.26684183e+00
 1.26386332e+00
 1.25634409e+00
 1.24871635e+00
 1.24478781e+00
 1.23972628e+00
 1.22382738e+00
 1.22656272e+00
 1.19125101e+00
 1.14749073e+00
 1.11485105e+00
 1.07808604e+00
 1.06481334e+00
 1.01425020e+00
 1.00012678e+00
 9.47872837e-01
 9.31885363e-01
 8.85969611e-01
 8.60257587e-01
 7.89453536e-01
 7.27689287e-01
 7.05824802e-01
 6.48120676e-01
 6.52504118e-01
 6.02879035e-01
 5.76272197e-01
 5.52117718e-01
 5.42609609e-01
 5.36542289e-01
 5.28267891e-01
 5.20782169e-01
 5.17434592e-01
 1.25977669e+00
 1.25766497e+00
 1.25171448e+00
 1.24419265e+00
 1.23805186e+00
 1.23048097e+00
 1.21736506e+00
 1.21196192e+00
 1.18048600e+00
 1.13991771e+00
 1.10577567e+00
 1.07110889e+00
 1.05107278e+00
 1.00663398e+00
 9.85007366e-01
 9.38679152e-01
 9.15753391e-01
 8.73268375e-01
 8.41319441e-01
 7.76176294e-01
 7.18145510e-01
 6.88855406e-01
 6.40546722e-01
 6.31251277e-01
 5.90553707e-01
 5.62030683e-01
 5.39889112e-01
 5.27234604e-01
 5.17922696e-01
 5.07630664e-01
 4.99383298e-01
 4.96073727e-01
 1.24757662e+00
 1.24596740e+00
 1.24117961e+00
 1.23404117e+00
 1.22592366e+00
 1.21614543e+00
 1.20361051e+00
 1.19087415e+00
 1.16256702e+00
 1.12574510e+00
 1.09072392e+00
 1.05721620e+00
 1.03036053e+00
 9.91116577e-01
 9.62064650e-01
 9.20796056e-01
 8.90719843e-01
 8.50559305e-01
 8.12299541e-01
 7.53630450e-01
 6.99698853e-01
 6.63650996e-01
 6.22879225e-01
 6.01328701e-01
 5.67554518e-01
 5.38980197e-01
 5.17528492e-01
 5.02066337e-01
 4.89427057e-01
 4.77645229e-01
 4.68833729e-01
 4.65458577e-01
 1.22965226e+00
 1.22820614e+00
 1.22384565e+00
 1.21679332e+00
 1.20747331e+00
 1.19596347e+00
 1.18192474e+00
 1.16449569e+00
 1.13772206e+00
 1.10388822e+00
 1.06890018e+00
 1.03509073e+00
 1.00332046e+00
 9.66271526e-01
 9.32070496e-01
 8.92941779e-01
 8.57539157e-01
 8.17437153e-01
 7.74907857e-01
 7.21502482e-01
 6.70972388e-01
 6.30990827e-01
 5.93408271e-01
 5.64647431e-01
 5.33917813e-01
 5.06470195e-01
 4.84835030e-01
 4.67758741e-01
 4.53561759e-01
 4.41710757e-01
 4.33586480e-01
 4.30693717e-01
 1.20526980e+00
 1.20380035e+00
 1.19937152e+00
 1.19200808e+00
 1.18178646e+00
 1.16875744e+00
 1.15265348e+00
 1.13244770e+00
 1.10593986e+00
 1.07379913e+00
 1.03911241e+00
 1.00421195e+00
 9.69247272e-01
 9.31932946e-01
 8.94511658e-01
 8.55071603e-01
 8.16058201e-01
 7.74506796e-01
 7.29755271e-01
 6.79800370e-01
 6.31736427e-01
 5.90117068e-01
 5.52859952e-01
 5.20705323e-01
 4.90643186e-01
 4.64083849e-01
 4.42390817e-01
 4.25224292e-01
 4.12036832e-01
 4.02519098e-01
 3.96578883e-01
 3.94498487e-01
 1.17363360e+00
 1.17205806e+00
 1.16731593e+00
 1.15938161e+00
 1.14822460e+00
 1.13378800e+00
 1.11583939e+00
 1.09378155e+00
 1.06680774e+00
 1.03517986e+00
 1.00047381e+00
 9.64313109e-01
 9.27090953e-01
 8.88332579e-01
 8.48594331e-01
 8.07638825e-01
 7.65998555e-01
 7.22627151e-01
 6.76834832e-01
 6.28851806e-01
 5.82420300e-01
 5.40310367e-01
 5.02463134e-01
 4.68718000e-01
 4.38415560e-01
 4.12081264e-01
 3.90405808e-01
 3.73580825e-01
 3.61723664e-01
 3.54891534e-01
 3.52274903e-01
 3.51828797e-01
 1.13398699e+00
 1.13227301e+00
 1.12711976e+00
 1.11849657e+00
 1.10635340e+00
 1.09061017e+00
 1.07110839e+00
 1.04757040e+00
 1.01973136e+00
 9.87785714e-01
 9.52587868e-01
 9.15184312e-01
 8.76143243e-01
 8.35625509e-01
 7.93906770e-01
 7.51121845e-01
 7.07414217e-01
 6.62469662e-01
 6.16139468e-01
 5.69198522e-01
 5.23777748e-01
 4.81615760e-01
 4.43198219e-01
 4.08556431e-01
 3.77693327e-01
 3.50969831e-01
 3.28829333e-01
 3.11419208e-01
 2.98329684e-01
 2.88665656e-01
 2.82078897e-01
 2.79596174e-01
 1.08571797e+00
 1.08385845e+00
 1.07827267e+00
 1.06893941e+00
 1.05582302e+00
 1.03887046e+00
 1.01800429e+00
 9.93130486e-01
 9.64216705e-01
 9.31466019e-01
 8.95420154e-01
 8.56796849e-01
 8.16186961e-01
 7.73985232e-01
 7.30515447e-01
 6.86030099e-01
 6.40705035e-01
 5.94601056e-01
 5.47958921e-01
 5.01583452e-01
 4.56809241e-01
 4.14779128e-01
 3.76046707e-01
 3.40818164e-01
 3.09247908e-01
 2.81597599e-01
 2.58221370e-01
 2.39552778e-01
 2.26102030e-01
 2.18126394e-01
 2.14792555e-01
 2.14081207e-01
 1.02845591e+00
 1.02645639e+00
 1.02045520e+00
 1.01044478e+00
 9.96414045e-01
 9.78351125e-01
 9.56249079e-01
 9.30123641e-01
 9.00059112e-01
 8.66284060e-01
 8.29220115e-01
 7.89426205e-01
 7.47464125e-01
 7.03817082e-01
 6.58894106e-01
 6.13041731e-01
 5.66553422e-01
 5.19714561e-01
 4.72956849e-01
 4.27001843e-01
 3.82767266e-01
 3.41046205e-01
 3.02316459e-01
 2.66805364e-01
 2.34624434e-01
 2.05846078e-01
 1.80514431e-01
 1.58640579e-01
 1.40238446e-01
 1.25558832e-01
 1.15581361e-01
 1.11954299e-01
 9.62163989e-01
 9.60036292e-01
 9.53655164e-01
 9.43027613e-01
 9.28168799e-01
 9.09107319e-01
 8.85894395e-01
 8.58620112e-01
 8.27441455e-01
 7.92619138e-01
 7.54541112e-01
 7.13701803e-01
 6.70638918e-01
 6.25873115e-01
 5.79881823e-01
 5.33097730e-01
 4.85924211e-01
 4.38779442e-01
 3.92170888e-01
 3.46734401e-01
 3.03158031e-01
 2.62026759e-01
 2.23723450e-01
 1.88438112e-01
 1.56228458e-01
 1.27081504e-01
 1.00982524e-01
 7.80416859e-02
 5.87060418e-02
 4.38779625e-02
 3.45904692e-02
 3.14494807e-02
 8.87203123e-01
 8.84962504e-01
 8.78247550e-01
 8.67080144e-01
 8.51500858e-01
 8.31575332e-01
 8.07403420e-01
 7.79132359e-01
 7.46974440e-01
 7.11226527e-01
 6.72281443e-01
 6.30618056e-01
 5.86767883e-01
 5.41274466e-01
 4.94664819e-01
 4.47439736e-01
 4.00082522e-01
 3.53084887e-01
 3.06977399e-01
 2.62331040e-01
 2.19705190e-01
 1.79567406e-01
 1.42240537e-01
 1.07903176e-01
 7.66346950e-02
 4.84984234e-02
 2.36555947e-02
 2.44627225e-03
 -1.46759866e-02
 -2.73156089e-02
 -3.51490489e-02
 -3.78237524e-02
 8.04356822e-01
 8.02022230e-01
 7.95030032e-01
 7.83416424e-01
 7.67246228e-01
 7.46619001e-01
 7.21677231e-01
 6.92616328e-01
 6.59696106e-01
 6.23251402e-01
 5.83696952e-01
 5.41520310e-01
 4.97260986e-01
 4.51482230e-01
 4.04746315e-01
 3.57601090e-01
 3.10579800e-01
 2.64210608e-01
 2.19024907e-01
 1.75548534e-01
 1.34269637e-01
 9.55981524e-02
 5.98409422e-02
 2.72032659e-02
 -2.18882552e-03
 -2.82512330e-02
 -5.08829814e-02
 -6.98763267e-02
 -8.48499954e-02
 -9.53847039e-02
 -1.01409192e-01
 -1.03321495e-01
 7.14833262e-01
 7.12426104e-01
 7.05221125e-01
 6.93268924e-01
 6.76657613e-01
 6.55518275e-01
 6.30031736e-01
 6.00436116e-01
 5.67034072e-01
 5.30198197e-01
 4.90371745e-01
 4.48061656e-01
 4.03822773e-01
 3.58236272e-01
 3.11888412e-01
 2.65355327e-01
 2.19196073e-01
 1.73951531e-01
 1.30142629e-01
 8.82610077e-02
 4.87516827e-02
 1.19964656e-02
 -2.16910445e-02
 -5.20572243e-02
 -7.89006170e-02
 -1.02093313e-01
 -1.21660127e-01
 -1.37883293e-01
 -1.51246614e-01
 -1.61972688e-01
 -1.69389475e-01
 -1.72113491e-01
 6.20201756e-01
 6.17746763e-01
 6.10402710e-01
 5.98233513e-01
 5.81349147e-01
 5.59910023e-01
 5.34132180e-01
 5.04292396e-01
 4.70732339e-01
 4.33860357e-01
 3.94149241e-01
 3.52128303e-01
 3.08369328e-01
 2.63468088e-01
 2.18025076e-01
 1.72629325e-01
 1.27847274e-01
 8.42157348e-02
 4.22358782e-02
 2.36561477e-03
 -3.49885964e-02
 -6.94755209e-02
 -1.00793221e-01
 -1.28672044e-01
 -1.52849004e-01
 -1.73036310e-01
 -1.88891906e-01
 -2.00043946e-01
 -2.06320724e-01
 -2.08307632e-01
 -2.07819993e-01
 -2.07268115e-01
 5.22326609e-01
 5.19849528e-01
 5.12443667e-01
 5.00185893e-01
 4.83206707e-01
 4.61693519e-01
 4.35894222e-01
 4.06120280e-01
 3.72748259e-01
 3.36218814e-01
 2.97031991e-01
 2.55737982e-01
 2.12923219e-01
 1.69193013e-01
 1.25153121e-01
 8.13929343e-02
 3.84719911e-02
 -3.09014400e-03
 -4.28217879e-02
 -8.03057230e-02
 -1.15183800e-01
 -1.47157797e-01
 -1.75986109e-01
 -2.01479778e-01
 -2.23506357e-01
 -2.42014079e-01
 -2.57088236e-01
 -2.69024988e-01
 -2.78316835e-01
 -2.85372054e-01
 -2.90066790e-01
 -2.91761659e-01
 4.23235015e-01
 4.20762779e-01
 4.13375305e-01
 4.01160930e-01
 3.84268680e-01
 3.62910291e-01
 3.37362150e-01
 3.07966276e-01
 2.75129589e-01
 2.39320490e-01
 2.01062043e-01
 1.60921247e-01
 1.19494571e-01
 7.73907083e-02
 3.52123306e-02
 -6.46115403e-03
 -4.70883335e-02
 -8.61774791e-02
 -1.23295448e-01
 -1.58074185e-01
 -1.90214905e-01
 -2.19490222e-01
 -2.45745961e-01
 -2.68906941e-01
 -2.88992129e-01
 -3.06137476e-01
 -3.20597637e-01
 -3.32662008e-01
 -3.42461714e-01
 -3.49825530e-01
 -3.54406650e-01
 -3.55956672e-01
 3.25005955e-01
 3.22564226e-01
 3.15271898e-01
 3.03227785e-01
 2.86597356e-01
 2.65613625e-01
 2.40577516e-01
 2.11857024e-01
 1.79884344e-01
 1.45150317e-01
 1.08195655e-01
 6.95987548e-02
 2.99603644e-02
 -1.01139678e-02
 -5.00322382e-02
 -8.92334798e-02
 -1.27203048e-01
 -1.63484970e-01
 -1.97691235e-01
 -2.29508256e-01
 -2.58700849e-01
 -2.85114208e-01
 -3.08674017e-01
 -3.29382769e-01
 -3.47305579e-01
 -3.62536449e-01
 -3.75151646e-01
 -3.85194280e-01
 -3.92732695e-01
 -3.97926421e-01
 -4.00970623e-01
 -4.01977478e-01
 2.29627265e-01
 2.27240071e-01
 2.20114289e-01
 2.08357452e-01
 1.92148988e-01
 1.71739908e-01
 1.47451652e-01
 1.19673391e-01
 8.88572453e-02
 5.55107902e-02
 2.01865390e-02
 -1.65316432e-02
 -5.40447703e-02
 -9.17567327e-02
 -1.29092779e-01
 -1.65517053e-01
 -2.00547935e-01
 -2.33770382e-01
 -2.64844947e-01
 -2.93513535e-01
 -3.19602125e-01
 -3.43020675e-01
 -3.63759844e-01
 -3.81882355e-01
 -3.97503561e-01
 -4.10753097e-01
 -4.21715742e-01
 -4.30379505e-01
 -4.36670128e-01
 -4.40635242e-01
 -4.42634646e-01
 -4.43211087e-01
 1.38890276e-01
 1.36577982e-01
 1.29679545e-01
 1.18310039e-01
 1.02660454e-01
 8.29963585e-02
 5.96553634e-02
 3.30428688e-02
 3.62548506e-03
 -2.80782027e-02
 -6.15097365e-02
 -9.60856143e-02
 -1.31214353e-01
 -1.66314885e-01
 -2.00835092e-01
 -2.34269164e-01
 -2.66172599e-01
 -2.96174004e-01
 -3.23983239e-01
 -3.49395744e-01
 -3.72293013e-01
 -3.92639195e-01
 -4.10474084e-01
 -4.25904398e-01
 -4.39099285e-01
 -4.50299105e-01
 -4.59833211e-01
 -4.68092558e-01
 -4.75355575e-01
 -4.81477535e-01
 -4.85757605e-01
 -4.87317244e-01
 5.42858967e-02
 5.20653394e-02
 4.54439758e-02
 3.45424539e-02
 1.95606605e-02
 7.75365849e-04
 -2.14636602e-02
 -4.67394957e-02
 -7.45762058e-02
 -1.04449622e-01
 -1.35800797e-01
 -1.68051907e-01
 -2.00623995e-01
 -2.32955650e-01
 -2.64521444e-01
 -2.94848899e-01
 -3.23532844e-01
 -3.50246303e-01
 -3.74747379e-01
 -3.96881811e-01
 -4.16580917e-01
 -4.33854449e-01
 -4.48777628e-01
 -4.61471974e-01
 -4.72081454e-01
 -4.80749864e-01
 -4.87612663e-01
 -4.92823588e-01
 -4.96613165e-01
 -4.99277308e-01
 -5.00976500e-01
 -5.01586808e-01
 -2.30398014e-02
 -2.51571144e-02
 -3.14670798e-02
 -4.18444421e-02
 -5.60825787e-02
 -7.38967350e-02
 -9.49290040e-02
 -1.18755406e-01
 -1.44895444e-01
 -1.72824219e-01
 -2.01987067e-01
 -2.31816330e-01
 -2.61749624e-01
 -2.91248638e-01
 -3.19817328e-01
 -3.47018314e-01
 -3.72486379e-01
 -3.95938241e-01
 -4.17178033e-01
 -4.36098160e-01
 -4.52675305e-01
 -4.66961173e-01
 -4.79066965e-01
 -4.89139191e-01
 -4.97322645e-01
 -5.03707039e-01
 -5.08264665e-01
 -5.10819989e-01
 -5.11168693e-01
 -5.09525123e-01
 -5.07129855e-01
 -5.05980742e-01
 -9.23259824e-02
 -9.43327941e-02
 -1.00310293e-01
 -1.10130370e-01
 -1.23581999e-01
 -1.40375287e-01
 -1.60147509e-01
 -1.82471414e-01
 -2.06865968e-01
 -2.32809605e-01
 -2.59755806e-01
 -2.87150556e-01
 -3.14450952e-01
 -3.41143985e-01
 -3.66764355e-01
 -3.90910159e-01
 -4.13255432e-01
 -4.33558703e-01
 -4.51667080e-01
 -4.67515624e-01
 -4.81122117e-01
 -4.92577644e-01
 -5.02033965e-01
 -5.09689173e-01
 -5.15774284e-01
 -5.20548270e-01
 -5.24323844e-01
 -5.27550376e-01
 -5.30857626e-01
 -5.34675147e-01
 -5.38317423e-01
 -5.39905343e-01
 -1.53168595e-01
 -1.55062941e-01
 -1.60702374e-01
 -1.69956943e-01
 -1.82613031e-01
 -1.98378044e-01
 -2.16887375e-01
 -2.37713679e-01
 -2.60378647e-01
 -2.84367190e-01
 -3.09143774e-01
 -3.34170383e-01
 -3.58925319e-01
 -3.82921831e-01
 -4.05725453e-01
 -4.26968926e-01
 -4.46363714e-01
 -4.63707362e-01
 -4.78886247e-01
 -4.91873610e-01
 -5.02723213e-01
 -5.11559716e-01
 -5.18568246e-01
 -5.23987599e-01
 -5.28111420e-01
 -5.31289736e-01
 -5.33882232e-01
 -5.36067781e-01
 -5.37552346e-01
 -5.37720766e-01
 -5.36723006e-01
 -5.36047903e-01
 -2.05489026e-01
 -2.07273594e-01
 -2.12583244e-01
 -2.21286907e-01
 -2.33169744e-01
 -2.47938453e-01
 -2.65228837e-01
 -2.84615897e-01
 -3.05626434e-01
 -3.27753999e-01
 -3.50475816e-01
 -3.73271083e-01
 -3.95639848e-01
 -4.17121392e-01
 -4.37311032e-01
 -4.55874247e-01
 -4.72557195e-01
 -4.87192928e-01
 -4.99702940e-01
 -5.10093927e-01
 -5.18450217e-01
 -5.24922753e-01
 -5.29716655e-01
 -5.33080949e-01
 -5.35305253e-01
 -5.36726760e-01
 -5.37750441e-01
 -5.38894260e-01
 -5.40812135e-01
 -5.43940323e-01
 -5.47471599e-01
 -5.49117645e-01
 -2.49472657e-01
 -2.51153847e-01
 -2.56153382e-01
 -2.64340218e-01
 -2.75499589e-01
 -2.89338800e-01
 -3.05495564e-01
 -3.23548791e-01
 -3.43031852e-01
 -3.63448112e-01
 -3.84288266e-01
 -4.05048841e-01
 -4.25251059e-01
 -4.44458944e-01
 -4.62295513e-01
 -4.78456195e-01
 -4.92718359e-01
 -5.04946523e-01
 -5.15092861e-01
 -5.23192838e-01
 -5.29356516e-01
 -5.33755752e-01
 -5.36607796e-01
 -5.38155851e-01
 -5.38647878e-01
 -5.38318662e-01
 -5.37383111e-01
 -5.36027297e-01
 -5.34343085e-01
 -5.32316175e-01
 -5.30283786e-01
 -5.29354899e-01
 -2.85484083e-01
 -2.87072357e-01
 -2.91793157e-01
 -2.99515599e-01
 -3.10025606e-01
 -3.23032097e-01
 -3.38175718e-01
 -3.55040183e-01
 -3.73166048e-01
 -3.92066733e-01
 -4.11246151e-01
 -4.30217234e-01
 -4.48520828e-01
 -4.65743467e-01
 -4.81532922e-01
 -4.95611050e-01
 -5.07782385e-01
 -5.17938437e-01
 -5.26057505e-01
 -5.32199196e-01
 -5.36495156e-01
 -5.39135057e-01
 -5.40347735e-01
 -5.40375427e-01
 -5.39438753e-01
 -5.37694205e-01
 -5.35198396e-01
 -5.31921411e-01
 -5.27918159e-01
 -5.23724011e-01
 -5.20493346e-01
 -5.19296958e-01
 -3.13998002e-01
 -3.15506562e-01
 -3.19988280e-01
 -3.27312712e-01
 -3.37266887e-01
 -3.49561726e-01
 -3.63841177e-01
 -3.79693940e-01
 -3.96667548e-01
 -4.14284900e-01
 -4.32062009e-01
 -4.49526387e-01
 -4.66236081e-01
 -4.81797165e-01
 -4.95878454e-01
 -5.08224175e-01
 -5.18661539e-01
 -5.27104282e-01
 -5.33552209e-01
 -5.38084452e-01
 -5.40850346e-01
 -5.42054971e-01
 -5.41940247e-01
 -5.40758933e-01
 -5.38738434e-01
 -5.36038730e-01
 -5.32732884e-01
 -5.28880722e-01
 -5.24728741e-01
 -5.20843848e-01
 -5.17980842e-01
 -5.16898855e-01
 -3.35518297e-01
 -3.36962460e-01
 -3.41251307e-01
 -3.48255148e-01
 -3.57762222e-01
 -3.69485403e-01
 -3.83071713e-01
 -3.98114470e-01
 -4.14167226e-01
 -4.30761083e-01
 -4.47422339e-01
 -4.63690467e-01
 -4.79137626e-01
 -4.93385837e-01
 -5.06120663e-01
 -5.17104225e-01
 -5.26181650e-01
 -5.33283874e-01
 -5.38427669e-01
 -5.41706984e-01
 -5.43285016e-01
 -5.43379293e-01
 -5.42244481e-01
 -5.40149627e-01
 -5.37348452e-01
 -5.34047614e-01
 -5.30396219e-01
 -5.26544645e-01
 -5.22773690e-01
 -5.19563189e-01
 -5.17459685e-01
 -5.16755124e-01
 -3.50509241e-01
 -3.51906253e-01
 -3.56053882e-01
 -3.62823132e-01
 -3.72003265e-01
 -3.83308761e-01
 -3.96389118e-01
 -4.10841511e-01
 -4.26223931e-01
 -4.42073883e-01
 -4.57925516e-01
 -4.73327106e-01
 -4.87861272e-01
 -5.01161923e-01
 -5.12926656e-01
 -5.22930702e-01
 -5.31032135e-01
 -5.37173997e-01
 -5.41385461e-01
 -5.43770667e-01
 -5.44502805e-01
 -5.43808362e-01
 -5.41952031e-01
 -5.39217787e-01
 -5.35886305e-01
 -5.32213776e-01
 -5.28421835e-01
 -5.24723805e-01
 -5.21390927e-01
 -5.18773226e-01
 -5.17143233e-01
 -5.16581245e-01
 -3.59343055e-01
 -3.60711353e-01
 -3.64773126e-01
 -3.71399542e-01
 -3.80380572e-01
 -3.91431846e-01
 -4.04204388e-01
 -4.18298064e-01
 -4.33273430e-01
 -4.48672126e-01
 -4.64033238e-01
 -4.78910371e-01
 -4.92892586e-01
 -5.05621157e-01
 -5.16800878e-01
 -5.26214993e-01
 -5.33729441e-01
 -5.39294342e-01
 -5.42946563e-01
 -5.44796045e-01
 -5.45022101e-01
 -5.43856452e-01
 -5.41570033e-01
 -5.38456386e-01
 -5.34814181e-01
 -5.30932420e-01
 -5.27079095e-01
 -5.23495786e-01
 -5.20409419e-01
 -5.18028284e-01
 -5.16565359e-01
 -5.16146453e-01
 -3.62260000e-01
 -3.63618765e-01
 -3.67651701e-01
 -3.74230145e-01
 -3.83144330e-01
 -3.94110275e-01
 -4.06779509e-01
 -4.20752892e-01
 -4.35591780e-01
 -4.50839264e-01
 -4.66036107e-01
 -4.80737697e-01
 -4.94535266e-01
 -5.07072595e-01
 -5.18056855e-01
 -5.27274001e-01
 -5.34592599e-01
 -5.39965099e-01
 -5.43430977e-01
 -5.45102056e-01
 -5.45159695e-01
 -5.43837353e-01
 -5.41408011e-01
 -5.38168490e-01
 -5.34423460e-01
 -5.30473162e-01
 -5.26601315e-01
 -5.23061063e-01
 -5.20070560e-01
 -5.17805447e-01
 -5.16394180e-01
 -5.15915000e-01
