 4.76316000e-01
 4.73143967e-01
 4.64848762e-01
 4.54058785e-01
 4.41848814e-01
 4.23262096e-01
 3.86393649e-01
 3.43121551e-01
 3.39857013e-01
 3.41517343e-01
 2.78900360e-01
 2.48582928e-01
 2.43657113e-01
 1.49184577e-01
 1.22479544e-01
 2.76692092e-02
 5.33101962e-02
 -1.51763396e-03
 6.90571889e-03
 -7.77172218e-02
 -1.05630617e-01
 -1.14377876e-01
 -1.44666431e-01
 -1.80431026e-01
 -1.85416787e-01
 -2.08374961e-01
 -2.09798997e-01
 -2.29303004e-01
 -2.45485140e-01
 -2.50003279e-01
 -2.47595970e-01
 -2.45701000e-01
 4.71706465e-01
 4.68879431e-01
 4.60473735e-01
 4.49640306e-01
 4.36819498e-01
 4.17888090e-01
 3.82302608e-01
 3.41518458e-01
 3.35846388e-01
 3.34377636e-01
 2.75477361e-01
 2.45020277e-01
 2.35754920e-01
 1.47361583e-01
 1.16381053e-01
 2.83766600e-02
 4.68170671e-02
 -3.29773077e-03
 -3.95803309e-04
 -7.91468251e-02
 -1.08326352e-01
 -1.18394014e-01
 -1.48217641e-01
 -1.81962555e-01
 -1.89266246e-01
 -2.10106392e-01
 -2.14087654e-01
 -2.31804755e-01
 -2.46835950e-01
 -2.51019153e-01
 -2.49865975e-01
 -2.48418520e-01
 4.56899890e-01
 4.54275185e-01
 4.46508044e-01
 4.35842298e-01
 4.22068428e-01
 4.02533150e-01
 3.70309316e-01
 3.35107064e-01
 3.23711023e-01
 3.14678137e-01
 2.64572394e-01
 2.33528622e-01
 2.14389072e-01
 1.39996651e-01
 1.00205355e-01
 2.77386242e-02
 2.96808549e-02
 -1.04079131e-02
 -1.98121878e-02
 -8.48436732e-02
 -1.16314192e-01
 -1.29984544e-01
 -1.58298617e-01
 -1.87602046e-01
 -1.99522954e-01
 -2.16506070e-01
 -2.25142238e-01
 -2.39466614e-01
 -2.51675043e-01
 -2.55983840e-01
 -2.56969542e-01
 -2.56749151e-01
 4.30183709e-01
 4.28209114e-01
 4.22044311e-01
 4.12281218e-01
 3.98391901e-01
 3.78854048e-01
 3.50708238e-01
 3.20792796e-01
 3.03251357e-01
 2.86029238e-01
 2.44940891e-01
 2.12837971e-01
 1.84189827e-01
 1.23857569e-01
 7.77349583e-02
 2.05200505e-02
 6.23152795e-03
 -2.57345365e-02
 -4.64451332e-02
 -9.72616609e-02
 -1.29663572e-01
 -1.47841035e-01
 -1.73880323e-01
 -1.98923260e-01
 -2.14204256e-01
 -2.28859873e-01
 -2.40255443e-01
 -2.52123881e-01
 -2.61926577e-01
 -2.67243873e-01
 -2.70020194e-01
 -2.70773841e-01
 3.92605431e-01
 3.91487380e-01
 3.87591619e-01
 3.79829415e-01
 3.66919479e-01
 3.48184992e-01
 3.23377219e-01
 2.96700490e-01
 2.74484697e-01
 2.51177926e-01
 2.16023777e-01
 1.82840636e-01
 1.48375955e-01
 9.79170192e-02
 5.07333147e-02
 3.72444146e-03
 -2.11692794e-02
 -4.98542225e-02
 -7.69263094e-02
 -1.17309930e-01
 -1.48706630e-01
 -1.70382676e-01
 -1.94186279e-01
 -2.16129438e-01
 -2.32549633e-01
 -2.46433270e-01
 -2.58329730e-01
 -2.68850624e-01
 -2.77511441e-01
 -2.83759987e-01
 -2.87799363e-01
 -2.89180364e-01
 3.53250486e-01
 3.52757167e-01
 3.49909756e-01
 3.42523619e-01
 3.29600982e-01
 3.11272810e-01
 2.88270897e-01
 2.62922364e-01
 2.37847143e-01
 2.11021176e-01
 1.78514221e-01
 1.44684280e-01
 1.07999455e-01
 6.35367469e-02
 1.88520876e-02
 -2.24489703e-02
 -5.24545721e-02
 -8.10140209e-02
 -1.10179093e-01
 -1.44046593e-01
 -1.73340628e-01
 -1.96486458e-01
 -2.18485556e-01
 -2.38208588e-01
 -2.54300005e-01
 -2.67661821e-01
 -2.78956748e-01
 -2.88348053e-01
 -2.95900799e-01
 -3.01733192e-01
 -3.05790874e-01
 -3.07308998e-01
 3.26892136e-01
 3.23812454e-01
 3.15476457e-01
 3.03281004e-01
 2.87644797e-01
 2.68429187e-01
 2.45793369e-01
 2.20670196e-01
 1.94097158e-01
 1.65566923e-01
 1.33870542e-01
 9.99685203e-02
 6.32821784e-02
 2.27036011e-02
 -1.84009525e-02
 -5.62934022e-02
 -8.79583246e-02
 -1.17006782e-01
 -1.45978993e-01
 -1.75760183e-01
 -2.02638156e-01
 -2.25444569e-01
 -2.45843072e-01
 -2.63742164e-01
 -2.78773445e-01
 -2.91250741e-01
 -3.01503721e-01
 -3.09536963e-01
 -3.15154110e-01
 -3.18212678e-01
 -3.19191900e-01
 -3.19276192e-01
 2.79321771e-01
 2.76517803e-01
 2.68348485e-01
 2.55564346e-01
 2.39037086e-01
 2.19273760e-01
 1.96566661e-01
 1.71369440e-01
 1.44178560e-01
 1.15029133e-01
 8.36604525e-02
 5.02284944e-02
 1.46472854e-02
 -2.29265464e-02
 -6.06049898e-02
 -9.58743425e-02
 -1.27295162e-01
 -1.56134203e-01
 -1.83878809e-01
 -2.10700155e-01
 -2.35125168e-01
 -2.56466731e-01
 -2.75143014e-01
 -2.91271308e-01
 -3.04859254e-01
 -3.16107455e-01
 -3.25261681e-01
 -3.32505957e-01
 -3.38019653e-01
 -3.42004672e-01
 -3.44541861e-01
 -3.45442319e-01
 2.17583860e-01
 2.15452648e-01
 2.09016361e-01
 1.98164137e-01
 1.82948305e-01
 1.63802719e-01
 1.41390247e-01
 1.16356697e-01
 8.91945286e-02
 6.01579041e-02
 2.93376495e-02
 -3.13118463e-03
 -3.70616642e-02
 -7.19489405e-02
 -1.06550932e-01
 -1.39319878e-01
 -1.69380468e-01
 -1.97064305e-01
 -2.23005048e-01
 -2.47231737e-01
 -2.69162446e-01
 -2.88440799e-01
 -3.05136184e-01
 -3.19364425e-01
 -3.31246586e-01
 -3.40980534e-01
 -3.48828860e-01
 -3.55091429e-01
 -3.60049782e-01
 -3.63829994e-01
 -3.66294935e-01
 -3.67163525e-01
 1.56944057e-01
 1.54949819e-01
 1.48680947e-01
 1.37791402e-01
 1.22506378e-01
 1.03499768e-01
 8.14766653e-02
 5.69854378e-02
 3.04325614e-02
 2.12587904e-03
 -2.76833553e-02
 -5.87323908e-02
 -9.06741484e-02
 -1.22941359e-01
 -1.54643165e-01
 -1.84789700e-01
 -2.12756979e-01
 -2.38495424e-01
 -2.62181953e-01
 -2.83801242e-01
 -3.03128770e-01
 -3.20012196e-01
 -3.34476030e-01
 -3.46627026e-01
 -3.56603028e-01
 -3.64570219e-01
 -3.70726229e-01
 -3.75301496e-01
 -3.78527738e-01
 -3.80595089e-01
 -3.81686955e-01
 -3.82014628e-01
 1.00529468e-01
 9.70738639e-02
 8.76444695e-02
 7.41062727e-02
 5.77747826e-02
 3.90719826e-02
 1.80281767e-02
 -5.27807023e-03
 -3.06068506e-02
 -5.76143219e-02
 -8.59218106e-02
 -1.15133411e-01
 -1.44802964e-01
 -1.74373467e-01
 -2.03160178e-01
 -2.30472617e-01
 -2.55825855e-01
 -2.79032600e-01
 -3.00072002e-01
 -3.18911472e-01
 -3.35478370e-01
 -3.49747032e-01
 -3.61784071e-01
 -3.71720952e-01
 -3.79711007e-01
 -3.85888662e-01
 -3.90343163e-01
 -3.93158995e-01
 -3.94558300e-01
 -3.95009135e-01
 -3.95062688e-01
 -3.95053244e-01
 9.45911081e-03
 8.40616252e-03
 4.73893222e-03
 -2.47186543e-03
 -1.36907509e-02
 -2.87682671e-02
 -4.72452898e-02
 -6.85664907e-02
 -9.21470732e-02
 -1.17407128e-01
 -1.43799615e-01
 -1.70812100e-01
 -1.97939836e-01
 -2.24651942e-01
 -2.50390123e-01
 -2.74631278e-01
 -2.96984024e-01
 -3.17233667e-01
 -3.35295828e-01
 -3.51142535e-01
 -3.64778245e-01
 -3.76261580e-01
 -3.85721718e-01
 -3.93350475e-01
 -3.99381309e-01
 -4.04059433e-01
 -4.07593972e-01
 -4.10088059e-01
 -4.11506611e-01
 -4.11845819e-01
 -4.11495496e-01
 -4.11233853e-01
 -6.11612227e-02
 -6.22129414e-02
 -6.55217725e-02
 -7.15708966e-02
 -8.09907333e-02
 -9.41232130e-02
 -1.10781651e-01
 -1.30380371e-01
 -1.52190507e-01
 -1.75507245e-01
 -1.99703887e-01
 -2.24224706e-01
 -2.48557966e-01
 -2.72213088e-01
 -2.94720752e-01
 -3.15664666e-01
 -3.34727744e-01
 -3.51716427e-01
 -3.66546170e-01
 -3.79210523e-01
 -3.89764275e-01
 -3.98324205e-01
 -4.05072510e-01
 -4.10255794e-01
 -4.14184685e-01
 -4.17240823e-01
 -4.19890157e-01
 -4.22671402e-01
 -4.26049907e-01
 -4.29993795e-01
 -4.33502744e-01
 -4.34951972e-01
 -1.14168331e-01
 -1.15621729e-01
 -1.20122026e-01
 -1.27899824e-01
 -1.38981162e-01
 -1.53110437e-01
 -1.69843241e-01
 -1.88653084e-01
 -2.08993161e-01
 -2.30324059e-01
 -2.52127694e-01
 -2.73914248e-01
 -2.95223039e-01
 -3.15622611e-01
 -3.34719065e-01
 -3.52176887e-01
 -3.67744571e-01
 -3.81269613e-01
 -3.92695188e-01
 -4.02046077e-01
 -4.09416121e-01
 -4.14960674e-01
 -4.18889738e-01
 -4.21457550e-01
 -4.22946037e-01
 -4.23634843e-01
 -4.23740709e-01
 -4.23323541e-01
 -4.22262475e-01
 -4.20531540e-01
 -4.18704049e-01
 -4.17891424e-01
 -1.55268321e-01
 -1.58011168e-01
 -1.65781376e-01
 -1.77441440e-01
 -1.91714057e-01
 -2.07652136e-01
 -2.24756338e-01
 -2.42781696e-01
 -2.61506668e-01
 -2.80634565e-01
 -2.99802279e-01
 -3.18618694e-01
 -3.36695243e-01
 -3.53666033e-01
 -3.69205007e-01
 -3.83044545e-01
 -3.94993158e-01
 -4.04946027e-01
 -4.12884904e-01
 -4.18869981e-01
 -4.23028820e-01
 -4.25544506e-01
 -4.26641478e-01
 -4.26566269e-01
 -4.25562572e-01
 -4.23850144e-01
 -4.21640275e-01
 -4.19227251e-01
 -4.17090100e-01
 -4.15746487e-01
 -4.15288201e-01
 -4.15247402e-01
 -2.17582674e-01
 -2.20009775e-01
 -2.26728645e-01
 -2.36553598e-01
 -2.48513413e-01
 -2.62092241e-01
 -2.76957893e-01
 -2.92748361e-01
 -3.09064799e-01
 -3.25514823e-01
 -3.41724344e-01
 -3.57334339e-01
 -3.72003540e-01
 -3.85419247e-01
 -3.97312329e-01
 -4.07473006e-01
 -4.15764182e-01
 -4.22128946e-01
 -4.26590495e-01
 -4.29245490e-01
 -4.30253313e-01
 -4.29823041e-01
 -4.28198812e-01
 -4.25644215e-01
 -4.22426460e-01
 -4.18798210e-01
 -4.14966081e-01
 -4.11038968e-01
 -4.07027909e-01
 -4.03082257e-01
 -3.99903893e-01
 -3.98641832e-01
 -2.97542419e-01
 -2.97029341e-01
 -2.96609222e-01
 -2.98510634e-01
 -3.04092162e-01
 -3.13148710e-01
 -3.24617139e-01
 -3.37420404e-01
 -3.50777104e-01
 -3.64148217e-01
 -3.77120665e-01
 -3.89340066e-01
 -4.00490023e-01
 -4.10294651e-01
 -4.18529360e-01
 -4.25032774e-01
 -4.29716097e-01
 -4.32567555e-01
 -4.33650873e-01
 -4.33098329e-01
 -4.31099919e-01
 -4.27890523e-01
 -4.23737280e-01
 -4.18930828e-01
 -4.13786123e-01
 -4.08658866e-01
 -4.03977473e-01
 -4.00265133e-01
 -3.98053110e-01
 -3.97530562e-01
 -3.98082626e-01
 -3.98487620e-01
 -3.13076247e-01
 -3.16079916e-01
 -3.23933770e-01
 -3.34150910e-01
 -3.44745928e-01
 -3.55051710e-01
 -3.65221083e-01
 -3.75469820e-01
 -3.85765594e-01
 -3.95871533e-01
 -4.05465758e-01
 -4.14219792e-01
 -4.21835695e-01
 -4.28064125e-01
 -4.32715890e-01
 -4.35670619e-01
 -4.36882269e-01
 -4.36380384e-01
 -4.34266512e-01
 -4.30706194e-01
 -4.25917655e-01
 -4.20158610e-01
 -4.13712435e-01
 -4.06874515e-01
 -3.99938622e-01
 -3.93180346e-01
 -3.86826916e-01
 -3.81002311e-01
 -3.75705107e-01
 -3.71007354e-01
 -3.67469649e-01
 -3.66105692e-01
 -3.79183919e-01
 -3.79831183e-01
 -3.81668775e-01
 -3.84585420e-01
 -3.88621266e-01
 -3.93781098e-01
 -3.99880740e-01
 -4.06592671e-01
 -4.13532606e-01
 -4.20306995e-01
 -4.26539486e-01
 -4.31890797e-01
 -4.36073153e-01
 -4.38860330e-01
 -4.40094990e-01
 -4.39693740e-01
 -4.37649253e-01
 -4.34028632e-01
 -4.28967739e-01
 -4.22661911e-01
 -4.15354088e-01
 -4.07321458e-01
 -3.98861092e-01
 -3.90273319e-01
 -3.81839841e-01
 -3.73798555e-01
 -3.66342158e-01
 -3.59697195e-01
 -3.54259832e-01
 -3.50521217e-01
 -3.48609613e-01
 -3.48084207e-01
 -4.35409804e-01
 -4.33323163e-01
 -4.28662626e-01
 -4.24519059e-01
 -4.22804883e-01
 -4.23638874e-01
 -4.26262250e-01
 -4.29841252e-01
 -4.33718386e-01
 -4.37394301e-01
 -4.40470851e-01
 -4.42620754e-01
 -4.43580721e-01
 -4.43154809e-01
 -4.41219692e-01
 -4.37728109e-01
 -4.32708973e-01
 -4.26263643e-01
 -4.18558474e-01
 -4.09814347e-01
 -4.00294270e-01
 -3.90290470e-01
 -3.80112555e-01
 -3.70078327e-01
 -3.60507401e-01
 -3.51709806e-01
 -3.43940166e-01
 -3.37281142e-01
 -3.31544839e-01
 -3.26526275e-01
 -3.22669476e-01
 -3.21152170e-01
 -4.16412616e-01
 -4.19363591e-01
 -4.26151983e-01
 -4.32978279e-01
 -4.37843542e-01
 -4.40955972e-01
 -4.43175924e-01
 -4.45007906e-01
 -4.46513215e-01
 -4.47517452e-01
 -4.47769066e-01
 -4.47017363e-01
 -4.45049554e-01
 -4.41710915e-01
 -4.36916231e-01
 -4.30654832e-01
 -4.22990208e-01
 -4.14054990e-01
 -4.04042168e-01
 -3.93193543e-01
 -3.81786600e-01
 -3.70121149e-01
 -3.58507595e-01
 -3.47259901e-01
 -3.36699238e-01
 -3.27179668e-01
 -3.19150746e-01
 -3.13235544e-01
 -3.10138846e-01
 -3.10034888e-01
 -3.11661516e-01
 -3.12633639e-01
 -4.63532728e-01
 -4.61535189e-01
 -4.57384927e-01
 -4.54193884e-01
 -4.53062058e-01
 -4.53173379e-01
 -4.53483981e-01
 -4.53447571e-01
 -4.52842147e-01
 -4.51512669e-01
 -4.49284235e-01
 -4.45973318e-01
 -4.41419950e-01
 -4.35513647e-01
 -4.28208836e-01
 -4.19531221e-01
 -4.09577120e-01
 -3.98507523e-01
 -3.86538291e-01
 -3.73927768e-01
 -3.60962865e-01
 -3.47944443e-01
 -3.35172296e-01
 -3.22928938e-01
 -3.11458519e-01
 -3.00930147e-01
 -2.91366111e-01
 -2.82543718e-01
 -2.74046481e-01
 -2.65843313e-01
 -2.59228848e-01
 -2.56592386e-01
 -4.48804606e-01
 -4.50755425e-01
 -4.54862428e-01
 -4.58166421e-01
 -4.59493562e-01
 -4.59293326e-01
 -4.58178359e-01
 -4.56371363e-01
 -4.53840274e-01
 -4.50462659e-01
 -4.46089348e-01
 -4.40573323e-01
 -4.33795238e-01
 -4.25684890e-01
 -4.16234828e-01
 -4.05505627e-01
 -3.93624191e-01
 -3.80776832e-01
 -3.67198683e-01
 -3.53160804e-01
 -3.38956006e-01
 -3.24883969e-01
 -3.11235524e-01
 -2.98275139e-01
 -2.86221223e-01
 -2.75231236e-01
 -2.65422910e-01
 -2.56986138e-01
 -2.50340066e-01
 -2.46001251e-01
 -2.43962977e-01
 -2.43459325e-01
 -4.75154453e-01
 -4.73605594e-01
 -4.70142198e-01
 -4.66678249e-01
 -4.63840659e-01
 -4.61220057e-01
 -4.58326537e-01
 -4.54869693e-01
 -4.50662214e-01
 -4.45542836e-01
 -4.39362346e-01
 -4.31994097e-01
 -4.23350267e-01
 -4.13396416e-01
 -4.02160585e-01
 -3.89735850e-01
 -3.76276959e-01
 -3.61992353e-01
 -3.47132977e-01
 -3.31979211e-01
 -3.16827068e-01
 -3.01974459e-01
 -2.87708189e-01
 -2.74292819e-01
 -2.61965010e-01
 -2.50940541e-01
 -2.41434230e-01
 -2.33655476e-01
 -2.27719908e-01
 -2.23557019e-01
 -2.21035672e-01
 -2.20174377e-01
 -4.70429157e-01
 -4.69938602e-01
 -4.68353849e-01
 -4.65739650e-01
 -4.62493600e-01
 -4.58858126e-01
 -4.54765634e-01
 -4.50034081e-01
 -4.44483868e-01
 -4.37952428e-01
 -4.30298942e-01
 -4.21417150e-01
 -4.11248515e-01
 -3.99791798e-01
 -3.87107911e-01
 -3.73319601e-01
 -3.58606341e-01
 -3.43195411e-01
 -3.27350257e-01
 -3.11357466e-01
 -2.95513592e-01
 -2.80112967e-01
 -2.65437623e-01
 -2.51750709e-01
 -2.39294426e-01
 -2.28288703e-01
 -2.18913644e-01
 -2.11254502e-01
 -2.05244925e-01
 -2.00744300e-01
 -1.97798739e-01
 -1.96742357e-01
 -4.59458206e-01
 -4.59648340e-01
 -4.59827607e-01
 -4.59116198e-01
 -4.56923267e-01
 -4.53323654e-01
 -4.48642574e-01
 -4.43041561e-01
 -4.36486011e-01
 -4.28859021e-01
 -4.20043304e-01
 -4.09958206e-01
 -3.98575177e-01
 -3.85924536e-01
 -3.72097304e-01
 -3.57242676e-01
 -3.41561436e-01
 -3.25296428e-01
 -3.08720555e-01
 -2.92123868e-01
 -2.75800968e-01
 -2.60039976e-01
 -2.45114108e-01
 -2.31276611e-01
 -2.18758146e-01
 -2.07764109e-01
 -1.98475263e-01
 -1.91075527e-01
 -1.85804643e-01
 -1.82843495e-01
 -1.81832433e-01
 -1.81714838e-01
 -4.58232711e-01
 -4.57898543e-01
 -4.56702573e-01
 -4.54405799e-01
 -4.51010137e-01
 -4.46626781e-01
 -4.41324119e-01
 -4.35076632e-01
 -4.27786943e-01
 -4.19337180e-01
 -4.09630610e-01
 -3.98614292e-01
 -3.86289526e-01
 -3.72715844e-01
 -3.58011001e-01
 -3.42347004e-01
 -3.25942315e-01
 -3.09052231e-01
 -2.91956444e-01
 -2.74946338e-01
 -2.58312726e-01
 -2.42335549e-01
 -2.27276024e-01
 -2.13371681e-01
 -2.00831884e-01
 -1.89829229e-01
 -1.80478682e-01
 -1.72788185e-01
 -1.66587153e-01
 -1.61613956e-01
 -1.58011623e-01
 -1.56618863e-01
 -4.57647503e-01
 -4.56467638e-01
 -4.53389871e-01
 -4.49268538e-01
 -4.44654267e-01
 -4.39595291e-01
 -4.33852062e-01
 -4.27169858e-01
 -4.19365694e-01
 -4.10316220e-01
 -3.99946184e-01
 -3.88230231e-01
 -3.75197185e-01
 -3.60932084e-01
 -3.45575205e-01
 -3.29317472e-01
 -3.12391211e-01
 -2.95061419e-01
 -2.77612330e-01
 -2.60335284e-01
 -2.43516397e-01
 -2.27426910e-01
 -2.12315220e-01
 -1.98402083e-01
 -1.85875773e-01
 -1.74884175e-01
 -1.65521508e-01
 -1.57812128e-01
 -1.51712847e-01
 -1.47185595e-01
 -1.44330182e-01
 -1.43347066e-01
 -4.52958445e-01
 -4.51517062e-01
 -4.47781847e-01
 -4.43076863e-01
 -4.38187903e-01
 -4.32999133e-01
 -4.27099870e-01
 -4.20170130e-01
 -4.12022160e-01
 -4.02550599e-01
 -3.91704725e-01
 -3.79483945e-01
 -3.65940151e-01
 -3.51178921e-01
 -3.35358194e-01
 -3.18683836e-01
 -3.01398185e-01
 -2.83773626e-01
 -2.66097090e-01
 -2.48659277e-01
 -2.31741546e-01
 -2.15607352e-01
 -2.00493444e-01
 -1.86605897e-01
 -1.74115700e-01
 -1.63154309e-01
 -1.53814518e-01
 -1.46181798e-01
 -1.40419038e-01
 -1.36731631e-01
 -1.34969318e-01
 -1.34507136e-01
 -4.45230463e-01
 -4.43861930e-01
 -4.40692875e-01
 -4.36859593e-01
 -4.32593182e-01
 -4.27667460e-01
 -4.21785793e-01
 -4.14729270e-01
 -4.06363169e-01
 -3.96611988e-01
 -3.85446882e-01
 -3.72886557e-01
 -3.58999848e-01
 -3.43907305e-01
 -3.27779258e-01
 -3.10832611e-01
 -2.93315994e-01
 -2.75507293e-01
 -2.57694648e-01
 -2.40168164e-01
 -2.23205066e-01
 -2.07062938e-01
 -1.91969363e-01
 -1.78119403e-01
 -1.65671671e-01
 -1.54746810e-01
 -1.45434245e-01
 -1.37821519e-01
 -1.32065675e-01
 -1.28389623e-01
 -1.26731365e-01
 -1.26354895e-01
 -4.38202605e-01
 -4.37493398e-01
 -4.35504874e-01
 -4.32641084e-01
 -4.28942398e-01
 -4.24253651e-01
 -4.18413623e-01
 -4.11294705e-01
 -4.02806617e-01
 -3.92895470e-01
 -3.81546756e-01
 -3.68791029e-01
 -3.54707439e-01
 -3.39425526e-01
 -3.23122895e-01
 -3.06023317e-01
 -2.88378669e-01
 -2.70470364e-01
 -2.52586863e-01
 -2.35017952e-01
 -2.18038005e-01
 -2.01901067e-01
 -1.86828883e-01
 -1.73009737e-01
 -1.60594770e-01
 -1.49697107e-01
 -1.40398724e-01
 -1.32757384e-01
 -1.26834903e-01
 -1.22712786e-01
 -1.20481214e-01
 -1.19928943e-01
 -4.35395000e-01
 -4.34930311e-01
 -4.33521228e-01
 -4.31124281e-01
 -4.27672180e-01
 -4.23081091e-01
 -4.17260064e-01
 -4.10122249e-01
 -4.01594707e-01
 -3.91631458e-01
 -3.80222802e-01
 -3.67403332e-01
 -3.53255587e-01
 -3.37912152e-01
 -3.21552967e-01
 -3.04404199e-01
 -2.86718642e-01
 -2.68778994e-01
 -2.50873689e-01
 -2.33292478e-01
 -2.16308653e-01
 -2.00175161e-01
 -1.85111656e-01
 -1.71304267e-01
 -1.58901563e-01
 -1.48014741e-01
 -1.38724625e-01
 -1.31083756e-01
 -1.25123584e-01
 -1.20860432e-01
 -1.18301197e-01
 -1.17448000e-01
