 3.01754600e+00
 3.01663929e+00
 3.01961826e+00
 3.02909353e+00
 3.03310024e+00
 3.05660733e+00
 3.05251232e+00
 3.05868512e+00
 3.06190314e+00
 3.07030127e+00
 3.07590300e+00
 3.02035036e+00
 3.02036936e+00
 3.02379636e+00
 3.03209697e+00
 3.03900717e+00
 3.05868778e+00
 3.05889330e+00
 3.06448654e+00
 3.06893406e+00
 3.07479661e+00
 3.07709404e+00
 3.02886127e+00
 3.03012880e+00
 3.03468186e+00
 3.04279210e+00
 3.05357913e+00
 3.06846817e+00
 3.07530078e+00
 3.08135564e+00
 3.08624064e+00
 3.08830834e+00
 3.08821715e+00
 3.04268622e+00
 3.04471538e+00
 3.05080231e+00
 3.06069798e+00
 3.07367074e+00
 3.08762874e+00
 3.09800923e+00
 3.10508557e+00
 3.10967091e+00
 3.11269190e+00
 3.11403521e+00
 3.05959937e+00
 3.06224787e+00
 3.06995538e+00
 3.08193335e+00
 3.09659049e+00
 3.11115057e+00
 3.12234202e+00
 3.12851714e+00
 3.12976989e+00
 3.12829829e+00
 3.12738934e+00
 3.07481511e+00
 3.07798566e+00
 3.08705042e+00
 3.10062562e+00
 3.11628436e+00
 3.13065959e+00
 3.14053189e+00
 3.14443952e+00
 3.14289202e+00
 3.13779487e+00
 3.13449817e+00
 3.08248330e+00
 3.08597636e+00
 3.09578202e+00
 3.10995012e+00
 3.12526411e+00
 3.13761314e+00
 3.14390546e+00
 3.14423032e+00
 3.14242932e+00
 3.14406184e+00
 3.14670726e+00
 3.07961733e+00
 3.08310622e+00
 3.09275980e+00
 3.10633181e+00
 3.12006597e+00
 3.12876959e+00
 3.12951739e+00
 3.12410703e+00
 3.11429819e+00
 3.10099780e+00
 3.09309820e+00
 3.06924376e+00
 3.07231538e+00
 3.08090491e+00
 3.09324897e+00
 3.10542470e+00
 3.11048279e+00
 3.10504143e+00
 3.09619751e+00
 3.08659894e+00
 3.08353336e+00
 3.08352807e+00
 3.05862497e+00
 3.06095485e+00
 3.06800010e+00
 3.07967212e+00
 3.09120319e+00
 3.09449124e+00
 3.08290198e+00
 3.07407463e+00
 3.06078599e+00
 3.06761181e+00
 3.07535851e+00
 3.05423800e+00
 3.05624946e+00
 3.06235505e+00
 3.07410835e+00
 3.08545999e+00
 3.08863432e+00
 3.07384086e+00
 3.06643704e+00
 3.04805140e+00
 3.05653360e+00
 3.06806900e+00
