 2.60992500e+00
 2.60874520e+00
 2.61337958e+00
 2.63643439e+00
 2.67438029e+00
 2.66766900e+00
 2.71848265e+00
 2.76925257e+00
 2.78986810e+00
 2.81037714e+00
 2.82022100e+00
 2.60240816e+00
 2.60402568e+00
 2.61187899e+00
 2.63474359e+00
 2.66766731e+00
 2.67180855e+00
 2.71821996e+00
 2.76613814e+00
 2.79064427e+00
 2.81044973e+00
 2.81786807e+00
 2.59088921e+00
 2.59664206e+00
 2.60925743e+00
 2.63052793e+00
 2.65766715e+00
 2.67936687e+00
 2.72040299e+00
 2.76356258e+00
 2.79310227e+00
 2.81165746e+00
 2.81778583e+00
 2.59454698e+00
 2.59817935e+00
 2.61040920e+00
 2.63051672e+00
 2.65742125e+00
 2.68983086e+00
 2.73089845e+00
 2.77220780e+00
 2.80416999e+00
 2.82390251e+00
 2.83043095e+00
 2.61514947e+00
 2.61856730e+00
 2.62616952e+00
 2.64246005e+00
 2.67137989e+00
 2.71014755e+00
 2.75417445e+00
 2.79570957e+00
 2.82740686e+00
 2.84665933e+00
 2.85330042e+00
 2.65064397e+00
 2.64256419e+00
 2.64069029e+00
 2.66109264e+00
 2.69695686e+00
 2.74118435e+00
 2.78747564e+00
 2.82850912e+00
 2.85819214e+00
 2.87362274e+00
 2.87741681e+00
 2.54838973e+00
 2.57994569e+00
 2.63612996e+00
 2.68411190e+00
 2.72925014e+00
 2.77621880e+00
 2.82160485e+00
 2.85979733e+00
 2.88846853e+00
 2.90912464e+00
 2.91812783e+00
 2.70147024e+00
 2.69315158e+00
 2.69556854e+00
 2.72326370e+00
 2.76403020e+00
 2.80860041e+00
 2.85006627e+00
 2.88284303e+00
 2.90323715e+00
 2.90902485e+00
 2.90753488e+00
 2.71188555e+00
 2.71825322e+00
 2.73205943e+00
 2.75688362e+00
 2.79354445e+00
 2.83433043e+00
 2.87156607e+00
 2.90039592e+00
 2.92027453e+00
 2.93481806e+00
 2.94187119e+00
 2.71872216e+00
 2.72966816e+00
 2.75039715e+00
 2.77751301e+00
 2.81278180e+00
 2.85096968e+00
 2.88533005e+00
 2.91169461e+00
 2.92991135e+00
 2.94351753e+00
 2.95092275e+00
 2.73719400e+00
 2.74236945e+00
 2.75823267e+00
 2.78475530e+00
 2.81947673e+00
 2.85675627e+00
 2.89012334e+00
 2.91559421e+00
 2.93247335e+00
 2.94180911e+00
 2.94476300e+00
