 2.82520100e+00
 2.82621404e+00
 2.82651870e+00
 2.82538654e+00
 2.83234360e+00
 2.83845221e+00
 2.87203615e+00
 2.78572182e+00
 2.89318509e+00
 2.91000540e+00
 2.88035900e+00
 2.82201928e+00
 2.82287270e+00
 2.82234622e+00
 2.82285858e+00
 2.82855294e+00
 2.83808758e+00
 2.85997513e+00
 2.80766369e+00
 2.87864104e+00
 2.89125577e+00
 2.87661362e+00
 2.81335747e+00
 2.81324551e+00
 2.81262804e+00
 2.81433702e+00
 2.82011858e+00
 2.83214635e+00
 2.84330035e+00
 2.83595495e+00
 2.86287457e+00
 2.87430050e+00
 2.87445430e+00
 2.80132474e+00
 2.80066877e+00
 2.79977978e+00
 2.80156026e+00
 2.80860439e+00
 2.82115361e+00
 2.83371970e+00
 2.84368762e+00
 2.85750291e+00
 2.86825130e+00
 2.87278531e+00
 2.78810094e+00
 2.78703757e+00
 2.78535389e+00
 2.78675066e+00
 2.79450235e+00
 2.80845753e+00
 2.82475628e+00
 2.83972207e+00
 2.84995053e+00
 2.85188894e+00
 2.85037018e+00
 2.77538501e+00
 2.77373375e+00
 2.77069636e+00
 2.77092679e+00
 2.77854538e+00
 2.79372446e+00
 2.81284046e+00
 2.83171762e+00
 2.84812325e+00
 2.86123554e+00
 2.86703497e+00
 2.76454663e+00
 2.76209503e+00
 2.75706576e+00
 2.75516034e+00
 2.76146372e+00
 2.77666322e+00
 2.79705030e+00
 2.81760404e+00
 2.83461536e+00
 2.84556303e+00
 2.84922152e+00
 2.75659534e+00
 2.75318139e+00
 2.74574548e+00
 2.74117149e+00
 2.74498661e+00
 2.75877232e+00
 2.77928285e+00
 2.79981406e+00
 2.81634006e+00
 2.82508190e+00
 2.82696001e+00
 2.75176924e+00
 2.74707858e+00
 2.73704521e+00
 2.73113741e+00
 2.73152352e+00
 2.74258367e+00
 2.76365971e+00
 2.78273153e+00
 2.80127347e+00
 2.81907588e+00
 2.82604668e+00
 2.74945856e+00
 2.74231550e+00
 2.72985684e+00
 2.72677034e+00
 2.72288961e+00
 2.73057411e+00
 2.75417289e+00
 2.76966514e+00
 2.78420217e+00
 2.81101341e+00
 2.82481980e+00
 2.74881600e+00
 2.73948334e+00
 2.72630069e+00
 2.72628690e+00
 2.71988247e+00
 2.72590545e+00
 2.75136483e+00
 2.76495797e+00
 2.77498513e+00
 2.80461084e+00
 2.82244400e+00
