 3.42596100e+00
 3.44608786e+00
 3.47143854e+00
 3.46244035e+00
 3.45064767e+00
 3.38867019e+00
 3.32094590e+00
 3.32745379e+00
 3.25902589e+00
 3.22107124e+00
 3.21810300e+00
 3.42776815e+00
 3.43828356e+00
 3.45558664e+00
 3.44882352e+00
 3.43176445e+00
 3.37324966e+00
 3.31103534e+00
 3.29972500e+00
 3.24412336e+00
 3.21720703e+00
 3.21886325e+00
 3.42163864e+00
 3.42024472e+00
 3.41790955e+00
 3.40661077e+00
 3.37997870e+00
 3.32681270e+00
 3.26972025e+00
 3.23129580e+00
 3.19058868e+00
 3.17521341e+00
 3.17622385e+00
 3.38082051e+00
 3.37468071e+00
 3.36001918e+00
 3.33811941e+00
 3.30253343e+00
 3.24936352e+00
 3.18944173e+00
 3.13409656e+00
 3.08576665e+00
 3.05318913e+00
 3.04180070e+00
 3.29314324e+00
 3.28930004e+00
 3.27568417e+00
 3.24882618e+00
 3.20605194e+00
 3.14819189e+00
 3.08291388e+00
 3.01928665e+00
 2.96220759e+00
 2.91590977e+00
 2.89578245e+00
 3.20156014e+00
 3.19754222e+00
 3.18236392e+00
 3.15096032e+00
 3.10186820e+00
 3.03896497e+00
 2.97066987e+00
 2.90733190e+00
 2.85997174e+00
 2.83806125e+00
 2.83482409e+00
 3.12770822e+00
 3.12039438e+00
 3.09808198e+00
 3.05915700e+00
 3.00356664e+00
 2.93727534e+00
 2.86865611e+00
 2.80596433e+00
 2.75406731e+00
 2.71467666e+00
 2.69777497e+00
 3.06125763e+00
 3.05239186e+00
 3.02683735e+00
 2.98287678e+00
 2.92002703e+00
 2.85350962e+00
 2.78660311e+00
 2.72768752e+00
 2.68152292e+00
 2.65379491e+00
 2.64604825e+00
 3.00335017e+00
 2.99512335e+00
 2.97432396e+00
 2.93192225e+00
 2.85231764e+00
 2.79471447e+00
 2.72711329e+00
 2.67441317e+00
 2.63237709e+00
 2.60421010e+00
 2.59412843e+00
 2.96415615e+00
 2.95408741e+00
 2.94292209e+00
 2.91562225e+00
 2.79698873e+00
 2.76716763e+00
 2.68734914e+00
 2.64638729e+00
 2.60280497e+00
 2.57615227e+00
 2.56914149e+00
 2.95015900e+00
 2.93710039e+00
 2.93105432e+00
 2.91813904e+00
 2.77102955e+00
 2.76265754e+00
 2.67121836e+00
 2.63956559e+00
 2.59232400e+00
 2.56915669e+00
 2.56745900e+00
