 3.56757800e+00
 3.55413500e+00
 3.55038587e+00
 3.56744335e+00
 3.51701214e+00
 3.55655731e+00
 3.51146452e+00
 3.51099909e+00
 3.48631603e+00
 3.47870814e+00
 3.48203900e+00
 3.57983696e+00
 3.56973803e+00
 3.56297378e+00
 3.56791078e+00
 3.53304013e+00
 3.55586644e+00
 3.52239846e+00
 3.51456736e+00
 3.49439747e+00
 3.48444781e+00
 3.48388878e+00
 3.60293821e+00
 3.59676137e+00
 3.58725109e+00
 3.57949828e+00
 3.56379572e+00
 3.56402834e+00
 3.54507270e+00
 3.52940419e+00
 3.51198643e+00
 3.49749848e+00
 3.49195393e+00
 3.61411831e+00
 3.61255570e+00
 3.60779784e+00
 3.60084153e+00
 3.59228747e+00
 3.58434386e+00
 3.57015112e+00
 3.55357679e+00
 3.53693094e+00
 3.52268818e+00
 3.51655751e+00
 3.62074517e+00
 3.62069483e+00
 3.62081031e+00
 3.61962170e+00
 3.61530122e+00
 3.60712581e+00
 3.59429199e+00
 3.57903651e+00
 3.56606572e+00
 3.55971303e+00
 3.55869370e+00
 3.61622956e+00
 3.62045275e+00
 3.62822442e+00
 3.63289991e+00
 3.63213219e+00
 3.62556049e+00
 3.61343869e+00
 3.59764423e+00
 3.58189825e+00
 3.57019072e+00
 3.56572491e+00
 3.63573807e+00
 3.63688579e+00
 3.64012386e+00
 3.64336214e+00
 3.64334382e+00
 3.63783457e+00
 3.62623243e+00
 3.60929274e+00
 3.58985439e+00
 3.57342826e+00
 3.56685579e+00
 3.64673489e+00
 3.64652862e+00
 3.64734572e+00
 3.64934453e+00
 3.64938186e+00
 3.64432282e+00
 3.63379444e+00
 3.61756198e+00
 3.59798748e+00
 3.58163557e+00
 3.57514716e+00
 3.63982811e+00
 3.64194378e+00
 3.64746784e+00
 3.65059769e+00
 3.65155074e+00
 3.64586305e+00
 3.63721224e+00
 3.62346843e+00
 3.60459537e+00
 3.58917608e+00
 3.58406740e+00
 3.62770929e+00
 3.63594500e+00
 3.64944036e+00
 3.64896321e+00
 3.65247384e+00
 3.64411990e+00
 3.63793073e+00
 3.62734537e+00
 3.60878692e+00
 3.58860208e+00
 3.58058947e+00
 3.62133100e+00
 3.63526923e+00
 3.65234378e+00
 3.64723550e+00
 3.65313164e+00
 3.64264575e+00
 3.63791271e+00
 3.62873506e+00
 3.61090317e+00
 3.58756616e+00
 3.57651100e+00
