 -3.42786000e-01
 -3.42952722e-01
 -3.42765034e-01
 -3.40606204e-01
 -3.35210757e-01
 -3.27603236e-01
 -3.22091891e-01
 -3.18227168e-01
 -3.13248248e-01
 -3.13174961e-01
 -2.89743459e-01
 -2.84548696e-01
 -2.73718167e-01
 -2.46802596e-01
 -2.33585053e-01
 -2.24448615e-01
 -2.04280646e-01
 -1.92610181e-01
 -1.70676498e-01
 -1.53926831e-01
 -1.44587113e-01
 -1.23295467e-01
 -1.15880957e-01
 -1.13993178e-01
 -9.22682485e-02
 -8.77430792e-02
 -7.59878142e-02
 -6.56179534e-02
 -5.89437484e-02
 -5.55876137e-02
 -5.43401514e-02
 -5.40730000e-02
 -3.41180193e-01
 -3.41375600e-01
 -3.41370048e-01
 -3.39383288e-01
 -3.34342830e-01
 -3.27092253e-01
 -3.21529646e-01
 -3.17313549e-01
 -3.12426899e-01
 -3.11042523e-01
 -2.89256008e-01
 -2.83055869e-01
 -2.71847328e-01
 -2.45956195e-01
 -2.32394157e-01
 -2.22623818e-01
 -2.03024148e-01
 -1.90705272e-01
 -1.69315588e-01
 -1.52633412e-01
 -1.42619874e-01
 -1.22267085e-01
 -1.14479402e-01
 -1.11370195e-01
 -9.13997207e-02
 -8.56575338e-02
 -7.44805778e-02
 -6.43884029e-02
 -5.79145717e-02
 -5.44771690e-02
 -5.31289075e-02
 -5.26993201e-02
 -3.37373680e-01
 -3.37626534e-01
 -3.37723296e-01
 -3.36037704e-01
 -3.31726877e-01
 -3.25317777e-01
 -3.19613851e-01
 -3.14617001e-01
 -3.09604327e-01
 -3.05317081e-01
 -2.87188717e-01
 -2.78690527e-01
 -2.66491243e-01
 -2.43122208e-01
 -2.28713997e-01
 -2.17369131e-01
 -1.99037698e-01
 -1.85225532e-01
 -1.65134879e-01
 -1.48621524e-01
 -1.37040260e-01
 -1.18905936e-01
 -1.10117754e-01
 -1.04312893e-01
 -8.80769108e-02
 -8.00069444e-02
 -6.99229656e-02
 -6.06619690e-02
 -5.45577417e-02
 -5.09665007e-02
 -4.92277144e-02
 -4.86266535e-02
 -3.33542805e-01
 -3.33505894e-01
 -3.33061694e-01
 -3.31232801e-01
 -3.27378215e-01
 -3.21742617e-01
 -3.15853324e-01
 -3.10032350e-01
 -3.04215917e-01
 -2.97189772e-01
 -2.82402275e-01
 -2.71613140e-01
 -2.58204039e-01
 -2.37646401e-01
 -2.22297638e-01
 -2.09117776e-01
 -1.91926835e-01
 -1.76644291e-01
 -1.57949701e-01
 -1.41638598e-01
 -1.28504486e-01
 -1.12643839e-01
 -1.02616367e-01
 -9.43071082e-02
 -8.12796586e-02
 -7.17329158e-02
 -6.24771717e-02
 -5.42794303e-02
 -4.84997209e-02
 -4.47717411e-02
 -4.26986077e-02
 -4.20027829e-02
 -3.30577503e-01
 -3.29989278e-01
 -3.28231919e-01
 -3.25328308e-01
 -3.21225429e-01
 -3.15880565e-01
 -3.09760900e-01
 -3.03157893e-01
 -2.96073693e-01
 -2.87194201e-01
 -2.74229076e-01
 -2.61823676e-01
 -2.47400914e-01
 -2.28970277e-01
 -2.12897696e-01
 -1.98152982e-01
 -1.81521960e-01
 -1.65305737e-01
 -1.47674184e-01
 -1.31567260e-01
 -1.17476738e-01
 -1.03140216e-01
 -9.21024412e-02
 -8.22476857e-02
 -7.10139689e-02
 -6.12276163e-02
 -5.25486108e-02
 -4.52169980e-02
 -3.97440851e-02
 -3.60007858e-02
 -3.38113269e-02
 -3.30823152e-02
 -3.24373421e-01
 -3.23247212e-01
 -3.20500016e-01
 -3.16978054e-01
 -3.12716376e-01
 -3.07386600e-01
 -3.00954533e-01
 -2.93568350e-01
 -2.85204111e-01
 -2.75117970e-01
 -2.62625856e-01
 -2.49218472e-01
 -2.34134404e-01
 -2.16884375e-01
 -2.00365846e-01
 -1.84523773e-01
 -1.67960857e-01
 -1.51347317e-01
 -1.34402129e-01
 -1.18527693e-01
 -1.04104455e-01
 -9.05382367e-02
 -7.89457395e-02
 -6.84162870e-02
 -5.80415193e-02
 -4.86611625e-02
 -4.05357881e-02
 -3.38314282e-02
 -2.86959484e-02
 -2.50903284e-02
 -2.29489190e-02
 -2.22371889e-02
 -3.06771220e-01
 -3.06929654e-01
 -3.06712892e-01
 -3.05022164e-01
 -3.01447014e-01
 -2.96096574e-01
 -2.89212630e-01
 -2.81014350e-01
 -2.71547635e-01
 -2.60534651e-01
 -2.47786386e-01
 -2.33720478e-01
 -2.18239655e-01
 -2.01470584e-01
 -1.84705428e-01
 -1.68209897e-01
 -1.51533361e-01
 -1.34863990e-01
 -1.18390579e-01
 -1.02822966e-01
 -8.84835888e-02
 -7.53299077e-02
 -6.36224936e-02
 -5.30063944e-02
 -4.31844948e-02
 -3.44048919e-02
 -2.68814150e-02
 -2.07267889e-02
 -1.59827938e-02
 -1.26286357e-02
 -1.06309624e-02
 -9.96739322e-03
 -2.98430931e-01
 -2.97759383e-01
 -2.95870782e-01
 -2.92795398e-01
 -2.88278616e-01
 -2.82144961e-01
 -2.74461732e-01
 -2.65379648e-01
 -2.54963604e-01
 -2.43145599e-01
 -2.29888058e-01
 -2.15333853e-01
 -1.99596132e-01
 -1.82962591e-01
 -1.66088761e-01
 -1.49298511e-01
 -1.32577596e-01
 -1.16066585e-01
 -1.00030785e-01
 -8.48879583e-02
 -7.09013621e-02
 -5.81552423e-02
 -4.66963270e-02
 -3.63923906e-02
 -2.71510992e-02
 -1.90500501e-02
 -1.21880867e-02
 -6.61398976e-03
 -2.32805506e-03
 6.97824368e-04
 2.49701070e-03
 3.09380576e-03
 -2.86761415e-01
 -2.85948771e-01
 -2.83373202e-01
 -2.78929152e-01
 -2.72812738e-01
 -2.65304182e-01
 -2.56549824e-01
 -2.46573788e-01
 -2.35351476e-01
 -2.22851690e-01
 -2.09089881e-01
 -1.94172178e-01
 -1.78274991e-01
 -1.61695254e-01
 -1.44853779e-01
 -1.28066499e-01
 -1.11501540e-01
 -9.53439489e-02
 -7.98451024e-02
 -6.52915829e-02
 -5.18894215e-02
 -3.97330762e-02
 -2.88381985e-02
 -1.91547490e-02
 -1.06461038e-02
 -3.32382814e-03
 2.79422885e-03
 7.71509115e-03
 1.14714648e-02
 1.41087645e-02
 1.56705455e-02
 1.61874908e-02
 -2.73537159e-01
 -2.71782455e-01
 -2.67079261e-01
 -2.60546068e-01
 -2.52963165e-01
 -2.44521027e-01
 -2.35092554e-01
 -2.24523406e-01
 -2.12741532e-01
 -1.99752882e-01
 -1.85626595e-01
 -1.70497572e-01
 -1.54570022e-01
 -1.38125877e-01
 -1.21499792e-01
 -1.04993509e-01
 -8.88434828e-02
 -7.32682642e-02
 -5.84967313e-02
 -4.47470743e-02
 -3.21781236e-02
 -2.08691759e-02
 -1.08328097e-02
 -2.04065154e-03
 5.54294705e-03
 1.19488674e-02
 1.72141636e-02
 2.13907636e-02
 2.45425341e-02
 2.67352875e-02
 2.80255411e-02
 2.84511788e-02
 -2.37538359e-01
 -2.37017800e-01
 -2.35254016e-01
 -2.31837072e-01
 -2.26483788e-01
 -2.19175574e-01
 -2.10082419e-01
 -1.99425959e-01
 -1.87400884e-01
 -1.74169983e-01
 -1.59892839e-01
 -1.44755234e-01
 -1.28986498e-01
 -1.12862406e-01
 -9.66857037e-02
 -8.07471022e-02
 -6.53025821e-02
 -5.05804270e-02
 -3.67882737e-02
 -2.41010450e-02
 -1.26394364e-02
 -2.46043738e-03
 6.43446303e-03
 1.40812726e-02
 2.05359804e-02
 2.58666327e-02
 3.01527312e-02
 3.34834916e-02
 3.59513760e-02
 3.76425121e-02
 3.86267747e-02
 3.89496184e-02
 -2.07384069e-01
 -2.07226398e-01
 -2.06307032e-01
 -2.03726089e-01
 -1.98892021e-01
 -1.91784779e-01
 -1.82705429e-01
 -1.71988419e-01
 -1.59901402e-01
 -1.46663320e-01
 -1.32483011e-01
 -1.17584946e-01
 -1.02220823e-01
 -8.66687723e-02
 -7.12195681e-02
 -5.61544231e-02
 -4.17276177e-02
 -2.81603886e-02
 -1.56377402e-02
 -4.30036587e-03
 5.76503906e-03
 1.45287480e-02
 2.20114426e-02
 2.82720888e-02
 3.33961726e-02
 3.74875290e-02
 4.06623455e-02
 4.30423180e-02
 4.47458494e-02
 4.58782119e-02
 4.65222386e-02
 4.67308449e-02
 -1.94150151e-01
 -1.92249539e-01
 -1.87175547e-01
 -1.80213747e-01
 -1.72276365e-01
 -1.63550841e-01
 -1.53846570e-01
 -1.42997635e-01
 -1.31003309e-01
 -1.17995850e-01
 -1.04180807e-01
 -8.98023859e-02
 -7.51288145e-02
 -6.04429077e-02
 -4.60294650e-02
 -3.21592544e-02
 -1.90744850e-02
 -6.97908610e-03
 3.96794506e-03
 1.36585854e-02
 2.20400827e-02
 2.91144985e-02
 3.49326295e-02
 3.95844474e-02
 4.31889793e-02
 4.58850208e-02
 4.78221910e-02
 4.91514105e-02
 5.00146939e-02
 5.05349974e-02
 5.08072022e-02
 5.08911317e-02
 -1.51187964e-01
 -1.50652289e-01
 -1.48834446e-01
 -1.45322709e-01
 -1.39877327e-01
 -1.32548922e-01
 -1.23555122e-01
 -1.13148755e-01
 -1.01574902e-01
 -8.90780623e-02
 -7.59138495e-02
 -6.23525014e-02
 -4.86758824e-02
 -3.51698924e-02
 -2.21130382e-02
 -9.76285420e-03
 1.65696570e-03
 1.19665860e-02
 2.10370170e-02
 2.87945706e-02
 3.52223587e-02
 4.03579060e-02
 4.42868643e-02
 4.71340636e-02
 4.90534067e-02
 5.02174219e-02
 5.08065468e-02
 5.09981262e-02
 5.09554544e-02
 5.08175635e-02
 5.06904763e-02
 5.06405782e-02
 -1.18136276e-01
 -1.17817715e-01
 -1.16555456e-01
 -1.13721645e-01
 -1.08893074e-01
 -1.02070458e-01
 -9.35329680e-02
 -8.36248330e-02
 -7.26599955e-02
 -6.09223061e-02
 -4.86886855e-02
 -3.62417315e-02
 -2.38691742e-02
 -1.18554124e-02
 -4.69363482e-04
 1.00485984e-02
 1.94984652e-02
 2.77297354e-02
 3.46473845e-02
 4.02147019e-02
 4.44529166e-02
 4.74374584e-02
 4.92910930e-02
 5.01747028e-02
 5.02766297e-02
 4.98012453e-02
 4.89571555e-02
 4.79454058e-02
 4.69482135e-02
 4.61188111e-02
 4.55730237e-02
 4.53829406e-02
 -1.01775083e-01
 -1.00034737e-01
 -9.53714109e-02
 -8.89454002e-02
 -8.16238713e-02
 -7.36573993e-02
 -6.49659584e-02
 -5.54837792e-02
 -4.52810387e-02
 -3.45398705e-02
 -2.35062380e-02
 -1.24569133e-02
 -1.67793936e-03
 8.55245854e-03
 1.79790683e-02
 2.63830767e-02
 3.35929350e-02
 3.94920222e-02
 4.40228936e-02
 4.71883022e-02
 4.90492250e-02
 4.97200130e-02
 4.93608495e-02
 4.81679853e-02
 4.63624232e-02
 4.41777475e-02
 4.18476925e-02
 3.95940141e-02
 3.76151948e-02
 3.60765423e-02
 3.51020674e-02
 3.47685745e-02
 -6.00784168e-02
 -5.98207849e-02
 -5.87017455e-02
 -5.60596694e-02
 -5.15563763e-02
 -4.53554463e-02
 -3.78513860e-02
 -2.94112254e-02
 -2.03250591e-02
 -1.08566341e-02
 -1.28011541e-03
 8.11714467e-03
 1.70481898e-02
 2.52431234e-02
 3.24643318e-02
 3.85191070e-02
 4.32690103e-02
 4.66354941e-02
 4.86018461e-02
 4.92120805e-02
 4.85674335e-02
 4.68206592e-02
 4.41679992e-02
 4.08389309e-02
 3.70842749e-02
 3.31634840e-02
 2.93318961e-02
 2.58285715e-02
 2.28652645e-02
 2.06169217e-02
 1.92141083e-02
 1.87374220e-02
 -3.78984696e-02
 -3.70273350e-02
 -3.45462883e-02
 -3.07585616e-02
 -2.59380050e-02
 -2.02212172e-02
 -1.36775955e-02
 -6.42516736e-03
 1.32942367e-03
 9.31474057e-03
 1.72302619e-02
 2.47725828e-02
 3.16535171e-02
 3.76147446e-02
 4.24407902e-02
 4.59698649e-02
 4.81013068e-02
 4.87986882e-02
 4.80887766e-02
 4.60577497e-02
 4.28461805e-02
 3.86430263e-02
 3.36776942e-02
 2.82095923e-02
 2.25157266e-02
 1.68775530e-02
 1.15681157e-02
 6.84014126e-03
 2.91545147e-03
 -2.39546763e-05
 -1.84303194e-03
 -2.45872998e-03
 -1.25638177e-02
 -1.17842737e-02
 -9.70136736e-03
 -6.74755057e-03
 -3.07946537e-03
 1.38198063e-03
 6.66464782e-03
 1.26174107e-02
 1.89590926e-02
 2.53604297e-02
 3.14918957e-02
 3.70434698e-02
 4.17352358e-02
 4.53278240e-02
 4.76336294e-02
 4.85267017e-02
 4.79487801e-02
 4.59097244e-02
 4.24824827e-02
 3.77954342e-02
 3.20257610e-02
 2.53943599e-02
 1.81593697e-02
 1.06060099e-02
 3.03347236e-03
 -4.25889582e-03
 -1.09844824e-02
 -1.68808407e-02
 -2.17195186e-02
 -2.53142809e-02
 -2.75274780e-02
 -2.82746927e-02
 1.60572271e-02
 1.53224207e-02
 1.39429022e-02
 1.34941926e-02
 1.48778948e-02
 1.79929556e-02
 2.22694905e-02
 2.71383241e-02
 3.21565259e-02
 3.69688969e-02
 4.12623921e-02
 4.47506382e-02
 4.71783601e-02
 4.83336870e-02
 4.80618864e-02
 4.62767404e-02
 4.29665437e-02
 3.81921985e-02
 3.20765210e-02
 2.47896846e-02
 1.65402000e-02
 7.57357116e-03
 -1.82953641e-03
 -1.13624377e-02
 -2.07073457e-02
 -2.95508261e-02
 -3.75968379e-02
 -4.45772332e-02
 -5.02604847e-02
 -5.44588780e-02
 -5.70342983e-02
 -5.79022480e-02
 5.55069022e-03
 7.48014374e-03
 1.22996292e-02
 1.81034075e-02
 2.36150716e-02
 2.85435558e-02
 3.30328299e-02
 3.71907186e-02
 4.09640577e-02
 4.41803639e-02
 4.66099826e-02
 4.80108828e-02
 4.81594148e-02
 4.68738276e-02
 4.40334762e-02
 3.95931918e-02
 3.35905835e-02
 2.61435903e-02
 1.74321685e-02
 7.66888105e-03
 -2.91597921e-03
 -1.40652534e-02
 -2.54843408e-02
 -3.68483645e-02
 -4.78225040e-02
 -5.80819076e-02
 -6.73250726e-02
 -7.52824752e-02
 -8.17232749e-02
 -8.64612742e-02
 -8.93597694e-02
 -9.03352918e-02
 2.76710467e-02
 2.79423111e-02
 2.90037816e-02
 3.11296329e-02
 3.40967896e-02
 3.73946636e-02
 4.06046843e-02
 4.34659144e-02
 4.57751009e-02
 4.73203604e-02
 4.78735843e-02
 4.72076517e-02
 4.51192803e-02
 4.14514119e-02
 3.61140417e-02
 2.91012500e-02
 2.04992507e-02
 1.04899063e-02
 -6.72657915e-04
 -1.27275501e-02
 -2.54405697e-02
 -3.85675108e-02
 -5.18120994e-02
 -6.48303599e-02
 -7.72666046e-02
 -8.87848298e-02
 -9.90822245e-02
 -1.07892969e-01
 -1.14991249e-01
 -1.20195356e-01
 -1.23372103e-01
 -1.24440135e-01
 4.12763752e-02
 4.13179561e-02
 4.14117536e-02
 4.16672896e-02
 4.23623732e-02
 4.35691571e-02
 4.50193783e-02
 4.63000518e-02
 4.70263927e-02
 4.68813137e-02
 4.55969270e-02
 4.29391291e-02
 3.87137775e-02
 3.27811135e-02
 2.50746085e-02
 1.56253952e-02
 4.55959240e-03
 -7.87627728e-03
 -2.13125702e-02
 -3.54169650e-02
 -4.99874800e-02
 -6.48419931e-02
 -7.97005637e-02
 -9.41881169e-02
 -1.07911736e-01
 -1.20520748e-01
 -1.31717375e-01
 -1.41247172e-01
 -1.48894644e-01
 -1.54485880e-01
 -1.57892860e-01
 -1.59037304e-01
 4.59834042e-02
 4.56659757e-02
 4.51100702e-02
 4.49012926e-02
 4.51428148e-02
 4.56005193e-02
 4.59779027e-02
 4.59618291e-02
 4.52301665e-02
 4.34886018e-02
 4.04772969e-02
 3.59602819e-02
 2.97515155e-02
 2.17260237e-02
 1.18240097e-02
 1.23876816e-04
 -1.32298301e-02
 -2.79649813e-02
 -4.34947772e-02
 -5.93472537e-02
 -7.54320915e-02
 -9.17250483e-02
 -1.07988818e-01
 -1.23781523e-01
 -1.38628980e-01
 -1.52157703e-01
 -1.64090754e-01
 -1.74199015e-01
 -1.82283783e-01
 -1.88181080e-01
 -1.91769330e-01
 -1.92973795e-01
 3.88249264e-02
 3.97230614e-02
 4.16466553e-02
 4.33324384e-02
 4.42709310e-02
 4.45313998e-02
 4.41841455e-02
 4.31103767e-02
 4.10820356e-02
 3.78886715e-02
 3.33197986e-02
 2.71228295e-02
 1.91236894e-02
 9.23241339e-03
 -2.66740576e-03
 -1.63887814e-02
 -3.17850923e-02
 -4.87562991e-02
 -6.62414306e-02
 -8.34648407e-02
 -1.00631551e-01
 -1.18040206e-01
 -1.35532283e-01
 -1.52528091e-01
 -1.68365289e-01
 -1.82636617e-01
 -1.95131903e-01
 -2.05674716e-01
 -2.14087286e-01
 -2.20213334e-01
 -2.23936451e-01
 -2.25185402e-01
 4.52653086e-02
 4.47086788e-02
 4.36372230e-02
 4.28571113e-02
 4.23747114e-02
 4.17637280e-02
 4.06292367e-02
 3.86075113e-02
 3.53838284e-02
 3.08856689e-02
 2.49838652e-02
 1.73166343e-02
 7.72564178e-03
 -3.72505029e-03
 -1.74412906e-02
 -3.29395320e-02
 -4.99573159e-02
 -6.92636496e-02
 -8.86592951e-02
 -1.06762038e-01
 -1.24481052e-01
 -1.42658979e-01
 -1.61253539e-01
 -1.79474334e-01
 -1.96207166e-01
 -2.11012173e-01
 -2.23868836e-01
 -2.34704987e-01
 -2.43351789e-01
 -2.49641338e-01
 -2.53460640e-01
 -2.54740896e-01
 4.03464729e-02
 4.04112756e-02
 4.03372123e-02
 3.98517145e-02
 3.90121229e-02
 3.78459411e-02
 3.61257207e-02
 3.33341337e-02
 2.89222304e-02
 2.32615811e-02
 1.63303942e-02
 7.42299037e-03
 -3.62857104e-03
 -1.61833728e-02
 -3.15987344e-02
 -4.87228499e-02
 -6.65269117e-02
 -8.86018621e-02
 -1.09963953e-01
 -1.28294581e-01
 -1.45973305e-01
 -1.64584425e-01
 -1.84163743e-01
 -2.03859022e-01
 -2.21410538e-01
 -2.36464178e-01
 -2.49420793e-01
 -2.60437940e-01
 -2.69279397e-01
 -2.75685517e-01
 -2.79566450e-01
 -2.80864329e-01
 3.66236822e-02
 3.65880550e-02
 3.63963136e-02
 3.58208785e-02
 3.48050958e-02
 3.33929254e-02
 3.13972946e-02
 2.81863836e-02
 2.23743821e-02
 1.57337365e-02
 8.16668498e-03
 -1.71762531e-03
 -1.42727719e-02
 -2.72424092e-02
 -4.42993253e-02
 -6.32137489e-02
 -8.02306416e-02
 -1.06060390e-01
 -1.29409240e-01
 -1.47192129e-01
 -1.64255823e-01
 -1.83082253e-01
 -2.03342233e-01
 -2.25170073e-01
 -2.43338123e-01
 -2.58322221e-01
 -2.70950553e-01
 -2.82147280e-01
 -2.91318392e-01
 -2.97793637e-01
 -3.01664189e-01
 -3.02944650e-01
 3.46318617e-02
 3.43923509e-02
 3.34971659e-02
 3.20234948e-02
 3.06146777e-02
 2.91477360e-02
 2.69870141e-02
 2.40620608e-02
 1.62435470e-02
 8.98107744e-03
 1.17116838e-03
 -9.35288025e-03
 -2.36666792e-02
 -3.61730354e-02
 -5.47506219e-02
 -7.61081592e-02
 -8.99882092e-02
 -1.21104618e-01
 -1.46127862e-01
 -1.62711544e-01
 -1.78665895e-01
 -1.97814139e-01
 -2.17937823e-01
 -2.43155409e-01
 -2.61244702e-01
 -2.76198637e-01
 -2.87590164e-01
 -2.99255930e-01
 -3.09300210e-01
 -3.15743038e-01
 -3.19377345e-01
 -3.20525777e-01
 3.35756671e-02
 3.28231342e-02
 3.07471937e-02
 2.82500613e-02
 2.68817884e-02
 2.58377220e-02
 2.31507252e-02
 2.16401822e-02
 1.09393146e-02
 3.67492413e-03
 -4.17269587e-03
 -1.49277052e-02
 -3.12466108e-02
 -4.25570345e-02
 -6.23145974e-02
 -8.69186259e-02
 -9.54603952e-02
 -1.33154496e-01
 -1.59064034e-01
 -1.74298990e-01
 -1.88786353e-01
 -2.08754627e-01
 -2.27425790e-01
 -2.57565902e-01
 -2.74165224e-01
 -2.90039365e-01
 -2.98568302e-01
 -3.11440591e-01
 -3.23243010e-01
 -3.29584628e-01
 -3.32529678e-01
 -3.33287166e-01
 3.30526439e-02
 3.17929960e-02
 2.84620181e-02
 2.52193437e-02
 2.42232672e-02
 2.39830732e-02
 2.02365491e-02
 2.08611633e-02
 7.09362409e-03
 3.53676338e-04
 -7.54462350e-03
 -1.82155879e-02
 -3.62937815e-02
 -4.63155966e-02
 -6.67369538e-02
 -9.44918216e-02
 -9.75592191e-02
 -1.41239297e-01
 -1.67216048e-01
 -1.81525975e-01
 -1.94593891e-01
 -2.15737619e-01
 -2.32187512e-01
 -2.67470386e-01
 -2.81516217e-01
 -2.99433871e-01
 -3.03995787e-01
 -3.18734746e-01
 -3.32496801e-01
 -3.39043336e-01
 -3.40904479e-01
 -3.41020801e-01
 3.28930000e-02
 3.12277547e-02
 2.73693372e-02
 2.39967035e-02
 2.32304587e-02
 2.34524576e-02
 1.90799721e-02
 2.08085391e-02
 5.64144224e-03
 -7.59311177e-04
 -8.70453492e-03
 -1.92834755e-02
 -3.80829614e-02
 -4.75475322e-02
 -6.81628335e-02
 -9.72720564e-02
 -9.79664561e-02
 -1.44134793e-01
 -1.69987642e-01
 -1.83998562e-01
 -1.96447378e-01
 -2.18190572e-01
 -2.33512356e-01
 -2.71109929e-01
 -2.83784372e-01
 -3.02908395e-01
 -3.05425810e-01
 -3.21194133e-01
 -3.35774895e-01
 -3.42620000e-01
 -3.43838348e-01
 -3.43611000e-01
