 3.19597600e+00
 3.19459920e+00
 3.16148065e+00
 3.07411428e+00
 3.00271093e+00
 2.95001227e+00
 2.85112941e+00
 2.80425946e+00
 2.78160237e+00
 2.75064584e+00
 2.73467500e+00
 3.18878593e+00
 3.17631269e+00
 3.13718247e+00
 3.05786276e+00
 2.98620478e+00
 2.92762482e+00
 2.83872816e+00
 2.78996465e+00
 2.76263983e+00
 2.73370476e+00
 2.72129697e+00
 3.13978413e+00
 3.12065542e+00
 3.07308141e+00
 3.00545361e+00
 2.93574932e+00
 2.87040998e+00
 2.79865036e+00
 2.74884061e+00
 2.71594386e+00
 2.69222984e+00
 2.68384774e+00
 3.01850671e+00
 3.00629740e+00
 2.97178953e+00
 2.91889597e+00
 2.85673007e+00
 2.79398176e+00
 2.73470905e+00
 2.68845939e+00
 2.65611255e+00
 2.63641006e+00
 2.62987330e+00
 2.87612873e+00
 2.87376289e+00
 2.85627507e+00
 2.81719412e+00
 2.76532671e+00
 2.71100566e+00
 2.66117857e+00
 2.62095693e+00
 2.59233774e+00
 2.57547111e+00
 2.56995844e+00
 2.81038034e+00
 2.79542596e+00
 2.76237284e+00
 2.72262327e+00
 2.67819771e+00
 2.63269620e+00
 2.59106961e+00
 2.55705515e+00
 2.53261225e+00
 2.51823920e+00
 2.51354547e+00
 2.68483523e+00
 2.68217536e+00
 2.66802615e+00
 2.64002874e+00
 2.60382194e+00
 2.56587752e+00
 2.53146127e+00
 2.50313980e+00
 2.48247555e+00
 2.47025218e+00
 2.46627034e+00
 2.62238061e+00
 2.61648354e+00
 2.60144482e+00
 2.57771244e+00
 2.54604628e+00
 2.51302971e+00
 2.48547821e+00
 2.46239966e+00
 2.44467991e+00
 2.43397682e+00
 2.43046258e+00
 2.57462798e+00
 2.57141564e+00
 2.55954000e+00
 2.53732930e+00
 2.50580312e+00
 2.47360014e+00
 2.45459828e+00
 2.43593805e+00
 2.41995716e+00
 2.40984316e+00
 2.40635658e+00
 2.54926078e+00
 2.54759460e+00
 2.53792957e+00
 2.51573285e+00
 2.48275880e+00
 2.44663576e+00
 2.43899323e+00
 2.42198149e+00
 2.40719281e+00
 2.39703980e+00
 2.39287592e+00
 2.54465100e+00
 2.54231738e+00
 2.53222742e+00
 2.50907098e+00
 2.47561009e+00
 2.43614297e+00
 2.43505261e+00
 2.41756297e+00
 2.40361774e+00
 2.39341752e+00
 2.38859300e+00
