 2.94609700e+00
 2.94249522e+00
 2.93075207e+00
 2.90773335e+00
 2.86816736e+00
 2.80792748e+00
 2.73190314e+00
 2.65670880e+00
 2.59896836e+00
 2.56500349e+00
 2.55410900e+00
 2.94917973e+00
 2.94438561e+00
 2.93188580e+00
 2.90964551e+00
 2.87158892e+00
 2.81310700e+00
 2.73861770e+00
 2.66408399e+00
 2.60492601e+00
 2.56457885e+00
 2.54721111e+00
 2.95110875e+00
 2.94666206e+00
 2.93544150e+00
 2.91622521e+00
 2.88257016e+00
 2.82922927e+00
 2.75944503e+00
 2.68765302e+00
 2.62809455e+00
 2.58474557e+00
 2.56647197e+00
 2.94743187e+00
 2.94710163e+00
 2.94281732e+00
 2.92971555e+00
 2.90275833e+00
 2.85729102e+00
 2.79540100e+00
 2.73000007e+00
 2.67758569e+00
 2.64932674e+00
 2.64272111e+00
 2.96352639e+00
 2.96332904e+00
 2.96138199e+00
 2.95327431e+00
 2.93337027e+00
 2.89696652e+00
 2.84516868e+00
 2.78881825e+00
 2.74179757e+00
 2.71070283e+00
 2.69898250e+00
 2.99391719e+00
 2.99404649e+00
 2.99285528e+00
 2.98735858e+00
 2.97304181e+00
 2.94500928e+00
 2.90336439e+00
 2.85710395e+00
 2.81937139e+00
 2.79853245e+00
 2.79306269e+00
 3.03437576e+00
 3.03281045e+00
 3.03017409e+00
 3.02639437e+00
 3.01651701e+00
 2.99518201e+00
 2.96191022e+00
 2.92355427e+00
 2.89024757e+00
 2.86801130e+00
 2.85976256e+00
 3.05622505e+00
 3.05850496e+00
 3.06197956e+00
 3.06263782e+00
 3.05680116e+00
 3.04024650e+00
 3.01342200e+00
 2.98114813e+00
 2.95180845e+00
 2.93382929e+00
 2.92855048e+00
 3.08636464e+00
 3.08713147e+00
 3.08880119e+00
 3.09148211e+00
 3.08847377e+00
 3.07419427e+00
 3.05260797e+00
 3.02589706e+00
 2.99614250e+00
 2.97823356e+00
 2.97150179e+00
 3.11051844e+00
 3.10708992e+00
 3.10348078e+00
 3.10984657e+00
 3.10848409e+00
 3.09414309e+00
 3.07606035e+00
 3.05700584e+00
 3.01870529e+00
 3.00776087e+00
 3.00822156e+00
 3.11866500e+00
 3.11219999e+00
 3.10652497e+00
 3.11637199e+00
 3.11527890e+00
 3.10057720e+00
 3.08336128e+00
 3.06962536e+00
 3.02326247e+00
 3.01641056e+00
 3.02504800e+00
