 2.74881600e+00
 2.73948334e+00
 2.72630069e+00
 2.72628690e+00
 2.71988247e+00
 2.72590545e+00
 2.75136483e+00
 2.76495797e+00
 2.77498513e+00
 2.80461084e+00
 2.82244400e+00
 2.74824645e+00
 2.74067028e+00
 2.72696117e+00
 2.72212115e+00
 2.71646195e+00
 2.72273070e+00
 2.74524915e+00
 2.75972708e+00
 2.77347320e+00
 2.80192557e+00
 2.81828114e+00
 2.74706251e+00
 2.74066709e+00
 2.72580459e+00
 2.71307987e+00
 2.70656030e+00
 2.71210263e+00
 2.72905852e+00
 2.74411525e+00
 2.75785116e+00
 2.77290256e+00
 2.78018498e+00
 2.74653360e+00
 2.73953756e+00
 2.72193133e+00
 2.70291288e+00
 2.69202605e+00
 2.69410148e+00
 2.70625642e+00
 2.71950052e+00
 2.72611374e+00
 2.72032643e+00
 2.71325542e+00
 2.74789498e+00
 2.73980321e+00
 2.71865393e+00
 2.69358926e+00
 2.67600766e+00
 2.67223374e+00
 2.68008975e+00
 2.69275681e+00
 2.70515778e+00
 2.71639831e+00
 2.72224211e+00
 2.75122062e+00
 2.74221138e+00
 2.71796248e+00
 2.68717238e+00
 2.66209616e+00
 2.65110387e+00
 2.65397059e+00
 2.66517149e+00
 2.67877726e+00
 2.68907037e+00
 2.69245370e+00
 2.75512587e+00
 2.74566090e+00
 2.71956178e+00
 2.68450610e+00
 2.65274414e+00
 2.63444213e+00
 2.63133787e+00
 2.63872214e+00
 2.65060407e+00
 2.66166868e+00
 2.66642939e+00
 2.75802232e+00
 2.74867100e+00
 2.72224136e+00
 2.68462752e+00
 2.64798087e+00
 2.62387481e+00
 2.61523445e+00
 2.61776492e+00
 2.62482651e+00
 2.63170834e+00
 2.63473085e+00
 2.75942591e+00
 2.75123177e+00
 2.72626919e+00
 2.68563658e+00
 2.64591262e+00
 2.61860349e+00
 2.60630374e+00
 2.60572682e+00
 2.60793777e+00
 2.60758178e+00
 2.60601215e+00
 2.75983045e+00
 2.75529404e+00
 2.73316322e+00
 2.68522051e+00
 2.64494363e+00
 2.61664161e+00
 2.60237099e+00
 2.60163973e+00
 2.60275279e+00
 2.60486735e+00
 2.60456140e+00
 2.75987300e+00
 2.75893098e+00
 2.73768572e+00
 2.68414250e+00
 2.64470790e+00
 2.61622019e+00
 2.60123781e+00
 2.60109352e+00
 2.60160260e+00
 2.60641908e+00
 2.60992500e+00
