 -9.75120000e-02
 -9.66429938e-02
 -9.43824528e-02
 -9.15055183e-02
 -8.84591541e-02
 -8.42170467e-02
 -7.58592979e-02
 -6.43423559e-02
 -5.11394480e-02
 -4.70501788e-02
 -2.24076746e-02
 -2.31604350e-02
 -2.40421870e-02
 3.49736107e-03
 8.26159512e-03
 1.84997382e-02
 2.46042977e-02
 1.58966882e-02
 2.79184980e-02
 3.45439899e-02
 3.49077010e-02
 3.98651832e-02
 4.49821215e-02
 3.92205801e-02
 3.71022305e-02
 3.47536731e-02
 3.39955952e-02
 3.66037473e-02
 3.76986326e-02
 3.62439464e-02
 3.39495370e-02
 3.28930000e-02
 -9.43464987e-02
 -9.39891687e-02
 -9.24909471e-02
 -8.99114509e-02
 -8.68433939e-02
 -8.23941216e-02
 -7.42331972e-02
 -6.28871495e-02
 -5.02756839e-02
 -4.50381400e-02
 -2.22973944e-02
 -2.20253141e-02
 -2.19127686e-02
 3.69297934e-03
 9.20120145e-03
 1.90208831e-02
 2.47657535e-02
 1.72271437e-02
 2.82453352e-02
 3.46642417e-02
 3.52334121e-02
 3.98708309e-02
 4.43574619e-02
 3.91413454e-02
 3.68162445e-02
 3.45138417e-02
 3.37139428e-02
 3.57391944e-02
 3.63656898e-02
 3.47206746e-02
 3.23387293e-02
 3.12148040e-02
 -8.67726426e-02
 -8.70360357e-02
 -8.68852925e-02
 -8.51258977e-02
 -8.20368739e-02
 -7.72071096e-02
 -6.94413347e-02
 -5.86927651e-02
 -4.73162171e-02
 -3.97318595e-02
 -2.13579345e-02
 -1.86995374e-02
 -1.62114823e-02
 4.70440917e-03
 1.17689234e-02
 2.05516051e-02
 2.54558949e-02
 2.06941318e-02
 2.92724478e-02
 3.50167027e-02
 3.60214944e-02
 3.97477279e-02
 4.27060103e-02
 3.86487496e-02
 3.59147100e-02
 3.36192211e-02
 3.25593539e-02
 3.31570405e-02
 3.26502734e-02
 3.05340790e-02
 2.81166324e-02
 2.71002996e-02
 -7.91615670e-02
 -7.93547089e-02
 -7.92873732e-02
 -7.77386765e-02
 -7.44177119e-02
 -6.92550066e-02
 -6.18393298e-02
 -5.20441475e-02
 -4.17608399e-02
 -3.24825202e-02
 -1.84668803e-02
 -1.33960098e-02
 -8.44276328e-03
 7.28846789e-03
 1.54433217e-02
 2.29855754e-02
 2.70105373e-02
 2.51301889e-02
 3.09640989e-02
 3.55370874e-02
 3.67844037e-02
 3.91788862e-02
 4.03793319e-02
 3.72317379e-02
 3.41582631e-02
 3.16190988e-02
 2.99244027e-02
 2.89523631e-02
 2.74228506e-02
 2.52565016e-02
 2.32799196e-02
 2.24817887e-02
 -7.43323906e-02
 -7.37187973e-02
 -7.18625601e-02
 -6.88027554e-02
 -6.46059329e-02
 -5.91091203e-02
 -5.19938010e-02
 -4.31855847e-02
 -3.37222991e-02
 -2.40850551e-02
 -1.30955479e-02
 -6.45731381e-03
 6.83548147e-05
 1.16768846e-02
 1.97829913e-02
 2.61111854e-02
 2.94221298e-02
 2.94332953e-02
 3.29523757e-02
 3.59912868e-02
 3.69233678e-02
 3.77950607e-02
 3.73802440e-02
 3.44490562e-02
 3.10472848e-02
 2.79503327e-02
 2.53059258e-02
 2.30029938e-02
 2.08532798e-02
 1.91670965e-02
 1.82146635e-02
 1.79336378e-02
 -6.74977061e-02
 -6.59555632e-02
 -6.22353309e-02
 -5.77361302e-02
 -5.28537965e-02
 -4.72303389e-02
 -4.04708166e-02
 -3.25082760e-02
 -2.38172123e-02
 -1.47449321e-02
 -5.58206312e-03
 1.61336298e-03
 8.58437265e-03
 1.73542228e-02
 2.44475593e-02
 2.95610871e-02
 3.21977567e-02
 3.28517523e-02
 3.45476356e-02
 3.58804736e-02
 3.58617105e-02
 3.51557271e-02
 3.32753939e-02
 2.99079310e-02
 2.59853181e-02
 2.20972797e-02
 1.83622944e-02
 1.48087954e-02
 1.17520195e-02
 9.81180160e-03
 9.14501420e-03
 9.08893837e-03
 -4.60458560e-02
 -4.59440204e-02
 -4.51313066e-02
 -4.28951849e-02
 -3.91319544e-02
 -3.40517184e-02
 -2.78237618e-02
 -2.06267460e-02
 -1.27858820e-02
 -4.66541560e-03
 3.23791632e-03
 1.01686021e-02
 1.66934653e-02
 2.34151133e-02
 2.89910695e-02
 3.27746805e-02
 3.45419059e-02
 3.48267799e-02
 3.49207209e-02
 3.44776271e-02
 3.30259960e-02
 3.06978829e-02
 2.73805252e-02
 2.31257649e-02
 1.84231438e-02
 1.36555081e-02
 8.90586112e-03
 4.04950541e-03
 -1.05254928e-03
 -6.15767519e-03
 -1.02456372e-02
 -1.18503014e-02
 -3.26048069e-02
 -3.21791347e-02
 -3.08968319e-02
 -2.86187396e-02
 -2.51364708e-02
 -2.04448348e-02
 -1.47417126e-02
 -8.28977448e-03
 -1.38318893e-03
 5.64236290e-03
 1.23811885e-02
 1.84610120e-02
 2.39481563e-02
 2.89018097e-02
 3.27481408e-02
 3.50078058e-02
 3.55643296e-02
 3.47793573e-02
 3.32371588e-02
 3.09523993e-02
 2.77772332e-02
 2.37494865e-02
 1.89301841e-02
 1.35051825e-02
 7.82592392e-03
 2.23525530e-03
 -3.01102772e-03
 -7.74804658e-03
 -1.19509660e-02
 -1.56587463e-02
 -1.85343821e-02
 -1.96784805e-02
 -2.14884293e-02
 -2.08760959e-02
 -1.90196571e-02
 -1.59826730e-02
 -1.19798016e-02
 -7.24718288e-03
 -1.96438266e-03
 3.71102783e-03
 9.58522025e-03
 1.54009956e-02
 2.08524675e-02
 2.56691182e-02
 2.97251103e-02
 3.28977711e-02
 3.48822273e-02
 3.53946183e-02
 3.43758904e-02
 3.20410059e-02
 2.86994410e-02
 2.44776162e-02
 1.94101413e-02
 1.35881781e-02
 7.16579006e-03
 3.82973985e-04
 -6.44017510e-03
 -1.29418816e-02
 -1.86850345e-02
 -2.30467044e-02
 -2.52228200e-02
 -2.47865065e-02
 -2.27787360e-02
 -2.16413181e-02
 -1.09096434e-02
 -9.84401341e-03
 -7.02417593e-03
 -3.22210150e-03
 9.78383827e-04
 5.36267480e-03
 9.90872358e-03
 1.45811219e-02
 1.92495930e-02
 2.36985305e-02
 2.76694968e-02
 3.09181776e-02
 3.32556457e-02
 3.45123727e-02
 3.44911867e-02
 3.30341121e-02
 3.01219285e-02
 2.58948856e-02
 2.05616059e-02
 1.42901824e-02
 7.21921757e-03
 -4.85041200e-04
 -8.60687154e-03
 -1.68804062e-02
 -2.50123228e-02
 -3.27248174e-02
 -3.98198162e-02
 -4.62994740e-02
 -5.24543323e-02
 -5.84880449e-02
 -6.35475634e-02
 -6.56245818e-02
 1.10094714e-02
 1.10878306e-02
 1.14854402e-02
 1.25213252e-02
 1.43777340e-02
 1.69833383e-02
 2.00955372e-02
 2.34217086e-02
 2.66753058e-02
 2.95811749e-02
 3.18756152e-02
 3.33194414e-02
 3.37118217e-02
 3.28854536e-02
 3.07006955e-02
 2.70736760e-02
 2.20183708e-02
 1.56535784e-02
 8.16075590e-03
 -2.64053029e-04
 -9.41710849e-03
 -1.90693677e-02
 -2.89573551e-02
 -3.87916095e-02
 -4.82832510e-02
 -5.71786942e-02
 -6.52659940e-02
 -7.22859059e-02
 -7.77735324e-02
 -8.11839415e-02
 -8.25628989e-02
 -8.28161191e-02
 2.24915475e-02
 2.23944269e-02
 2.23116865e-02
 2.26489474e-02
 2.36395133e-02
 2.52243504e-02
 2.71607121e-02
 2.91492428e-02
 3.08948717e-02
 3.21216352e-02
 3.25753785e-02
 3.20303738e-02
 3.02983614e-02
 2.72338542e-02
 2.27396939e-02
 1.67817703e-02
 9.40608767e-03
 7.39608086e-04
 -9.03024899e-03
 -1.96799319e-02
 -3.09598756e-02
 -4.25934837e-02
 -5.42775969e-02
 -6.56906716e-02
 -7.65084037e-02
 -8.64266247e-02
 -9.52036408e-02
 -1.02744223e-01
 -1.09167244e-01
 -1.14600075e-01
 -1.18620017e-01
 -1.20168336e-01
 2.14114289e-02
 2.20738099e-02
 2.37212241e-02
 2.56775925e-02
 2.74715389e-02
 2.89557974e-02
 3.01065222e-02
 3.08560610e-02
 3.10561702e-02
 3.05070930e-02
 2.89961840e-02
 2.63272089e-02
 2.23392693e-02
 1.69185299e-02
 1.00070644e-02
 1.61205809e-03
 -8.18720473e-03
 -1.92411118e-02
 -3.13416606e-02
 -4.42374818e-02
 -5.76445346e-02
 -7.12524519e-02
 -8.47307241e-02
 -9.77361937e-02
 -1.09917957e-01
 -1.20911554e-01
 -1.30315164e-01
 -1.37663824e-01
 -1.42501708e-01
 -1.44729306e-01
 -1.45089404e-01
 -1.44961767e-01
 2.86465693e-02
 2.85500236e-02
 2.84185759e-02
 2.84794662e-02
 2.87076919e-02
 2.88689691e-02
 2.87056945e-02
 2.79973400e-02
 2.65375901e-02
 2.41220054e-02
 2.05574597e-02
 1.56772008e-02
 9.35413677e-03
 1.51141139e-03
 -7.86925285e-03
 -1.87413059e-02
 -3.09906677e-02
 -4.44388367e-02
 -5.88518677e-02
 -7.39520856e-02
 -8.94293121e-02
 -1.04951328e-01
 -1.20175520e-01
 -1.34763411e-01
 -1.48399408e-01
 -1.60818332e-01
 -1.71850734e-01
 -1.81475186e-01
 -1.89784155e-01
 -1.96707693e-01
 -2.01613439e-01
 -2.03436344e-01
 2.64825337e-02
 2.64863161e-02
 2.63546486e-02
 2.58876634e-02
 2.50714123e-02
 2.39364928e-02
 2.23649140e-02
 2.01150794e-02
 1.69303893e-02
 1.25924546e-02
 6.92622800e-03
 -2.02354734e-04
 -8.88254165e-03
 -1.91513332e-02
 -3.09865518e-02
 -4.43025685e-02
 -5.89499035e-02
 -7.47194312e-02
 -9.13507507e-02
 -1.08543005e-01
 -1.25966483e-01
 -1.43274797e-01
 -1.60118939e-01
 -1.76164513e-01
 -1.91110371e-01
 -2.04698576e-01
 -2.16696164e-01
 -2.26841515e-01
 -2.34812707e-01
 -2.40337891e-01
 -2.43428321e-01
 -2.44391771e-01
 1.88899213e-02
 1.84242594e-02
 1.73516889e-02
 1.61686396e-02
 1.49052573e-02
 1.31895709e-02
 1.06344600e-02
 6.99148753e-03
 2.09971686e-03
 -4.17371442e-03
 -1.19458927e-02
 -2.13068809e-02
 -3.23054405e-02
 -4.49381112e-02
 -5.91424693e-02
 -7.47944750e-02
 -9.17099293e-02
 -1.09649949e-01
 -1.28329794e-01
 -1.47429734e-01
 -1.66606563e-01
 -1.85504979e-01
 -2.03768992e-01
 -2.21054565e-01
 -2.37045063e-01
 -2.51468865e-01
 -2.64111768e-01
 -2.74810501e-01
 -2.83422418e-01
 -2.89789915e-01
 -2.93728938e-01
 -2.95066916e-01
 -3.35859969e-03
 -2.44504073e-03
 -5.55782789e-04
 6.70841640e-04
 2.25749050e-04
 -2.00788819e-03
 -5.81372380e-03
 -1.10574029e-02
 -1.77489827e-02
 -2.59708608e-02
 -3.58124341e-02
 -4.73341512e-02
 -6.05497870e-02
 -7.54175708e-02
 -9.18362128e-02
 -1.09644748e-01
 -1.28626056e-01
 -1.48513867e-01
 -1.69002602e-01
 -1.89758860e-01
 -2.10433034e-01
 -2.30669341e-01
 -2.50112532e-01
 -2.68410446e-01
 -2.85215426e-01
 -3.00196735e-01
 -3.13084584e-01
 -3.23746707e-01
 -3.32221090e-01
 -3.38576276e-01
 -3.42658627e-01
 -3.44090733e-01
 3.56043489e-03
 1.58745070e-03
 -3.30062563e-03
 -9.14601820e-03
 -1.48334137e-02
 -2.04426538e-02
 -2.65559972e-02
 -3.37035848e-02
 -4.22311671e-02
 -5.23432091e-02
 -6.41519048e-02
 -7.77004169e-02
 -9.29701526e-02
 -1.09882079e-01
 -1.28297428e-01
 -1.48020295e-01
 -1.68803176e-01
 -1.90355524e-01
 -2.12354833e-01
 -2.34459212e-01
 -2.56320084e-01
 -2.77593221e-01
 -2.97945660e-01
 -3.17054970e-01
 -3.34596502e-01
 -3.50215213e-01
 -3.63487283e-01
 -3.73911728e-01
 -3.81046872e-01
 -3.84897152e-01
 -3.86288044e-01
 -3.86530208e-01
 -3.77908432e-02
 -3.73095723e-02
 -3.67121590e-02
 -3.75295963e-02
 -4.05149992e-02
 -4.55457135e-02
 -5.23175089e-02
 -6.07170606e-02
 -7.07846063e-02
 -8.25948799e-02
 -9.61936084e-02
 -1.11576584e-01
 -1.28683567e-01
 -1.47396467e-01
 -1.67540138e-01
 -1.88886126e-01
 -2.11159565e-01
 -2.34049016e-01
 -2.57218630e-01
 -2.80321763e-01
 -3.03015114e-01
 -3.24972557e-01
 -3.45898021e-01
 -3.65536833e-01
 -3.83685137e-01
 -4.00199439e-01
 -4.15014126e-01
 -4.28160470e-01
 -4.39691996e-01
 -4.49351480e-01
 -4.56156124e-01
 -4.58666319e-01
 -5.37734029e-02
 -5.51054945e-02
 -5.84441469e-02
 -6.27205877e-02
 -6.76755556e-02
 -7.37685322e-02
 -8.14777184e-02
 -9.10216934e-02
 -1.02453897e-01
 -1.15773816e-01
 -1.30956714e-01
 -1.47944529e-01
 -1.66633316e-01
 -1.86866753e-01
 -2.08435650e-01
 -2.31082114e-01
 -2.54507419e-01
 -2.78382776e-01
 -3.02362143e-01
 -3.26096167e-01
 -3.49246462e-01
 -3.71499827e-01
 -3.92582694e-01
 -4.12276511e-01
 -4.30431972e-01
 -4.46967004e-01
 -4.61806898e-01
 -4.74728261e-01
 -4.85211748e-01
 -4.92620971e-01
 -4.96755333e-01
 -4.98026675e-01
 -9.21291658e-02
 -9.17704629e-02
 -9.15720049e-02
 -9.31235782e-02
 -9.72297407e-02
 -1.03811618e-01
 -1.12575709e-01
 -1.23357963e-01
 -1.36102491e-01
 -1.50777712e-01
 -1.67331951e-01
 -1.85674672e-01
 -2.05667508e-01
 -2.27120916e-01
 -2.49795610e-01
 -2.73408139e-01
 -2.97639854e-01
 -3.22148415e-01
 -3.46580829e-01
 -3.70586910e-01
 -3.93832026e-01
 -4.16008030e-01
 -4.36841363e-01
 -4.56097536e-01
 -4.73582795e-01
 -4.89150560e-01
 -5.02733080e-01
 -5.14404898e-01
 -5.24367965e-01
 -5.32625845e-01
 -5.38472818e-01
 -5.40646136e-01
 -1.03715317e-01
 -1.05726725e-01
 -1.10916968e-01
 -1.17761933e-01
 -1.25519258e-01
 -1.34346363e-01
 -1.44648736e-01
 -1.56705848e-01
 -1.70643072e-01
 -1.86482865e-01
 -2.04175302e-01
 -2.23610117e-01
 -2.44621510e-01
 -2.66991558e-01
 -2.90455108e-01
 -3.14707305e-01
 -3.39413748e-01
 -3.64222615e-01
 -3.88777729e-01
 -4.12731271e-01
 -4.35754670e-01
 -4.57545932e-01
 -4.77831180e-01
 -4.96357527e-01
 -5.12874480e-01
 -5.27104111e-01
 -5.38710884e-01
 -5.47312913e-01
 -5.52638919e-01
 -5.54919120e-01
 -5.55230321e-01
 -5.55086681e-01
 -1.43403211e-01
 -1.43976986e-01
 -1.46111893e-01
 -1.50484654e-01
 -1.57280849e-01
 -1.66275264e-01
 -1.77262445e-01
 -1.90184591e-01
 -2.05039220e-01
 -2.21797715e-01
 -2.40377947e-01
 -2.60640852e-01
 -2.82392904e-01
 -3.05390466e-01
 -3.29346179e-01
 -3.53937803e-01
 -3.78819303e-01
 -4.03633480e-01
 -4.28025062e-01
 -4.51652911e-01
 -4.74199950e-01
 -4.95379380e-01
 -5.14936024e-01
 -5.32642506e-01
 -5.48292196e-01
 -5.61694982e-01
 -5.72687350e-01
 -5.81170425e-01
 -5.87175488e-01
 -5.90925396e-01
 -5.92840495e-01
 -5.93403018e-01
 -1.72864773e-01
 -1.73816630e-01
 -1.76711440e-01
 -1.81627275e-01
 -1.88654267e-01
 -1.97861943e-01
 -2.09245107e-01
 -2.22737917e-01
 -2.38253858e-01
 -2.55691538e-01
 -2.74919490e-01
 -2.95763423e-01
 -3.18001718e-01
 -3.41367345e-01
 -3.65554132e-01
 -3.90226212e-01
 -4.15029736e-01
 -4.39605894e-01
 -4.63604088e-01
 -4.86693971e-01
 -5.08575243e-01
 -5.28984558e-01
 -5.47700105e-01
 -5.64546790e-01
 -5.79408951e-01
 -5.92261246e-01
 -6.03222946e-01
 -6.12603165e-01
 -6.20812325e-01
 -6.27960026e-01
 -6.33289348e-01
 -6.35334324e-01
 -1.98745508e-01
 -2.00272696e-01
 -2.04343709e-01
 -2.10240019e-01
 -2.17883778e-01
 -2.27537817e-01
 -2.39354408e-01
 -2.53317000e-01
 -2.69326159e-01
 -2.87247174e-01
 -3.06914631e-01
 -3.28124859e-01
 -3.50631641e-01
 -3.74147855e-01
 -3.98351964e-01
 -4.22897927e-01
 -4.47427398e-01
 -4.71583045e-01
 -4.95021835e-01
 -5.17427062e-01
 -5.38518216e-01
 -5.58058533e-01
 -5.75861218e-01
 -5.91796510e-01
 -6.05801231e-01
 -6.17884369e-01
 -6.28099619e-01
 -6.36438500e-01
 -6.42684113e-01
 -6.46521034e-01
 -6.48131074e-01
 -6.48458963e-01
 -2.33420430e-01
 -2.33295467e-01
 -2.34145945e-01
 -2.37824621e-01
 -2.44786817e-01
 -2.54570684e-01
 -2.66745784e-01
 -2.81090735e-01
 -2.97461671e-01
 -3.15707670e-01
 -3.35644356e-01
 -3.57046963e-01
 -3.79649636e-01
 -4.03148940e-01
 -4.27211331e-01
 -4.51483639e-01
 -4.75605681e-01
 -4.99223814e-01
 -5.22004333e-01
 -5.43645475e-01
 -5.63887185e-01
 -5.82518555e-01
 -5.99383486e-01
 -6.14384630e-01
 -6.27483287e-01
 -6.38688515e-01
 -6.48031986e-01
 -6.55558517e-01
 -6.61390826e-01
 -6.65769534e-01
 -6.68748946e-01
 -6.69866821e-01
 -2.42841802e-01
 -2.45204429e-01
 -2.51076836e-01
 -2.58672242e-01
 -2.67577855e-01
 -2.78184227e-01
 -2.90783903e-01
 -3.05429708e-01
 -3.22046098e-01
 -3.40489178e-01
 -3.60563723e-01
 -3.82029105e-01
 -4.04604112e-01
 -4.27972471e-01
 -4.51791681e-01
 -4.75703911e-01
 -4.99349097e-01
 -5.22378548e-01
 -5.44468523e-01
 -5.65332104e-01
 -5.84728697e-01
 -6.02470765e-01
 -6.18428204e-01
 -6.32528970e-01
 -6.44753032e-01
 -6.55118047e-01
 -6.63663949e-01
 -6.70453935e-01
 -6.75570841e-01
 -6.79062271e-01
 -6.80977500e-01
 -6.81551216e-01
 -2.65959690e-01
 -2.67471471e-01
 -2.71854966e-01
 -2.78645288e-01
 -2.87459195e-01
 -2.98241007e-01
 -3.11044273e-01
 -3.25867034e-01
 -3.42625969e-01
 -3.61169205e-01
 -3.81289383e-01
 -4.02732357e-01
 -4.25204990e-01
 -4.48381076e-01
 -4.71911796e-01
 -4.95436481e-01
 -5.18596438e-01
 -5.41048285e-01
 -5.62477873e-01
 -5.82611889e-01
 -6.01227095e-01
 -6.18156023e-01
 -6.33290327e-01
 -6.46579519e-01
 -6.58022320e-01
 -6.67652000e-01
 -6.75517987e-01
 -6.81671344e-01
 -6.86164336e-01
 -6.89107766e-01
 -6.90736485e-01
 -6.91262085e-01
 -2.87560524e-01
 -2.88136854e-01
 -2.90447444e-01
 -2.95541321e-01
 -3.03641502e-01
 -3.14293917e-01
 -3.27150191e-01
 -3.42055626e-01
 -3.58883339e-01
 -3.77462823e-01
 -3.97573882e-01
 -4.18950584e-01
 -4.41291232e-01
 -4.64261916e-01
 -4.87509844e-01
 -5.10672603e-01
 -5.33393562e-01
 -5.55334136e-01
 -5.76188621e-01
 -5.95695115e-01
 -6.13644851e-01
 -6.29886545e-01
 -6.44329243e-01
 -6.56940527e-01
 -6.67736434e-01
 -6.76769292e-01
 -6.84109225e-01
 -6.89833689e-01
 -6.94038721e-01
 -6.96861216e-01
 -6.98449562e-01
 -6.98948723e-01
 -2.99874481e-01
 -3.00191923e-01
 -3.02214720e-01
 -3.07252466e-01
 -3.15319081e-01
 -3.25949453e-01
 -3.38820068e-01
 -3.53757927e-01
 -3.70611554e-01
 -3.89193550e-01
 -4.09273163e-01
 -4.30575096e-01
 -4.52792336e-01
 -4.75585158e-01
 -4.98598721e-01
 -5.21469442e-01
 -5.43842863e-01
 -5.65384077e-01
 -5.85794012e-01
 -6.04819291e-01
 -6.22262094e-01
 -6.37982984e-01
 -6.51903627e-01
 -6.64005464e-01
 -6.74317911e-01
 -6.82910663e-01
 -6.89875186e-01
 -6.95314446e-01
 -6.99340452e-01
 -7.02079401e-01
 -7.03673367e-01
 -7.04209647e-01
 -3.04481602e-01
 -3.05240951e-01
 -3.08275467e-01
 -3.14015801e-01
 -3.22324900e-01
 -3.32999109e-01
 -3.45879224e-01
 -3.60828577e-01
 -3.77688963e-01
 -3.96262876e-01
 -4.16313459e-01
 -4.37559130e-01
 -4.59690426e-01
 -4.82363683e-01
 -5.05223409e-01
 -5.27905165e-01
 -5.50056229e-01
 -5.71343889e-01
 -5.91473371e-01
 -6.10196501e-01
 -6.27322326e-01
 -6.42718630e-01
 -6.56314636e-01
 -6.68100635e-01
 -6.78113940e-01
 -6.86435810e-01
 -6.93171347e-01
 -6.98441195e-01
 -7.02371517e-01
 -7.05088430e-01
 -7.06680943e-01
 -7.07182953e-01
 -3.05394000e-01
 -3.06609397e-01
 -3.10247838e-01
 -3.16285188e-01
 -3.24678400e-01
 -3.35361688e-01
 -3.48241855e-01
 -3.63193095e-01
 -3.80054265e-01
 -3.98623814e-01
 -4.18663038e-01
 -4.39887989e-01
 -4.61988647e-01
 -4.84619855e-01
 -5.07426084e-01
 -5.30042518e-01
 -5.52117142e-01
 -5.73317927e-01
 -5.93351624e-01
 -6.11971772e-01
 -6.28989792e-01
 -6.44275865e-01
 -6.57761746e-01
 -6.69440759e-01
 -6.79352834e-01
 -6.87583297e-01
 -6.94242100e-01
 -6.99455259e-01
 -7.03349835e-01
 -7.06039884e-01
 -7.07615419e-01
 -7.08134000e-01
