 5.25124000e-01
 5.19616497e-01
 5.06075349e-01
 4.91400526e-01
 4.80555367e-01
 4.67702288e-01
 4.35574488e-01
 4.16185386e-01
 3.91154433e-01
 2.85633108e-01
 3.13840723e-01
 2.12973838e-01
 1.92595290e-01
 1.48856504e-01
 8.51067579e-02
 5.23046492e-02
 3.24512469e-02
 2.08449984e-02
 -7.76104347e-02
 -8.42770018e-02
 -1.35412074e-01
 -1.35539549e-01
 -1.52594154e-01
 -1.91413529e-01
 -1.84780355e-01
 -2.26742257e-01
 -2.34094238e-01
 -2.27574884e-01
 -2.25230147e-01
 -2.30111033e-01
 -2.37207872e-01
 -2.40429000e-01
 5.17434592e-01
 5.13404907e-01
 5.01288871e-01
 4.87248003e-01
 4.75427695e-01
 4.61510736e-01
 4.30863156e-01
 4.10672462e-01
 3.82392172e-01
 2.86511944e-01
 3.04154191e-01
 2.11437952e-01
 1.87256495e-01
 1.43928148e-01
 8.20357920e-02
 4.85862546e-02
 2.83209738e-02
 1.35050909e-02
 -7.83605458e-02
 -8.93994389e-02
 -1.37013490e-01
 -1.39874868e-01
 -1.57157213e-01
 -1.93019724e-01
 -1.90587150e-01
 -2.27887735e-01
 -2.36164735e-01
 -2.31212902e-01
 -2.30057489e-01
 -2.34952559e-01
 -2.41491585e-01
 -2.44065968e-01
 4.96073727e-01
 4.93677805e-01
 4.85416378e-01
 4.73418603e-01
 4.60059953e-01
 4.43837904e-01
 4.16304668e-01
 3.93676140e-01
 3.59433399e-01
 2.84529554e-01
 2.79158272e-01
 2.04441252e-01
 1.72173121e-01
 1.29463397e-01
 7.23771976e-02
 3.74934426e-02
 1.56181889e-02
 -6.43208828e-03
 -8.26261549e-02
 -1.03226682e-01
 -1.43044852e-01
 -1.52180419e-01
 -1.69962980e-01
 -1.99369824e-01
 -2.05520239e-01
 -2.33039315e-01
 -2.42757661e-01
 -2.41749647e-01
 -2.43021135e-01
 -2.47685539e-01
 -2.52544303e-01
 -2.54349102e-01
 4.65458577e-01
 4.64058815e-01
 4.58682051e-01
 4.48703794e-01
 4.34584904e-01
 4.16354961e-01
 3.91133276e-01
 3.65260747e-01
 3.27849970e-01
 2.71686361e-01
 2.46104239e-01
 1.87884713e-01
 1.48940192e-01
 1.06390052e-01
 5.51902499e-02
 1.90487036e-02
 -5.88011089e-03
 -3.46827453e-02
 -9.41680775e-02
 -1.22961372e-01
 -1.55693136e-01
 -1.70969308e-01
 -1.89259748e-01
 -2.12771089e-01
 -2.25424624e-01
 -2.44734001e-01
 -2.54920032e-01
 -2.58051377e-01
 -2.61326235e-01
 -2.65416670e-01
 -2.68650573e-01
 -2.69796286e-01
 4.30693717e-01
 4.29142207e-01
 4.23981704e-01
 4.14284952e-01
 3.99543089e-01
 3.79996137e-01
 3.55344959e-01
 3.26993446e-01
 2.89904069e-01
 2.44709267e-01
 2.08521838e-01
 1.60222635e-01
 1.18333386e-01
 7.58704248e-02
 2.98566842e-02
 -6.84264112e-03
 -3.53946496e-02
 -6.79823574e-02
 -1.14861899e-01
 -1.47196664e-01
 -1.75820364e-01
 -1.94984954e-01
 -2.13635291e-01
 -2.33445305e-01
 -2.48524729e-01
 -2.63361303e-01
 -2.73300871e-01
 -2.78956685e-01
 -2.83179521e-01
 -2.86471825e-01
 -2.88524012e-01
 -2.89220378e-01
 3.94498487e-01
 3.92179527e-01
 3.84964424e-01
 3.72781231e-01
 3.56029312e-01
 3.35085832e-01
 3.09966252e-01
 2.80559469e-01
 2.45176330e-01
 2.05266742e-01
 1.66012190e-01
 1.22588084e-01
 8.05690186e-02
 3.87824649e-02
 -3.43134429e-03
 -4.00202757e-02
 -7.13953701e-02
 -1.05005891e-01
 -1.43914012e-01
 -1.75985124e-01
 -2.02625343e-01
 -2.23429495e-01
 -2.42121191e-01
 -2.59860671e-01
 -2.74857905e-01
 -2.87670204e-01
 -2.97274763e-01
 -3.03984649e-01
 -3.08704779e-01
 -3.11703416e-01
 -3.13118200e-01
 -3.13469567e-01
 3.51828797e-01
 3.47847314e-01
 3.37223938e-01
 3.22138202e-01
 3.03586453e-01
 2.81653292e-01
 2.56180724e-01
 2.26877405e-01
 1.93296393e-01
 1.56267515e-01
 1.17534149e-01
 7.68555088e-02
 3.61098004e-02
 -4.27138390e-03
 -4.37626766e-02
 -7.97080443e-02
 -1.12354916e-01
 -1.45334582e-01
 -1.79305941e-01
 -2.09352498e-01
 -2.34609124e-01
 -2.55542873e-01
 -2.73813875e-01
 -2.90176873e-01
 -3.04250575e-01
 -3.16009285e-01
 -3.25365722e-01
 -3.32548648e-01
 -3.37914186e-01
 -3.41782361e-01
 -3.44313993e-01
 -3.45247906e-01
 2.79596174e-01
 2.77637686e-01
 2.70945147e-01
 2.58617344e-01
 2.41184142e-01
 2.19736490e-01
 1.94850000e-01
 1.66556509e-01
 1.34801998e-01
 1.00032098e-01
 6.31075207e-02
 2.47070913e-02
 -1.41138745e-02
 -5.25610795e-02
 -8.97963912e-02
 -1.24577346e-01
 -1.56990492e-01
 -1.88463561e-01
 -2.18982070e-01
 -2.46514359e-01
 -2.70188871e-01
 -2.90298183e-01
 -3.07650551e-01
 -3.22752670e-01
 -3.35694069e-01
 -3.46591978e-01
 -3.55661657e-01
 -3.63155934e-01
 -3.69095502e-01
 -3.73175354e-01
 -3.75253425e-01
 -3.75810511e-01
 2.14081207e-01
 2.10382729e-01
 2.00531290e-01
 1.86673917e-01
 1.69839127e-01
 1.50010512e-01
 1.26949093e-01
 1.00543719e-01
 7.08937259e-02
 3.84019648e-02
 3.74359003e-03
 -3.22902911e-02
 -6.88094651e-02
 -1.04969196e-01
 -1.39950411e-01
 -1.73017870e-01
 -2.04069148e-01
 -2.33495156e-01
 -2.61113765e-01
 -2.86039734e-01
 -3.07756411e-01
 -3.26386210e-01
 -3.42357130e-01
 -3.56034830e-01
 -3.67646755e-01
 -3.77418081e-01
 -3.85665017e-01
 -3.92836627e-01
 -3.99439800e-01
 -4.05640040e-01
 -4.10594288e-01
 -4.12569900e-01
 1.11954299e-01
 1.11255508e-01
 1.08299442e-01
 1.01566369e-01
 9.02810253e-02
 7.44614073e-02
 5.44198295e-02
 3.05392267e-02
 3.27291141e-03
 -2.68053740e-02
 -5.89872158e-02
 -9.24707283e-02
 -1.26413741e-01
 -1.60001570e-01
 -1.92493761e-01
 -2.23317034e-01
 -2.52226243e-01
 -2.79186914e-01
 -3.03991059e-01
 -3.26225766e-01
 -3.45641275e-01
 -3.62309791e-01
 -3.76495524e-01
 -3.88481137e-01
 -3.98496755e-01
 -4.06713266e-01
 -4.13205838e-01
 -4.17893309e-01
 -4.20583688e-01
 -4.21308346e-01
 -4.20811202e-01
 -4.20408905e-01
 3.14494807e-02
 3.04022898e-02
 2.71679460e-02
 2.12672900e-02
 1.18736021e-02
 -1.63534561e-03
 -1.93555295e-02
 -4.09696414e-02
 -6.59403218e-02
 -9.36080003e-02
 -1.23230380e-01
 -1.54016107e-01
 -1.85166130e-01
 -2.15921481e-01
 -2.45613630e-01
 -2.73726651e-01
 -2.99943108e-01
 -3.24077982e-01
 -3.45941937e-01
 -3.65331966e-01
 -3.82155907e-01
 -3.96497588e-01
 -4.08564576e-01
 -4.18602780e-01
 -4.26844099e-01
 -4.33485106e-01
 -4.38674306e-01
 -4.42512100e-01
 -4.45094744e-01
 -4.46603034e-01
 -4.47326462e-01
 -4.47533339e-01
 -3.78237524e-02
 -3.91479262e-02
 -4.32700701e-02
 -5.04204334e-02
 -6.07207376e-02
 -7.42873877e-02
 -9.12183367e-02
 -1.11417904e-01
 -1.34520623e-01
 -1.59954366e-01
 -1.87034086e-01
 -2.15029696e-01
 -2.43213018e-01
 -2.70899262e-01
 -2.97489139e-01
 -3.22508500e-01
 -3.45625808e-01
 -3.66622955e-01
 -3.85346025e-01
 -4.01699911e-01
 -4.15686146e-01
 -4.27420714e-01
 -4.37105702e-01
 -4.44982993e-01
 -4.51302845e-01
 -4.56324253e-01
 -4.60355912e-01
 -4.63810266e-01
 -4.67134052e-01
 -4.70456366e-01
 -4.73191030e-01
 -4.74284838e-01
 -1.03321495e-01
 -1.05170387e-01
 -1.10390886e-01
 -1.18469163e-01
 -1.29283909e-01
 -1.42985485e-01
 -1.59609365e-01
 -1.78937969e-01
 -2.00560964e-01
 -2.23954974e-01
 -2.48531278e-01
 -2.73667219e-01
 -2.98737388e-01
 -3.23149050e-01
 -3.46379094e-01
 -3.68005169e-01
 -3.87720082e-01
 -4.05323603e-01
 -4.20704990e-01
 -4.33837876e-01
 -4.44786759e-01
 -4.53704196e-01
 -4.60808618e-01
 -4.66351529e-01
 -4.70583692e-01
 -4.73715251e-01
 -4.75852984e-01
 -4.76930450e-01
 -4.76767422e-01
 -4.75443231e-01
 -4.73754728e-01
 -4.72974766e-01
 -1.72113491e-01
 -1.72869539e-01
 -1.75857120e-01
 -1.82352239e-01
 -1.92847462e-01
 -2.06868162e-01
 -2.23605055e-01
 -2.42374915e-01
 -2.62672764e-01
 -2.84061923e-01
 -3.06089991e-01
 -3.28267237e-01
 -3.50084772e-01
 -3.71048982e-01
 -3.90718114e-01
 -4.08732185e-01
 -4.24829936e-01
 -4.38851493e-01
 -4.50733047e-01
 -4.60501660e-01
 -4.68270419e-01
 -4.74227458e-01
 -4.78615935e-01
 -4.81709354e-01
 -4.83789852e-01
 -4.85139047e-01
 -4.86053908e-01
 -4.86880484e-01
 -4.87976746e-01
 -4.89468477e-01
 -4.90934609e-01
 -4.91566606e-01
 -2.07268115e-01
 -2.10981645e-01
 -2.20921738e-01
 -2.34580286e-01
 -2.49978381e-01
 -2.66300532e-01
 -2.83420798e-01
 -3.01344513e-01
 -3.19976447e-01
 -3.39094171e-01
 -3.58376390e-01
 -3.77437009e-01
 -3.95860639e-01
 -4.13239433e-01
 -4.29207931e-01
 -4.43471252e-01
 -4.55823034e-01
 -4.66152532e-01
 -4.74443701e-01
 -4.80769828e-01
 -4.85284512e-01
 -4.88207590e-01
 -4.89805848e-01
 -4.90370929e-01
 -4.90197306e-01
 -4.89560196e-01
 -4.88688332e-01
 -4.87729935e-01
 -4.86742870e-01
 -4.85772924e-01
 -4.84991140e-01
 -4.84680717e-01
 -2.91761659e-01
 -2.92880430e-01
 -2.96597639e-01
 -3.03465655e-01
 -3.13462797e-01
 -3.25976082e-01
 -3.40248505e-01
 -3.55658889e-01
 -3.71735765e-01
 -3.88083202e-01
 -4.04325259e-01
 -4.20085479e-01
 -4.34991569e-01
 -4.48694187e-01
 -4.60890668e-01
 -4.71346687e-01
 -4.79911436e-01
 -4.86524681e-01
 -4.91216485e-01
 -4.94101217e-01
 -4.95366805e-01
 -4.95259483e-01
 -4.94064737e-01
 -4.92085948e-01
 -4.89622364e-01
 -4.86946688e-01
 -4.84281729e-01
 -4.81782837e-01
 -4.79551286e-01
 -4.77700240e-01
 -4.76424859e-01
 -4.75962039e-01
 -3.55956672e-01
 -3.56851326e-01
 -3.59579114e-01
 -3.64312909e-01
 -3.71273400e-01
 -3.80454874e-01
 -3.91498238e-01
 -4.03835108e-01
 -4.16881026e-01
 -4.30120110e-01
 -4.43105013e-01
 -4.55437761e-01
 -4.66761424e-01
 -4.76765076e-01
 -4.85196160e-01
 -4.91874004e-01
 -4.96699989e-01
 -4.99662005e-01
 -5.00832803e-01
 -5.00362899e-01
 -4.98468901e-01
 -4.95418110e-01
 -4.91510292e-01
 -4.87058046e-01
 -4.82368873e-01
 -4.77737053e-01
 -4.73458023e-01
 -4.69858317e-01
 -4.67268938e-01
 -4.65848043e-01
 -4.65361844e-01
 -4.65293471e-01
 -4.01977478e-01
 -4.03034853e-01
 -4.06162106e-01
 -4.11183456e-01
 -4.17797853e-01
 -4.25697818e-01
 -4.34625461e-01
 -4.44307145e-01
 -4.54395994e-01
 -4.64488547e-01
 -4.74173275e-01
 -4.83067405e-01
 -4.90836049e-01
 -4.97203112e-01
 -5.01960404e-01
 -5.04975816e-01
 -5.06198828e-01
 -5.05661684e-01
 -5.03475573e-01
 -4.99822146e-01
 -4.94941252e-01
 -4.89116041e-01
 -4.82656610e-01
 -4.75882659e-01
 -4.69103023e-01
 -4.62584262e-01
 -4.56499023e-01
 -4.50877108e-01
 -4.45665101e-01
 -4.41005090e-01
 -4.37542103e-01
 -4.36228505e-01
 -4.43211087e-01
 -4.44316506e-01
 -4.47345438e-01
 -4.51703510e-01
 -4.56945412e-01
 -4.62904936e-01
 -4.69505719e-01
 -4.76578396e-01
 -4.83827500e-01
 -4.90884898e-01
 -4.97370675e-01
 -5.02933666e-01
 -5.07273913e-01
 -5.10155379e-01
 -5.11414281e-01
 -5.10964648e-01
 -5.08800688e-01
 -5.04995143e-01
 -4.99693316e-01
 -4.93103171e-01
 -4.85482507e-01
 -4.77124655e-01
 -4.68344520e-01
 -4.59467364e-01
 -4.50824237e-01
 -4.42760343e-01
 -4.35659261e-01
 -4.29954875e-01
 -4.26039865e-01
 -4.23997027e-01
 -4.23346724e-01
 -4.23270154e-01
 -4.87317244e-01
 -4.87064469e-01
 -4.86691593e-01
 -4.87037307e-01
 -4.88736986e-01
 -4.91845623e-01
 -4.95972501e-01
 -5.00593693e-01
 -5.05228042e-01
 -5.09466213e-01
 -5.12954294e-01
 -5.15386182e-01
 -5.16509190e-01
 -5.16134017e-01
 -5.14143139e-01
 -5.10495589e-01
 -5.05227570e-01
 -4.98448777e-01
 -4.90334652e-01
 -4.81115217e-01
 -4.71061622e-01
 -4.60471833e-01
 -4.49656990e-01
 -4.38929506e-01
 -4.28592857e-01
 -4.18931283e-01
 -4.10197212e-01
 -4.02600035e-01
 -3.96313579e-01
 -3.91520475e-01
 -3.88462883e-01
 -3.87403050e-01
 -5.01586808e-01
 -5.01924087e-01
 -5.03058004e-01
 -5.05083910e-01
 -5.07795053e-01
 -5.10833473e-01
 -5.13893099e-01
 -5.16733602e-01
 -5.19124105e-01
 -5.20818267e-01
 -5.21563400e-01
 -5.21123197e-01
 -5.19300896e-01
 -5.15957115e-01
 -5.11020974e-01
 -5.04495006e-01
 -4.96454696e-01
 -4.87043350e-01
 -4.76463003e-01
 -4.64962295e-01
 -4.52822538e-01
 -4.40343364e-01
 -4.27829274e-01
 -4.15577512e-01
 -4.03865321e-01
 -3.92931064e-01
 -3.82945944e-01
 -3.73998862e-01
 -3.66166777e-01
 -3.59721715e-01
 -3.55303783e-01
 -3.53706859e-01
 -5.05980742e-01
 -5.07741018e-01
 -5.11963572e-01
 -5.16632537e-01
 -5.20479067e-01
 -5.23252661e-01
 -5.25116496e-01
 -5.26202902e-01
 -5.26496875e-01
 -5.25868167e-01
 -5.24134132e-01
 -5.21112166e-01
 -5.16654396e-01
 -5.10668207e-01
 -5.03127079e-01
 -4.94074435e-01
 -4.83621932e-01
 -4.71943110e-01
 -4.59263335e-01
 -4.45847080e-01
 -4.31983864e-01
 -4.17974323e-01
 -4.04118119e-01
 -3.90706183e-01
 -3.78021887e-01
 -3.66359183e-01
 -3.56063396e-01
 -3.47567861e-01
 -3.41322563e-01
 -3.37510408e-01
 -3.35749412e-01
 -3.35292583e-01
 -5.39905343e-01
 -5.38620522e-01
 -5.35884555e-01
 -5.33568197e-01
 -5.32345139e-01
 -5.31773394e-01
 -5.31213516e-01
 -5.30212600e-01
 -5.28463357e-01
 -5.25722872e-01
 -5.21786873e-01
 -5.16492836e-01
 -5.09729561e-01
 -5.01445810e-01
 -4.91655760e-01
 -4.80440245e-01
 -4.67943505e-01
 -4.54365784e-01
 -4.39952571e-01
 -4.24981639e-01
 -4.09749194e-01
 -3.94556562e-01
 -3.79698806e-01
 -3.65456841e-01
 -3.52094778e-01
 -3.39862066e-01
 -3.28991660e-01
 -3.19680526e-01
 -3.12074180e-01
 -3.06323765e-01
 -3.02677505e-01
 -3.01419810e-01
 -5.36047903e-01
 -5.36750315e-01
 -5.37829836e-01
 -5.37797934e-01
 -5.36507564e-01
 -5.34582639e-01
 -5.32335641e-01
 -5.29619599e-01
 -5.26123237e-01
 -5.21563073e-01
 -5.15729794e-01
 -5.08484024e-01
 -4.99749990e-01
 -4.89514851e-01
 -4.77829792e-01
 -4.64809113e-01
 -4.50625708e-01
 -4.35502805e-01
 -4.19702760e-01
 -4.03514071e-01
 -3.87237987e-01
 -3.71176022e-01
 -3.55619194e-01
 -3.40838651e-01
 -3.27075728e-01
 -3.14528924e-01
 -3.03340705e-01
 -2.93600449e-01
 -2.85388275e-01
 -2.78883010e-01
 -2.74519565e-01
 -2.72948687e-01
 -5.49117645e-01
 -5.47257631e-01
 -5.43086810e-01
 -5.38901362e-01
 -5.35524293e-01
 -5.32546646e-01
 -5.29357501e-01
 -5.25501733e-01
 -5.20660276e-01
 -5.14606497e-01
 -5.07185284e-01
 -4.98302639e-01
 -4.87922710e-01
 -4.76069086e-01
 -4.62826064e-01
 -4.48337134e-01
 -4.32799691e-01
 -4.16456168e-01
 -3.99582504e-01
 -3.82475273e-01
 -3.65438814e-01
 -3.48773822e-01
 -3.32768188e-01
 -3.17689651e-01
 -3.03778432e-01
 -2.91239852e-01
 -2.80248784e-01
 -2.70995527e-01
 -2.63771487e-01
 -2.58924104e-01
 -2.56457926e-01
 -2.55780665e-01
 -5.29354899e-01
 -5.29863948e-01
 -5.30641274e-01
 -5.30592228e-01
 -5.29406367e-01
 -5.27141069e-01
 -5.23768393e-01
 -5.19191439e-01
 -5.13313118e-01
 -5.06046640e-01
 -4.97321185e-01
 -4.87095832e-01
 -4.75373520e-01
 -4.62210243e-01
 -4.47718776e-01
 -4.32067235e-01
 -4.15473337e-01
 -3.98195038e-01
 -3.80518715e-01
 -3.62746469e-01
 -3.45183631e-01
 -3.28128313e-01
 -3.11864123e-01
 -2.96656536e-01
 -2.82751889e-01
 -2.70374826e-01
 -2.59711298e-01
 -2.50848110e-01
 -2.43668376e-01
 -2.37915113e-01
 -2.33750325e-01
 -2.32137787e-01
 -5.19296958e-01
 -5.19902736e-01
 -5.21367833e-01
 -5.22641125e-01
 -5.22604105e-01
 -5.20777580e-01
 -5.17187869e-01
 -5.11975840e-01
 -5.05229130e-01
 -4.96970188e-01
 -4.87190741e-01
 -4.75889865e-01
 -4.63101006e-01
 -4.48906406e-01
 -4.33442137e-01
 -4.16896331e-01
 -3.99503003e-01
 -3.81532253e-01
 -3.63278029e-01
 -3.45045816e-01
 -3.27140088e-01
 -3.09854475e-01
 -2.93465507e-01
 -2.78231390e-01
 -2.64396099e-01
 -2.52195517e-01
 -2.41857669e-01
 -2.33594537e-01
 -2.27605674e-01
 -2.24025972e-01
 -2.22575247e-01
 -2.22304893e-01
 -5.16898855e-01
 -5.17253565e-01
 -5.17942355e-01
 -5.18230089e-01
 -5.17405161e-01
 -5.14967286e-01
 -5.10764974e-01
 -5.04866740e-01
 -4.97364955e-01
 -4.88303264e-01
 -4.77694628e-01
 -4.65558743e-01
 -4.51949578e-01
 -4.36969068e-01
 -4.20771546e-01
 -4.03560737e-01
 -3.85583236e-01
 -3.67118360e-01
 -3.48465135e-01
 -3.29930918e-01
 -3.11818064e-01
 -2.94414634e-01
 -2.77987913e-01
 -2.62783475e-01
 -2.49030311e-01
 -2.36950390e-01
 -2.26767460e-01
 -2.18699365e-01
 -2.12898396e-01
 -2.09285992e-01
 -2.07430706e-01
 -2.06862651e-01
 -5.16755124e-01
 -5.16628310e-01
 -5.16246480e-01
 -5.15344933e-01
 -5.13425925e-01
 -5.10084210e-01
 -5.05144338e-01
 -4.98597461e-01
 -4.90476209e-01
 -4.80796198e-01
 -4.69565287e-01
 -4.56810506e-01
 -4.42598687e-01
 -4.27045805e-01
 -4.10319893e-01
 -3.92636212e-01
 -3.74250572e-01
 -3.55449106e-01
 -3.36533797e-01
 -3.17813071e-01
 -2.99586593e-01
 -2.82136951e-01
 -2.65722058e-01
 -2.50573094e-01
 -2.36898035e-01
 -2.24887512e-01
 -2.14719421e-01
 -2.06526772e-01
 -2.00299312e-01
 -1.95855587e-01
 -1.93110626e-01
 -1.92179285e-01
 -5.16581245e-01
 -5.16238894e-01
 -5.15165285e-01
 -5.13309855e-01
 -5.10452846e-01
 -5.06324328e-01
 -5.00765505e-01
 -4.93713791e-01
 -4.85141004e-01
 -4.75026094e-01
 -4.63364777e-01
 -4.50185661e-01
 -4.35563602e-01
 -4.19623911e-01
 -4.02544261e-01
 -3.84547770e-01
 -3.65896443e-01
 -3.46881262e-01
 -3.27805477e-01
 -3.08978355e-01
 -2.90696864e-01
 -2.73239300e-01
 -2.56855827e-01
 -2.41765412e-01
 -2.28157201e-01
 -2.16191261e-01
 -2.06002974e-01
 -1.97683909e-01
 -1.91221567e-01
 -1.86477236e-01
 -1.83367330e-01
 -1.82213224e-01
 -5.16146452e-01
 -5.15617689e-01
 -5.14247852e-01
 -5.11942147e-01
 -5.08542764e-01
 -5.03924776e-01
 -4.97977778e-01
 -4.90616333e-01
 -4.81773116e-01
 -4.71401658e-01
 -4.59488477e-01
 -4.46062310e-01
 -4.31202578e-01
 -4.15039955e-01
 -3.97757886e-01
 -3.79584036e-01
 -3.60783921e-01
 -3.41651532e-01
 -3.22490378e-01
 -3.03610408e-01
 -2.85306568e-01
 -2.67854508e-01
 -2.51499445e-01
 -2.36452395e-01
 -2.22890568e-01
 -2.10953621e-01
 -2.00750299e-01
 -1.92356045e-01
 -1.85795202e-01
 -1.81034052e-01
 -1.78060992e-01
 -1.77036132e-01
 -5.15915000e-01
 -5.15432237e-01
 -5.13967905e-01
 -5.11475438e-01
 -5.07882311e-01
 -5.03097256e-01
 -4.97020000e-01
 -4.89555308e-01
 -4.80622593e-01
 -4.70166528e-01
 -4.58170560e-01
 -4.44663335e-01
 -4.29725841e-01
 -4.13490459e-01
 -3.96142595e-01
 -3.77911378e-01
 -3.59063466e-01
 -3.39893880e-01
 -3.20706109e-01
 -3.01810382e-01
 -2.83500887e-01
 -2.66052396e-01
 -2.49708434e-01
 -2.34677294e-01
 -2.21132197e-01
 -2.09205839e-01
 -1.98998113e-01
 -1.90581225e-01
 -1.84001059e-01
 -1.79285831e-01
 -1.76451534e-01
 -1.75506000e-01
