 2.82520100e+00
 2.82708788e+00
 2.83078793e+00
 2.83656833e+00
 2.85050352e+00
 2.86733206e+00
 2.90779105e+00
 2.87154507e+00
 2.92847566e+00
 2.94143656e+00
 2.92903200e+00
 2.82201928e+00
 2.82370839e+00
 2.82700832e+00
 2.83383545e+00
 2.84720828e+00
 2.86649316e+00
 2.89874019e+00
 2.88066552e+00
 2.91816810e+00
 2.92117338e+00
 2.90810813e+00
 2.81335747e+00
 2.81441037e+00
 2.81764962e+00
 2.82537181e+00
 2.83924451e+00
 2.86060912e+00
 2.88394738e+00
 2.89030707e+00
 2.90503277e+00
 2.90141314e+00
 2.89319517e+00
 2.80132474e+00
 2.80198148e+00
 2.80493545e+00
 2.81280053e+00
 2.82782237e+00
 2.84971237e+00
 2.87258366e+00
 2.89029007e+00
 2.90567614e+00
 2.91851895e+00
 2.92530759e+00
 2.78810094e+00
 2.78835851e+00
 2.79051879e+00
 2.79795746e+00
 2.81349914e+00
 2.83636552e+00
 2.86171160e+00
 2.88458936e+00
 2.90231306e+00
 2.91202948e+00
 2.91419058e+00
 2.77538501e+00
 2.77502830e+00
 2.77575063e+00
 2.78186908e+00
 2.79700611e+00
 2.82068294e+00
 2.84824708e+00
 2.87422409e+00
 2.89539780e+00
 2.91065506e+00
 2.91691675e+00
 2.76454663e+00
 2.76334626e+00
 2.76194961e+00
 2.76569873e+00
 2.77917935e+00
 2.80263257e+00
 2.83153874e+00
 2.85899950e+00
 2.87953975e+00
 2.89051655e+00
 2.89332089e+00
 2.75659534e+00
 2.75438395e+00
 2.75047281e+00
 2.75134566e+00
 2.76173800e+00
 2.78347756e+00
 2.81356089e+00
 2.84296028e+00
 2.86494222e+00
 2.87827232e+00
 2.88286841e+00
 2.75176924e+00
 2.74811660e+00
 2.74155289e+00
 2.74144652e+00
 2.74709953e+00
 2.76528081e+00
 2.79737570e+00
 2.82981884e+00
 2.85241460e+00
 2.86702850e+00
 2.87267950e+00
 2.74945856e+00
 2.74264010e+00
 2.73356291e+00
 2.73827828e+00
 2.73719381e+00
 2.75112376e+00
 2.78600772e+00
 2.82251017e+00
 2.84267698e+00
 2.85380894e+00
 2.85858822e+00
 2.74881600e+00
 2.73905732e+00
 2.72928099e+00
 2.73880117e+00
 2.73349529e+00
 2.74558126e+00
 2.78183333e+00
 2.82071786e+00
 2.83929768e+00
 2.84829364e+00
 2.85176700e+00
