 9.77294000e-01
 9.79401799e-01
 9.85120666e-01
 9.92885699e-01
 1.00088515e+00
 1.00814462e+00
 1.01911981e+00
 1.06108478e+00
 1.06955280e+00
 1.10883026e+00
 1.08099228e+00
 1.14149419e+00
 1.16282075e+00
 1.18070701e+00
 1.17205974e+00
 1.17995710e+00
 1.21471677e+00
 1.20910515e+00
 1.20671865e+00
 1.21685588e+00
 1.20577641e+00
 1.20740316e+00
 1.18824728e+00
 1.19054964e+00
 1.19736538e+00
 1.19631402e+00
 1.16654484e+00
 1.16017163e+00
 1.15809483e+00
 1.15134202e+00
 1.14311399e+00
 1.13946000e+00
 9.78357787e-01
 9.80613020e-01
 9.87360506e-01
 9.95508084e-01
 1.00424256e+00
 1.01192537e+00
 1.02446945e+00
 1.06244472e+00
 1.07384691e+00
 1.10886247e+00
 1.08734552e+00
 1.14240410e+00
 1.16462702e+00
 1.18142916e+00
 1.17433686e+00
 1.18220702e+00
 1.21434394e+00
 1.20977322e+00
 1.20753090e+00
 1.21616261e+00
 1.20606325e+00
 1.20621336e+00
 1.18866698e+00
 1.18982606e+00
 1.19557084e+00
 1.19298979e+00
 1.16659601e+00
 1.15907032e+00
 1.15582461e+00
 1.14823940e+00
 1.13987009e+00
 1.13593134e+00
 9.83702031e-01
 9.86651804e-01
 9.94623001e-01
 1.00394731e+00
 1.01405383e+00
 1.02333862e+00
 1.03845863e+00
 1.06823966e+00
 1.08487024e+00
 1.11119905e+00
 1.10351644e+00
 1.14622221e+00
 1.16952889e+00
 1.18400539e+00
 1.18056696e+00
 1.18825425e+00
 1.21371552e+00
 1.21147814e+00
 1.20943775e+00
 1.21441543e+00
 1.20625673e+00
 1.20312932e+00
 1.18900908e+00
 1.18749681e+00
 1.19007359e+00
 1.18451912e+00
 1.16500467e+00
 1.15563577e+00
 1.14975931e+00
 1.14103825e+00
 1.13256361e+00
 1.12874938e+00
 9.98199156e-01
 1.00104712e+00
 1.00887142e+00
 1.01900783e+00
 1.03015010e+00
 1.04158173e+00
 1.05771101e+00
 1.08066165e+00
 1.09976273e+00
 1.11933345e+00
 1.12397133e+00
 1.15447770e+00
 1.17670243e+00
 1.18901022e+00
 1.18932358e+00
 1.19637448e+00
 1.21374247e+00
 1.21344591e+00
 1.21123071e+00
 1.21203303e+00
 1.20503693e+00
 1.19876457e+00
 1.18739687e+00
 1.18287096e+00
 1.18097790e+00
 1.17312941e+00
 1.15911715e+00
 1.14926905e+00
 1.14194224e+00
 1.13420086e+00
 1.12774581e+00
 1.12513673e+00
 1.02489809e+00
 1.02696378e+00
 1.03280137e+00
 1.04151282e+00
 1.05237602e+00
 1.06487351e+00
 1.08047680e+00
 1.09925084e+00
 1.11755499e+00
 1.13382592e+00
 1.14504126e+00
 1.16689429e+00
 1.18573291e+00
 1.19625406e+00
 1.19896878e+00
 1.20463841e+00
 1.21468169e+00
 1.21470005e+00
 1.21162630e+00
 1.20869780e+00
 1.20134332e+00
 1.19274756e+00
 1.18223847e+00
 1.17481293e+00
 1.16855212e+00
 1.15919482e+00
 1.14790619e+00
 1.13894437e+00
 1.13301783e+00
 1.12954278e+00
 1.12799914e+00
 1.12757629e+00
 1.05814857e+00
 1.05900068e+00
 1.06241888e+00
 1.06931664e+00
 1.07930198e+00
 1.09154740e+00
 1.10590578e+00
 1.12192563e+00
 1.13805374e+00
 1.15257187e+00
 1.16544562e+00
 1.18162344e+00
 1.19611695e+00
 1.20466958e+00
 1.20793444e+00
 1.21143795e+00
 1.21564124e+00
 1.21420518e+00
 1.20946733e+00
 1.20331366e+00
 1.19436481e+00
 1.18380779e+00
 1.17245595e+00
 1.16223621e+00
 1.15241746e+00
 1.14158859e+00
 1.13082720e+00
 1.12230139e+00
 1.11746584e+00
 1.11692839e+00
 1.11931215e+00
 1.12087057e+00
 1.08319237e+00
 1.08544418e+00
 1.09123609e+00
 1.09917481e+00
 1.10883588e+00
 1.12014923e+00
 1.13289312e+00
 1.14655382e+00
 1.16021873e+00
 1.17287585e+00
 1.18457795e+00
 1.19649152e+00
 1.20665629e+00
 1.21265418e+00
 1.21474514e+00
 1.21543890e+00
 1.21493298e+00
 1.21079660e+00
 1.20362812e+00
 1.19443856e+00
 1.18315494e+00
 1.17044682e+00
 1.15718646e+00
 1.14422565e+00
 1.13148398e+00
 1.11881105e+00
 1.10690809e+00
 1.09660029e+00
 1.08803409e+00
 1.08084375e+00
 1.07531647e+00
 1.07309399e+00
 1.12237026e+00
 1.12303620e+00
 1.12573295e+00
 1.13126844e+00
 1.13933336e+00
 1.14910888e+00
 1.15991301e+00
 1.17115663e+00
 1.18218112e+00
 1.19235584e+00
 1.20146721e+00
 1.20951328e+00
 1.21554659e+00
 1.21836213e+00
 1.21795901e+00
 1.21534114e+00
 1.21065871e+00
 1.20312927e+00
 1.19292253e+00
 1.18061586e+00
 1.16656204e+00
 1.15132849e+00
 1.13560078e+00
 1.11992423e+00
 1.10453670e+00
 1.08970605e+00
 1.07594535e+00
 1.06374347e+00
 1.05336559e+00
 1.04509707e+00
 1.03959388e+00
 1.03764617e+00
 1.14832988e+00
 1.15027891e+00
 1.15517414e+00
 1.16150720e+00
 1.16869692e+00
 1.17667338e+00
 1.18517981e+00
 1.19373851e+00
 1.20181256e+00
 1.20891244e+00
 1.21469063e+00
 1.21883583e+00
 1.22077740e+00
 1.21990393e+00
 1.21612111e+00
 1.20979163e+00
 1.20105739e+00
 1.18977986e+00
 1.17612512e+00
 1.16051731e+00
 1.14341464e+00
 1.12535660e+00
 1.10691250e+00
 1.08856038e+00
 1.07066486e+00
 1.05360045e+00
 1.03786617e+00
 1.02417628e+00
 1.01349549e+00
 1.00662252e+00
 1.00335544e+00
 1.00250759e+00
 1.18903016e+00
 1.18870910e+00
 1.18881802e+00
 1.19096581e+00
 1.19530928e+00
 1.20088946e+00
 1.20675069e+00
 1.21227795e+00
 1.21702667e+00
 1.22059116e+00
 1.22259579e+00
 1.22267602e+00
 1.22042832e+00
 1.21550276e+00
 1.20779978e+00
 1.19745812e+00
 1.18462686e+00
 1.16942020e+00
 1.15208449e+00
 1.13302072e+00
 1.11270975e+00
 1.09168078e+00
 1.07046719e+00
 1.04955429e+00
 1.02936673e+00
 1.01027562e+00
 9.92564986e-01
 9.76384385e-01
 9.61851434e-01
 9.49488196e-01
 9.40719479e-01
 9.37479678e-01
 1.19652342e+00
 1.19907819e+00
 1.20505823e+00
 1.21136766e+00
 1.21633604e+00
 1.21998331e+00
 1.22276239e+00
 1.22479568e+00
 1.22585548e+00
 1.22556315e+00
 1.22352601e+00
 1.21938458e+00
 1.21282403e+00
 1.20361870e+00
 1.19170123e+00
 1.17716233e+00
 1.16017597e+00
 1.14097029e+00
 1.11986612e+00
 1.09728716e+00
 1.07372928e+00
 1.04972726e+00
 1.02582309e+00
 1.00254444e+00
 9.80406642e-01
 9.59928469e-01
 9.41633262e-01
 9.26011006e-01
 9.13455452e-01
 9.04244618e-01
 8.98593179e-01
 8.96682553e-01
 1.25161459e+00
 1.24936856e+00
 1.24411283e+00
 1.23870633e+00
 1.23487697e+00
 1.23261460e+00
 1.23104478e+00
 1.22923677e+00
 1.22646728e+00
 1.22219745e+00
 1.21600877e+00
 1.20756988e+00
 1.19663256e+00
 1.18305094e+00
 1.16680726e+00
 1.14801286e+00
 1.12688132e+00
 1.10370903e+00
 1.07887536e+00
 1.05283790e+00
 1.02611277e+00
 9.99249978e-01
 9.72812000e-01
 9.47362102e-01
 9.23468636e-01
 9.01732757e-01
 8.82847514e-01
 8.67644615e-01
 8.56933265e-01
 8.50917984e-01
 8.48579771e-01
 8.48113269e-01
 1.23618862e+00
 1.23622786e+00
 1.23613888e+00
 1.23553202e+00
 1.23413531e+00
 1.23179664e+00
 1.22836763e+00
 1.22364437e+00
 1.21736219e+00
 1.20922082e+00
 1.19892540e+00
 1.18622633e+00
 1.17095060e+00
 1.15302537e+00
 1.13249340e+00
 1.10951380e+00
 1.08434896e+00
 1.05734923e+00
 1.02894146e+00
 9.99616310e-01
 9.69910893e-01
 9.40389641e-01
 9.11627367e-01
 8.84193252e-01
 8.58624409e-01
 8.35364894e-01
 8.14650512e-01
 7.96397803e-01
 7.80344625e-01
 7.66713264e-01
 7.56962443e-01
 7.53333488e-01
 1.21663403e+00
 1.21803339e+00
 1.22108854e+00
 1.22343223e+00
 1.22334040e+00
 1.22041824e+00
 1.21500208e+00
 1.20742727e+00
 1.19776882e+00
 1.18590642e+00
 1.17165209e+00
 1.15483994e+00
 1.13537562e+00
 1.11326187e+00
 1.08860958e+00
 1.06163718e+00
 1.03266071e+00
 1.00207942e+00
 9.70360432e-01
 9.38022559e-01
 9.05618781e-01
 8.73719474e-01
 8.42898868e-01
 8.13725488e-01
 7.86754838e-01
 7.62525582e-01
 7.41573109e-01
 7.24465184e-01
 7.11757626e-01
 7.03669183e-01
 6.99630437e-01
 6.98491098e-01
 1.23861788e+00
 1.23566201e+00
 1.22819101e+00
 1.21899967e+00
 1.20991061e+00
 1.20101703e+00
 1.19150028e+00
 1.18051887e+00
 1.16750474e+00
 1.15211260e+00
 1.13413191e+00
 1.11345001e+00
 1.09004870e+00
 1.06400953e+00
 1.03551653e+00
 1.00485245e+00
 9.72388438e-01
 9.38569382e-01
 9.03897049e-01
 8.68912130e-01
 8.34175782e-01
 8.00252137e-01
 7.67694325e-01
 7.37037681e-01
 7.08804174e-01
 6.83515553e-01
 6.61687162e-01
 6.43747060e-01
 6.29889810e-01
 6.20046277e-01
 6.14103711e-01
 6.12101515e-01
 1.18214567e+00
 1.18231509e+00
 1.18203112e+00
 1.17976989e+00
 1.17462579e+00
 1.16657321e+00
 1.15587902e+00
 1.14265638e+00
 1.12683246e+00
 1.10827563e+00
 1.08689093e+00
 1.06266006e+00
 1.03565448e+00
 1.00603982e+00
 9.74075712e-01
 9.40110145e-01
 9.04568099e-01
 8.67936200e-01
 8.30745337e-01
 7.93552254e-01
 7.56920295e-01
 7.21399648e-01
 6.87507809e-01
 6.55711268e-01
 6.26410230e-01
 5.99932370e-01
 5.76552623e-01
 5.56560707e-01
 5.40346814e-01
 5.28387247e-01
 5.21082949e-01
 5.18633204e-01
 1.14750949e+00
 1.14657132e+00
 1.14378576e+00
 1.13908840e+00
 1.13218768e+00
 1.12271892e+00
 1.11042433e+00
 1.09516251e+00
 1.07685434e+00
 1.05546534e+00
 1.03101646e+00
 1.00359689e+00
 9.73373042e-01
 9.40594284e-01
 9.05593766e-01
 8.68782008e-01
 8.30633915e-01
 7.91672336e-01
 7.52451016e-01
 7.13537479e-01
 6.75494972e-01
 6.38863053e-01
 6.04137128e-01
 5.71747193e-01
 5.42036353e-01
 5.15242576e-01
 4.91496185e-01
 4.70867961e-01
 4.53526983e-01
 4.39988326e-01
 4.31189368e-01
 4.28114836e-01
 1.10632097e+00
 1.10460604e+00
 1.09977497e+00
 1.09248110e+00
 1.08312576e+00
 1.07155683e+00
 1.05729683e+00
 1.03992597e+00
 1.01924824e+00
 9.95255537e-01
 9.68051549e-01
 9.37813200e-01
 9.04786147e-01
 8.69291646e-01
 8.31728649e-01
 7.92564898e-01
 7.52319447e-01
 7.11543713e-01
 6.70805874e-01
 6.30677609e-01
 5.91719900e-01
 5.54467366e-01
 5.19413996e-01
 4.87004253e-01
 4.57634188e-01
 4.31668887e-01
 4.09475733e-01
 3.91432701e-01
 3.77817932e-01
 3.68591827e-01
 3.63358149e-01
 3.61672576e-01
 1.03789975e+00
 1.03757343e+00
 1.03609794e+00
 1.03229086e+00
 1.02500010e+00
 1.01364605e+00
 9.98202135e-01
 9.78879018e-01
 9.55907411e-01
 9.29490203e-01
 8.99827381e-01
 8.67150726e-01
 8.31753062e-01
 7.94007420e-01
 7.54369480e-01
 7.13360260e-01
 6.71537317e-01
 6.29470247e-01
 5.87729078e-01
 5.46879289e-01
 5.07473147e-01
 4.70036234e-01
 4.35056056e-01
 4.02978190e-01
 3.74207641e-01
 3.49101857e-01
 3.27938525e-01
 3.10877843e-01
 2.97985045e-01
 2.89253890e-01
 2.84432616e-01
 2.82942585e-01
 9.92701058e-01
 9.91535507e-01
 9.87655811e-01
 9.80371057e-01
 9.69318514e-01
 9.54504220e-01
 9.36055492e-01
 9.14094559e-01
 8.88731028e-01
 8.60083337e-01
 8.28303191e-01
 7.93602332e-01
 7.56280210e-01
 7.16743982e-01
 6.75505103e-01
 6.33142930e-01
 5.90251188e-01
 5.47402713e-01
 5.05149371e-01
 4.64035549e-01
 4.24596171e-01
 3.87337783e-01
 3.52719991e-01
 3.21146863e-01
 2.92965348e-01
 2.68462398e-01
 2.47837458e-01
 2.31097330e-01
 2.17903413e-01
 2.07754905e-01
 2.00811884e-01
 1.98238468e-01
 9.56356593e-01
 9.52632655e-01
 9.42597691e-01
 9.28474936e-01
 9.11740787e-01
 8.92712729e-01
 8.71146101e-01
 8.46747507e-01
 8.19346139e-01
 7.88898144e-01
 7.55463383e-01
 7.19203596e-01
 6.80405225e-01
 6.39507084e-01
 5.97095025e-01
 5.53832106e-01
 5.10353275e-01
 4.67209182e-01
 4.24898602e-01
 3.83925944e-01
 3.44807042e-01
 3.08028080e-01
 2.74008694e-01
 2.43086592e-01
 2.15510382e-01
 1.91444731e-01
 1.71046205e-01
 1.54701777e-01
 1.43264493e-01
 1.37474676e-01
 1.36266321e-01
 1.36495861e-01
 8.73676471e-01
 8.72455727e-01
 8.67919637e-01
 8.58670125e-01
 8.44399783e-01
 8.25764739e-01
 8.03488815e-01
 7.77976799e-01
 7.49391788e-01
 7.17803194e-01
 6.83279622e-01
 6.45955854e-01
 6.06102360e-01
 5.64198762e-01
 5.20952735e-01
 4.77174591e-01
 4.33559098e-01
 3.90583537e-01
 3.48626294e-01
 3.08129883e-01
 2.69611681e-01
 2.33556755e-01
 2.00349024e-01
 1.70269561e-01
 1.43497848e-01
 1.20073620e-01
 9.97481572e-02
 8.16598623e-02
 6.42347887e-02
 4.65881672e-02
 3.14728476e-02
 2.52227349e-02
 8.16066535e-01
 8.12959966e-01
 8.04573182e-01
 7.92413920e-01
 7.76992858e-01
 7.58107948e-01
 7.35661154e-01
 7.09811971e-01
 6.80778986e-01
 6.48705438e-01
 6.13664974e-01
 5.75756025e-01
 5.35206909e-01
 4.92532812e-01
 4.48648909e-01
 4.04647470e-01
 3.61329270e-01
 3.18987514e-01
 2.77745131e-01
 2.37960237e-01
 2.00227315e-01
 1.65077605e-01
 1.32854488e-01
 1.03791149e-01
 7.80657172e-02
 5.58802844e-02
 3.77095458e-02
 2.47677298e-02
 1.91497437e-02
 2.20092247e-02
 2.97059769e-02
 3.38735857e-02
 7.38210443e-01
 7.37267464e-01
 7.33342499e-01
 7.24706948e-01
 7.10915738e-01
 6.92533981e-01
 6.70203263e-01
 6.44389176e-01
 6.15418362e-01
 5.83420049e-01
 5.48374417e-01
 5.10316508e-01
 4.69359691e-01
 4.25979291e-01
 3.81443374e-01
 3.37385682e-01
 2.94826397e-01
 2.53632414e-01
 2.13413832e-01
 1.74419764e-01
 1.37531763e-01
 1.03412714e-01
 7.22911999e-02
 4.43267908e-02
 1.96413486e-02
 -1.76963899e-03
 -2.01301886e-02
 -3.62177273e-02
 -5.17051429e-02
 -6.79597222e-02
 -8.25828961e-02
 -8.88156572e-02
 6.90286782e-01
 6.86991985e-01
 6.78209383e-01
 6.65742126e-01
 6.50228674e-01
 6.31394605e-01
 6.09041738e-01
 5.83424210e-01
 5.54937097e-01
 5.23535109e-01
 4.88884208e-01
 4.51076429e-01
 4.09980602e-01
 3.65738591e-01
 3.20263417e-01
 2.76138396e-01
 2.34917442e-01
 1.95489681e-01
 1.56558793e-01
 1.18171466e-01
 8.20357774e-02
 4.90806211e-02
 1.91258466e-02
 -7.72385157e-03
 -3.12917660e-02
 -5.16728849e-02
 -6.91082094e-02
 -8.36939821e-02
 -9.49272774e-02
 -1.01743053e-01
 -1.04166442e-01
 -1.04432529e-01
 6.25415464e-01
 6.23627137e-01
 6.18023155e-01
 6.08262519e-01
 5.94201173e-01
 5.75853396e-01
 5.53511609e-01
 5.28102025e-01
 5.00594683e-01
 4.70408357e-01
 4.36272536e-01
 3.99101319e-01
 3.58286774e-01
 3.12714064e-01
 2.65770809e-01
 2.21248550e-01
 1.82248979e-01
 1.45277888e-01
 1.07938053e-01
 6.95073854e-02
 3.38746512e-02
 2.39179162e-03
 -2.64191359e-02
 -5.22824394e-02
 -7.46532824e-02
 -9.36899118e-02
 -1.09590449e-01
 -1.22201898e-01
 -1.31101725e-01
 -1.36058060e-01
 -1.37872992e-01
 -1.38181417e-01
 5.69904924e-01
 5.69170378e-01
 5.66009212e-01
 5.58620943e-01
 5.45859763e-01
 5.27666443e-01
 5.04661625e-01
 4.79043002e-01
 4.53300528e-01
 4.25315182e-01
 3.91097021e-01
 3.54967752e-01
 3.15375694e-01
 2.67394598e-01
 2.18596632e-01
 1.72625676e-01
 1.37454638e-01
 1.03316626e-01
 6.82606072e-02
 2.83047963e-02
 -7.14997278e-03
 -3.63975388e-02
 -6.43020832e-02
 -8.95862409e-02
 -1.10723573e-01
 -1.28414613e-01
 -1.43159913e-01
 -1.55314683e-01
 -1.65922623e-01
 -1.76252908e-01
 -1.85384332e-01
 -1.89260763e-01
 5.38451045e-01
 5.36719133e-01
 5.31216482e-01
 5.21673549e-01
 5.07571351e-01
 4.88289813e-01
 4.63244451e-01
 4.36322780e-01
 4.13660550e-01
 3.89603951e-01
 3.53345331e-01
 3.18676523e-01
 2.82332079e-01
 2.29597667e-01
 1.79753726e-01
 1.29724884e-01
 1.01491072e-01
 6.91992442e-02
 3.83186516e-02
 -6.00065537e-03
 -4.13791249e-02
 -6.69969753e-02
 -9.46101751e-02
 -1.20124323e-01
 -1.39734682e-01
 -1.56207257e-01
 -1.69738665e-01
 -1.80457611e-01
 -1.87523275e-01
 -1.90817162e-01
 -1.92044086e-01
 -1.92298249e-01
 5.15867066e-01
 5.13050802e-01
 5.05032936e-01
 4.93480474e-01
 4.78423749e-01
 4.58329069e-01
 4.29953061e-01
 3.99869934e-01
 3.82068955e-01
 3.64421410e-01
 3.22707731e-01
 2.89763367e-01
 2.60050207e-01
 1.98428593e-01
 1.50798586e-01
 9.18725192e-02
 7.56915288e-02
 4.16819410e-02
 1.88136742e-02
 -3.42324413e-02
 -6.88898448e-02
 -8.92995606e-02
 -1.17494491e-01
 -1.44552338e-01
 -1.61614594e-01
 -1.77649276e-01
 -1.89661570e-01
 -2.00587024e-01
 -2.06507587e-01
 -2.04168998e-01
 -1.98126338e-01
 -1.94843843e-01
 4.96263687e-01
 4.93126519e-01
 4.84141042e-01
 4.72346444e-01
 4.57892423e-01
 4.38046081e-01
 4.05698165e-01
 3.70414879e-01
 3.58901594e-01
 3.49678557e-01
 2.99293648e-01
 2.67874158e-01
 2.48259034e-01
 1.73290809e-01
 1.32826357e-01
 5.95954653e-02
 6.06926042e-02
 1.96912813e-02
 9.32352166e-03
 -5.67035727e-02
 -8.91811932e-02
 -1.03848210e-01
 -1.33124367e-01
 -1.63326073e-01
 -1.76037306e-01
 -1.93617914e-01
 -2.02456638e-01
 -2.16079655e-01
 -2.25628962e-01
 -2.24139853e-01
 -2.17338525e-01
 -2.13161489e-01
 4.81752697e-01
 4.78562348e-01
 4.69810296e-01
 4.58756870e-01
 4.45791339e-01
 4.26789063e-01
 3.91173206e-01
 3.50368787e-01
 3.44667231e-01
 3.43150833e-01
 2.84180568e-01
 2.53629313e-01
 2.44244742e-01
 1.55707065e-01
 1.24557800e-01
 3.63618448e-02
 5.45904248e-02
 4.24686094e-03
 6.90729503e-03
 -7.20933218e-02
 -1.01525256e-01
 -1.11842792e-01
 -1.41907480e-01
 -1.75877579e-01
 -1.83378902e-01
 -2.04368143e-01
 -2.08396891e-01
 -2.25931363e-01
 -2.40266332e-01
 -2.42869633e-01
 -2.39107659e-01
 -2.35730377e-01
 4.76316000e-01
 4.73143967e-01
 4.64848762e-01
 4.54058785e-01
 4.41848814e-01
 4.23262096e-01
 3.86393649e-01
 3.43121551e-01
 3.39857013e-01
 3.41517343e-01
 2.78900360e-01
 2.48582928e-01
 2.43657113e-01
 1.49184577e-01
 1.22479544e-01
 2.76692092e-02
 5.33101962e-02
 -1.51763397e-03
 6.90571890e-03
 -7.77172218e-02
 -1.05630617e-01
 -1.14377876e-01
 -1.44666431e-01
 -1.80431026e-01
 -1.85416787e-01
 -2.08374961e-01
 -2.09798997e-01
 -2.29303004e-01
 -2.45485140e-01
 -2.50003279e-01
 -2.47595970e-01
 -2.45701000e-01
