 -1.70706200e+00
 -1.70839331e+00
 -1.71231640e+00
 -1.71862169e+00
 -1.72696963e+00
 -1.73690491e+00
 -1.74787532e+00
 -1.75925320e+00
 -1.77036453e+00
 -1.78052045e+00
 -1.78904761e+00
 -1.79532354e+00
 -1.79880277e+00
 -1.79904997e+00
 -1.79576122e+00
 -1.78878078e+00
 -1.77810771e+00
 -1.76390394e+00
 -1.74648212e+00
 -1.72629269e+00
 -1.70390640e+00
 -1.67998631e+00
 -1.65525987e+00
 -1.63049117e+00
 -1.60644880e+00
 -1.58387725e+00
 -1.56347407e+00
 -1.54586591e+00
 -1.53158814e+00
 -1.52107205e+00
 -1.51463371e+00
 -1.51246600e+00
 -1.71056588e+00
 -1.71169485e+00
 -1.71512482e+00
 -1.72114893e+00
 -1.72940700e+00
 -1.73926167e+00
 -1.75008573e+00
 -1.76124904e+00
 -1.77209458e+00
 -1.78194746e+00
 -1.79014385e+00
 -1.79606750e+00
 -1.79917842e+00
 -1.79904606e+00
 -1.79537135e+00
 -1.78800328e+00
 -1.77694591e+00
 -1.76236563e+00
 -1.74457949e+00
 -1.72404204e+00
 -1.70132748e+00
 -1.67710189e+00
 -1.65209527e+00
 -1.62707350e+00
 -1.60280653e+00
 -1.58003991e+00
 -1.55947159e+00
 -1.54172835e+00
 -1.52734567e+00
 -1.51675483e+00
 -1.51027180e+00
 -1.50808925e+00
 -1.71906764e+00
 -1.71964449e+00
 -1.72243287e+00
 -1.72821743e+00
 -1.73640304e+00
 -1.74606287e+00
 -1.75645403e+00
 -1.76697466e+00
 -1.77702411e+00
 -1.78597047e+00
 -1.79317776e+00
 -1.79804867e+00
 -1.80005930e+00
 -1.79879364e+00
 -1.79396700e+00
 -1.78544263e+00
 -1.77323941e+00
 -1.75753711e+00
 -1.73866584e+00
 -1.71709231e+00
 -1.69340096e+00
 -1.66826685e+00
 -1.64242738e+00
 -1.61665376e+00
 -1.59171986e+00
 -1.56837414e+00
 -1.54731582e+00
 -1.52917194e+00
 -1.51447824e+00
 -1.50366579e+00
 -1.49705013e+00
 -1.49482345e+00
 -1.72829154e+00
 -1.72943265e+00
 -1.73294116e+00
 -1.73905035e+00
 -1.74727670e+00
 -1.75659259e+00
 -1.76622884e+00
 -1.77566361e+00
 -1.78438591e+00
 -1.79182814e+00
 -1.79739780e+00
 -1.80052791e+00
 -1.80072084e+00
 -1.79758459e+00
 -1.79085841e+00
 -1.78042923e+00
 -1.76634013e+00
 -1.74879307e+00
 -1.72813961e+00
 -1.70486607e+00
 -1.67957377e+00
 -1.65295213e+00
 -1.62575035e+00
 -1.59874815e+00
 -1.57272557e+00
 -1.54843525e+00
 -1.52657826e+00
 -1.50778199e+00
 -1.49258214e+00
 -1.48140909e+00
 -1.47457748e+00
 -1.47227883e+00
 -1.73671705e+00
 -1.73873563e+00
 -1.74440047e+00
 -1.75233932e+00
 -1.76105421e+00
 -1.76979492e+00
 -1.77824340e+00
 -1.78609672e+00
 -1.79294741e+00
 -1.79829468e+00
 -1.80159424e+00
 -1.80231726e+00
 -1.80000056e+00
 -1.79428538e+00
 -1.78494396e+00
 -1.77189628e+00
 -1.75521823e+00
 -1.73514266e+00
 -1.71205020e+00
 -1.68645374e+00
 -1.65897731e+00
 -1.63032955e+00
 -1.60127496e+00
 -1.57260443e+00
 -1.54510570e+00
 -1.51953620e+00
 -1.49659895e+00
 -1.47692145e+00
 -1.46103854e+00
 -1.44937912e+00
 -1.44225633e+00
 -1.43986074e+00
 -1.75317106e+00
 -1.75598879e+00
 -1.76257710e+00
 -1.77009719e+00
 -1.77744954e+00
 -1.78448226e+00
 -1.79099984e+00
 -1.79666758e+00
 -1.80107385e+00
 -1.80374241e+00
 -1.80416346e+00
 -1.80184575e+00
 -1.79636606e+00
 -1.78740675e+00
 -1.77478176e+00
 -1.75845273e+00
 -1.73853660e+00
 -1.71530496e+00
 -1.68917454e+00
 -1.66069068e+00
 -1.63050523e+00
 -1.59934981e+00
 -1.56800686e+00
 -1.53728012e+00
 -1.50796574e+00
 -1.48082572e+00
 -1.45656444e+00
 -1.43580862e+00
 -1.41909106e+00
 -1.40683810e+00
 -1.39936040e+00
 -1.39684673e+00
 -1.79303335e+00
 -1.79203075e+00
 -1.79080338e+00
 -1.79175307e+00
 -1.79488066e+00
 -1.79886205e+00
 -1.80260066e+00
 -1.80542050e+00
 -1.80679856e+00
 -1.80622514e+00
 -1.80319653e+00
 -1.79725151e+00
 -1.78800939e+00
 -1.77520037e+00
 -1.75868796e+00
 -1.73848346e+00
 -1.71475222e+00
 -1.68781154e+00
 -1.65812023e+00
 -1.62626099e+00
 -1.59291735e+00
 -1.55884654e+00
 -1.52485043e+00
 -1.49174615e+00
 -1.46033787e+00
 -1.43139109e+00
 -1.40561010e+00
 -1.38361910e+00
 -1.36594709e+00
 -1.35301625e+00
 -1.34513359e+00
 -1.34248526e+00
 -1.80045383e+00
 -1.80184315e+00
 -1.80476032e+00
 -1.80733974e+00
 -1.80907616e+00
 -1.81018635e+00
 -1.81064347e+00
 -1.81006327e+00
 -1.80789765e+00
 -1.80357914e+00
 -1.79659095e+00
 -1.78649798e+00
 -1.77296599e+00
 -1.75577966e+00
 -1.73485930e+00
 -1.71027289e+00
 -1.68224063e+00
 -1.65113138e+00
 -1.61745078e+00
 -1.58182253e+00
 -1.54496434e+00
 -1.50766037e+00
 -1.47073208e+00
 -1.43500923e+00
 -1.40130249e+00
 -1.37037872e+00
 -1.34293971e+00
 -1.31960460e+00
 -1.30089608e+00
 -1.28723005e+00
 -1.27890835e+00
 -1.27611401e+00
 -1.82598045e+00
 -1.82509398e+00
 -1.82299490e+00
 -1.82054442e+00
 -1.81805511e+00
 -1.81542240e+00
 -1.81228164e+00
 -1.80803530e+00
 -1.80199908e+00
 -1.79355111e+00
 -1.78218530e+00
 -1.76751155e+00
 -1.74925410e+00
 -1.72726036e+00
 -1.70151425e+00
 -1.67214641e+00
 -1.63943725e+00
 -1.60381160e+00
 -1.56582539e+00
 -1.52614554e+00
 -1.48552497e+00
 -1.44477458e+00
 -1.40473418e+00
 -1.36624408e+00
 -1.33011864e+00
 -1.29712292e+00
 -1.26795286e+00
 -1.24321932e+00
 -1.22343579e+00
 -1.20900942e+00
 -1.20023481e+00
 -1.19729007e+00
 -1.83089739e+00
 -1.82953261e+00
 -1.82584429e+00
 -1.82091481e+00
 -1.81575513e+00
 -1.81048594e+00
 -1.80444320e+00
 -1.79677777e+00
 -1.78679264e+00
 -1.77397018e+00
 -1.75791693e+00
 -1.73833536e+00
 -1.71502766e+00
 -1.68791303e+00
 -1.65704480e+00
 -1.62262101e+00
 -1.58498623e+00
 -1.54462437e+00
 -1.50214358e+00
 -1.45825472e+00
 -1.41374538e+00
 -1.36945153e+00
 -1.32622866e+00
 -1.28492416e+00
 -1.24635210e+00
 -1.21127146e+00
 -1.18036807e+00
 -1.15424045e+00
 -1.13338924e+00
 -1.11820983e+00
 -1.10898742e+00
 -1.10589411e+00
 -1.79958555e+00
 -1.79955926e+00
 -1.79951456e+00
 -1.79906729e+00
 -1.79714225e+00
 -1.79266750e+00
 -1.78511483e+00
 -1.77435772e+00
 -1.76034409e+00
 -1.74294934e+00
 -1.72199001e+00
 -1.69728856e+00
 -1.66873282e+00
 -1.63631736e+00
 -1.60016817e+00
 -1.56055384e+00
 -1.51788567e+00
 -1.47270829e+00
 -1.42568252e+00
 -1.37756234e+00
 -1.32916800e+00
 -1.28135738e+00
 -1.23499757e+00
 -1.19093831e+00
 -1.14998827e+00
 -1.11289513e+00
 -1.08032958e+00
 -1.05287309e+00
 -1.03100939e+00
 -1.01511871e+00
 -1.00547448e+00
 -1.00224140e+00
 -1.76578394e+00
 -1.76787971e+00
 -1.77214028e+00
 -1.77459902e+00
 -1.77266001e+00
 -1.76586525e+00
 -1.75474306e+00
 -1.73980034e+00
 -1.72123644e+00
 -1.69901911e+00
 -1.67301920e+00
 -1.64311404e+00
 -1.60925460e+00
 -1.57150538e+00
 -1.53006546e+00
 -1.48527575e+00
 -1.43761563e+00
 -1.38769072e+00
 -1.33621360e+00
 -1.28397911e+00
 -1.23183671e+00
 -1.18066167e+00
 -1.13132740e+00
 -1.08468011e+00
 -1.04151700e+00
 -1.00256847e+00
 -9.68484350e-01
 -9.39824078e-01
 -9.17050142e-01
 -9.00524228e-01
 -8.90505165e-01
 -8.87148237e-01
 -1.79510622e+00
 -1.79026507e+00
 -1.77793684e+00
 -1.76240052e+00
 -1.74633462e+00
 -1.72990087e+00
 -1.71205486e+00
 -1.69174291e+00
 -1.66825100e+00
 -1.64113731e+00
 -1.61013310e+00
 -1.57510292e+00
 -1.53604147e+00
 -1.49308046e+00
 -1.44649367e+00
 -1.39669602e+00
 -1.34423552e+00
 -1.28977794e+00
 -1.23408533e+00
 -1.17798993e+00
 -1.12236569e+00
 -1.06809969e+00
 -1.01606527e+00
 -9.67098384e-01
 -9.21977956e-01
 -8.81410487e-01
 -8.46018877e-01
 -8.16334992e-01
 -7.92795406e-01
 -7.75739522e-01
 -7.65409350e-01
 -7.61949861e-01
 -1.71667143e+00
 -1.71563247e+00
 -1.71165237e+00
 -1.70330339e+00
 -1.69020950e+00
 -1.67298377e+00
 -1.65224407e+00
 -1.62812424e+00
 -1.60040775e+00
 -1.56880038e+00
 -1.53308996e+00
 -1.49319986e+00
 -1.44919868e+00
 -1.40129970e+00
 -1.34985823e+00
 -1.29536580e+00
 -1.23843886e+00
 -1.17980135e+00
 -1.12026140e+00
 -1.06068403e+00
 -1.00196211e+00
 -9.44988027e-01
 -8.90627985e-01
 -8.39700337e-01
 -7.92958420e-01
 -7.51077973e-01
 -7.14648747e-01
 -6.84169753e-01
 -6.60047336e-01
 -6.42595247e-01
 -6.32035759e-01
 -6.28501283e-01
 -1.64959800e+00
 -1.64737137e+00
 -1.64090713e+00
 -1.63052644e+00
 -1.61627286e+00
 -1.59800157e+00
 -1.57557721e+00
 -1.54889630e+00
 -1.51785620e+00
 -1.48237275e+00
 -1.44242346e+00
 -1.39808200e+00
 -1.34953813e+00
 -1.29710769e+00
 -1.24123535e+00
 -1.18249064e+00
 -1.12155675e+00
 -1.05921231e+00
 -9.96307061e-01
 -9.33733465e-01
 -8.72397112e-01
 -8.13188734e-01
 -7.56959938e-01
 -7.04503801e-01
 -6.56540601e-01
 -6.13708343e-01
 -5.76557424e-01
 -5.45548632e-01
 -5.21053647e-01
 -5.03357168e-01
 -4.92659837e-01
 -4.89080874e-01
 -1.56208657e+00
 -1.55971010e+00
 -1.55285612e+00
 -1.54202514e+00
 -1.52734876e+00
 -1.50843683e+00
 -1.48475732e+00
 -1.45599957e+00
 -1.42211923e+00
 -1.38322385e+00
 -1.33949277e+00
 -1.29116622e+00
 -1.23856511e+00
 -1.18211118e+00
 -1.12233739e+00
 -1.05988760e+00
 -9.95506864e-01
 -9.30023266e-01
 -8.64322750e-01
 -7.99319508e-01
 -7.35925572e-01
 -6.75023071e-01
 -6.17441515e-01
 -5.63941037e-01
 -5.15201427e-01
 -4.71816161e-01
 -4.34290404e-01
 -4.03041964e-01
 -3.78404214e-01
 -3.60630094e-01
 -3.49896250e-01
 -3.46306844e-01
 -1.44719522e+00
 -1.44693047e+00
 -1.44503140e+00
 -1.43910013e+00
 -1.42717527e+00
 -1.40856504e+00
 -1.38347437e+00
 -1.35235190e+00
 -1.31558469e+00
 -1.27348339e+00
 -1.22634586e+00
 -1.17451054e+00
 -1.11839032e+00
 -1.05849152e+00
 -9.95421865e-01
 -9.29889151e-01
 -8.62691637e-01
 -7.94699812e-01
 -7.26830055e-01
 -6.60012989e-01
 -5.95161409e-01
 -5.33142392e-01
 -4.74756231e-01
 -4.20722714e-01
 -3.71673957e-01
 -3.28152388e-01
 -2.90612373e-01
 -2.59424196e-01
 -2.34879419e-01
 -2.17196766e-01
 -2.06527864e-01
 -2.02961769e-01
 -1.38038858e+00
 -1.37666936e+00
 -1.36614264e+00
 -1.35014769e+00
 -1.32966910e+00
 -1.30484856e+00
 -1.27531318e+00
 -1.24067866e+00
 -1.20077243e+00
 -1.15563641e+00
 -1.10547914e+00
 -1.05064232e+00
 -9.91583345e-01
 -9.28865995e-01
 -8.63153939e-01
 -7.95204008e-01
 -7.25855932e-01
 -6.56014526e-01
 -5.86621654e-01
 -5.18620696e-01
 -4.52921020e-01
 -3.90369261e-01
 -3.31730087e-01
 -2.77676021e-01
 -2.28784688e-01
 -1.85541340e-01
 -1.48344525e-01
 -1.17513301e-01
 -9.32948966e-02
 -7.58721867e-02
 -6.53702252e-02
 -6.18616486e-02
 -1.27096871e+00
 -1.26737911e+00
 -1.25699369e+00
 -1.24058407e+00
 -1.21875154e+00
 -1.19177914e+00
 -1.15971309e+00
 -1.12247343e+00
 -1.07998914e+00
 -1.03231043e+00
 -9.79651470e-01
 -9.22381739e-01
 -8.61001391e-01
 -7.96119618e-01
 -7.28439964e-01
 -6.58751265e-01
 -5.87920469e-01
 -5.16878697e-01
 -4.46591270e-01
 -3.78014213e-01
 -3.12051711e-01
 -2.49525943e-01
 -1.91160487e-01
 -1.37574354e-01
 -8.92842281e-02
 -4.67122683e-02
 -1.01964556e-02
 1.99988355e-02
 4.36729619e-02
 6.06802318e-02
 7.09222933e-02
 7.43424865e-02
 -1.13965994e+00
 -1.13770506e+00
 -1.13097929e+00
 -1.11797763e+00
 -1.09806047e+00
 -1.07149623e+00
 -1.03875078e+00
 -1.00014926e+00
 -9.55929050e-01
 -9.06356356e-01
 -8.51787771e-01
 -7.92686343e-01
 -7.29615672e-01
 -6.63227708e-01
 -5.94251417e-01
 -5.23487061e-01
 -4.51809965e-01
 -3.80170332e-01
 -3.09561772e-01
 -2.40959610e-01
 -1.75263910e-01
 -1.13269149e-01
 -5.56534227e-02
 -2.97712474e-03
 4.43100825e-02
 8.58551772e-02
 1.21385463e-01
 1.50694050e-01
 1.73628161e-01
 1.90079590e-01
 1.99977138e-01
 2.03280628e-01
 -1.03549482e+00
 -1.03082128e+00
 -1.01826670e+00
 -1.00032998e+00
 -9.77904069e-01
 -9.50329000e-01
 -9.16839713e-01
 -8.77238277e-01
 -8.31751904e-01
 -7.80790665e-01
 -7.24850003e-01
 -6.64492033e-01
 -6.00341619e-01
 -5.33083854e-01
 -4.63456551e-01
 -3.92242767e-01
 -3.20295109e-01
 -2.48576109e-01
 -1.78128303e-01
 -1.09965642e-01
 -4.49856319e-02
 1.60507912e-02
 7.25138152e-02
 1.23903703e-01
 1.69843191e-01
 2.10055784e-01
 2.44339884e-01
 2.72548979e-01
 2.94578807e-01
 3.10358385e-01
 3.19842571e-01
 3.23006601e-01
 -8.85417335e-01
 -8.85720640e-01
 -8.84075239e-01
 -8.75738414e-01
 -8.58193667e-01
 -8.31769864e-01
 -7.97745784e-01
 -7.57116764e-01
 -7.10524758e-01
 -6.58509238e-01
 -6.01643338e-01
 -5.40549163e-01
 -4.75883202e-01
 -4.08345652e-01
 -3.38672958e-01
 -2.67591261e-01
 -1.95865537e-01
 -1.24461030e-01
 -5.45287138e-02
 1.28349460e-02
 7.67443132e-02
 1.36490918e-01
 1.91491302e-01
 2.41298493e-01
 2.85610989e-01
 3.24240858e-01
 3.57067570e-01
 3.84008015e-01
 4.05004949e-01
 4.20021945e-01
 4.29038572e-01
 4.32045041e-01
 -8.27524960e-01
 -8.21055941e-01
 -8.03860757e-01
 -7.80187387e-01
 -7.52549499e-01
 -7.20951539e-01
 -6.84450830e-01
 -6.42428500e-01
 -5.94841458e-01
 -5.42052372e-01
 -4.84650850e-01
 -4.23292071e-01
 -3.58613522e-01
 -2.91309188e-01
 -2.22147363e-01
 -1.51754272e-01
 -8.06482605e-02
 -9.77276113e-03
 5.94537833e-02
 1.25760372e-01
 1.88330315e-01
 2.46565911e-01
 2.99910024e-01
 3.47931879e-01
 3.90403140e-01
 4.27250201e-01
 4.58456878e-01
 4.84008566e-01
 5.03888553e-01
 5.18087566e-01
 5.26604845e-01
 5.29443406e-01
 -7.03820414e-01
 -6.99597101e-01
 -6.87630697e-01
 -6.69149347e-01
 -6.44705675e-01
 -6.14224479e-01
 -5.77617838e-01
 -5.35035850e-01
 -4.86825575e-01
 -4.33538049e-01
 -3.75947092e-01
 -3.14771799e-01
 -2.50514135e-01
 -1.83819281e-01
 -1.15657013e-01
 -4.65597927e-02
 2.36172549e-02
 9.40209626e-02
 1.62558222e-01
 2.27603694e-01
 2.88610050e-01
 3.45244107e-01
 3.96891207e-01
 4.43035773e-01
 4.83502604e-01
 5.18390787e-01
 5.47850661e-01
 5.71946381e-01
 5.90681072e-01
 6.04051392e-01
 6.12065438e-01
 6.14735001e-01
 -5.66856286e-01
 -5.68230898e-01
 -5.68765514e-01
 -5.61826596e-01
 -5.44002536e-01
 -5.15972822e-01
 -4.79771187e-01
 -4.36949207e-01
 -3.88341787e-01
 -3.34665675e-01
 -2.77158244e-01
 -2.16652609e-01
 -1.53186395e-01
 -8.72242565e-02
 -2.04127586e-02
 4.65447654e-02
 1.15545347e-01
 1.85970802e-01
 2.54085437e-01
 3.17601534e-01
 3.76775664e-01
 4.31901893e-01
 4.82013002e-01
 5.26332037e-01
 5.64653708e-01
 5.97364355e-01
 6.24955975e-01
 6.47591385e-01
 6.65231978e-01
 6.77829597e-01
 6.85378070e-01
 6.87891499e-01
 -5.32502086e-01
 -5.27028603e-01
 -5.12024558e-01
 -4.90204823e-01
 -4.63160512e-01
 -4.30932238e-01
 -3.93138862e-01
 -3.49868344e-01
 -3.01016770e-01
 -2.46671848e-01
 -1.89438755e-01
 -1.30257117e-01
 -6.79208272e-02
 -2.40707536e-03
 6.30592862e-02
 1.26421410e-01
 1.94041583e-01
 2.65664500e-01
 3.33886746e-01
 3.95357226e-01
 4.52232243e-01
 5.06287045e-01
 5.55211407e-01
 5.97989284e-01
 6.34021659e-01
 6.64146305e-01
 6.89708203e-01
 7.10980287e-01
 7.27703311e-01
 7.39676837e-01
 7.46853972e-01
 7.49242605e-01
 -4.80009690e-01
 -4.71525080e-01
 -4.49752330e-01
 -4.21580912e-01
 -3.90722667e-01
 -3.56698941e-01
 -3.17895076e-01
 -2.74796707e-01
 -2.26455796e-01
 -1.70223100e-01
 -1.13518728e-01
 -5.66288532e-02
 4.25791228e-03
 7.00404360e-02
 1.35033777e-01
 1.92130165e-01
 2.58306966e-01
 3.33197471e-01
 4.02223982e-01
 4.60772692e-01
 5.14409588e-01
 5.68602211e-01
 6.16528281e-01
 6.58557493e-01
 6.92163521e-01
 7.18816425e-01
 7.42127210e-01
 7.62362937e-01
 7.78547193e-01
 7.90126659e-01
 7.97057859e-01
 7.99359276e-01
 -3.81547424e-01
 -3.77888471e-01
 -3.66950523e-01
 -3.49243930e-01
 -3.25091963e-01
 -2.93841202e-01
 -2.54324267e-01
 -2.12127658e-01
 -1.66786638e-01
 -1.05197291e-01
 -4.99717151e-02
 3.46215734e-03
 6.26971470e-02
 1.29495228e-01
 1.96506421e-01
 2.42888849e-01
 3.08037358e-01
 3.89015253e-01
 4.59397086e-01
 5.14085351e-01
 5.62584647e-01
 6.19782725e-01
 6.65623918e-01
 7.08903578e-01
 7.39938013e-01
 7.61401440e-01
 7.82251376e-01
 8.02286161e-01
 8.18654249e-01
 8.30034269e-01
 8.36753513e-01
 8.38955951e-01
 -2.99718579e-01
 -3.00190377e-01
 -2.98613716e-01
 -2.90546109e-01
 -2.73563554e-01
 -2.45767118e-01
 -2.03034120e-01
 -1.61205424e-01
 -1.24808264e-01
 -5.06501544e-02
 2.84943306e-04
 4.96659072e-02
 1.07322172e-01
 1.75136783e-01
 2.48472910e-01
 2.78396397e-01
 3.43774657e-01
 4.33551580e-01
 5.05212049e-01
 5.55940676e-01
 5.96017821e-01
 6.61565243e-01
 7.01419797e-01
 7.50073763e-01
 7.78084741e-01
 7.92018734e-01
 8.10281754e-01
 8.31707475e-01
 8.49499828e-01
 8.60644302e-01
 8.66854740e-01
 8.68783151e-01
 -2.56398576e-01
 -2.57876805e-01
 -2.57396111e-01
 -2.51601858e-01
 -2.38927924e-01
 -2.14145760e-01
 -1.64950850e-01
 -1.20949579e-01
 -1.02095580e-01
 -6.15835197e-03
 3.59392292e-02
 8.22139084e-02
 1.38594229e-01
 2.06449771e-01
 2.90356205e-01
 2.99701536e-01
 3.67030031e-01
 4.66722287e-01
 5.38782281e-01
 5.86996182e-01
 6.15044233e-01
 6.95206518e-01
 7.23076575e-01
 7.82568909e-01
 8.06469206e-01
 8.11557342e-01
 8.27068520e-01
 8.51843474e-01
 8.72529641e-01
 8.83327366e-01
 8.88302230e-01
 8.89527830e-01
 -2.41905038e-01
 -2.41043559e-01
 -2.35986590e-01
 -2.29051132e-01
 -2.19615623e-01
 -1.97415707e-01
 -1.41515332e-01
 -9.28972279e-02
 -9.49245124e-02
 2.52427672e-02
 5.64704589e-02
 1.01624257e-01
 1.57103296e-01
 2.24093245e-01
 3.18792460e-01
 3.09830272e-01
 3.79828901e-01
 4.87596551e-01
 5.59128307e-01
 6.06851898e-01
 6.22771461e-01
 7.18900041e-01
 7.32522641e-01
 8.04782765e-01
 8.24039315e-01
 8.21990991e-01
 8.34811266e-01
 8.63724656e-01
 8.87553358e-01
 8.98494240e-01
 9.01586222e-01
 9.01738410e-01
 -2.39557000e-01
 -2.36443710e-01
 -2.29102619e-01
 -2.21470129e-01
 -2.13524763e-01
 -1.92378845e-01
 -1.33663855e-01
 -8.24082707e-02
 -9.42825797e-02
 3.69689963e-02
 6.29985997e-02
 1.08107057e-01
 1.63232095e-01
 2.29677852e-01
 3.29039462e-01
 3.12606278e-01
 3.83875020e-01
 4.94786630e-01
 5.65899548e-01
 6.13822722e-01
 6.24422815e-01
 7.27754127e-01
 7.34700255e-01
 8.12928510e-01
 8.29953757e-01
 8.25238093e-01
 8.36799201e-01
 8.67711569e-01
 8.92852586e-01
 9.04186755e-01
 9.06148388e-01
 9.05768000e-01
