 -6.79680000e-02
 -6.45018838e-02
 -5.53696196e-02
 -4.25204393e-02
 -2.32975910e-02
 1.75445934e-02
 9.62800343e-02
 1.00136037e-01
 1.19068261e-01
 1.98340016e-01
 2.18001838e-01
 3.68500421e-01
 4.06222698e-01
 3.87254850e-01
 5.45790169e-01
 5.08776611e-01
 6.40997815e-01
 7.18920854e-01
 7.38491889e-01
 8.16469738e-01
 8.85871081e-01
 8.99546835e-01
 9.13488527e-01
 9.06990664e-01
 9.98178435e-01
 1.03044631e+00
 1.03210754e+00
 1.04221514e+00
 1.05825502e+00
 1.07412160e+00
 1.08541193e+00
 1.08947100e+00
 -6.01833981e-02
 -5.67501965e-02
 -4.77777085e-02
 -3.40554248e-02
 -1.38797304e-02
 2.69956265e-02
 9.88211649e-02
 1.08074592e-01
 1.29668963e-01
 2.03953894e-01
 2.30348069e-01
 3.71189030e-01
 4.10909886e-01
 4.00498728e-01
 5.46383838e-01
 5.21476063e-01
 6.45604357e-01
 7.23157659e-01
 7.46186717e-01
 8.21725219e-01
 8.88715263e-01
 9.04732464e-01
 9.18348278e-01
 9.17282352e-01
 1.00021523e+00
 1.03309322e+00
 1.03700510e+00
 1.04778069e+00
 1.06345367e+00
 1.07925346e+00
 1.09044411e+00
 1.09501709e+00
 -3.69468019e-02
 -3.36457167e-02
 -2.44353158e-02
 -9.14569613e-03
 1.33234642e-02
 5.29604383e-02
 1.10399132e-01
 1.31218654e-01
 1.59262022e-01
 2.22948125e-01
 2.63748779e-01
 3.81628274e-01
 4.26274641e-01
 4.35905156e-01
 5.52543004e-01
 5.55485103e-01
 6.60714282e-01
 7.36385504e-01
 7.68012512e-01
 8.37257486e-01
 8.98303278e-01
 9.19592613e-01
 9.33757038e-01
 9.44191841e-01
 1.00859281e+00
 1.04163765e+00
 1.05098913e+00
 1.06324704e+00
 1.07819011e+00
 1.09321422e+00
 1.10416873e+00
 1.10866088e+00
 1.38278827e-03
 4.73734143e-03
 1.45780617e-02
 3.11812959e-02
 5.55283495e-02
 9.20877855e-02
 1.37601818e-01
 1.68552550e-01
 2.03556006e-01
 2.58539757e-01
 3.11123834e-01
 4.04605170e-01
 4.54701546e-01
 4.84835453e-01
 5.72416960e-01
 6.02620158e-01
 6.88373861e-01
 7.59860445e-01
 8.00999301e-01
 8.62540914e-01
 9.16618154e-01
 9.43030707e-01
 9.60245025e-01
 9.80216835e-01
 1.02673865e+00
 1.05764341e+00
 1.07237004e+00
 1.08590383e+00
 1.09947294e+00
 1.11186386e+00
 1.12055050e+00
 1.12383957e+00
 5.41838147e-02
 5.76726081e-02
 6.80541097e-02
 8.54379774e-02
 1.10287474e-01
 1.43687109e-01
 1.82880598e-01
 2.19581011e-01
 2.59685893e-01
 3.10637973e-01
 3.67900792e-01
 4.43242596e-01
 4.97229932e-01
 5.41354735e-01
 6.09987294e-01
 6.57130885e-01
 7.28761924e-01
 7.94551181e-01
 8.42220906e-01
 8.96858335e-01
 9.44702569e-01
 9.74490698e-01
 9.96016239e-01
 1.02049946e+00
 1.05498162e+00
 1.08217279e+00
 1.09965007e+00
 1.11346766e+00
 1.12449640e+00
 1.13208902e+00
 1.13610135e+00
 1.13735296e+00
 1.20541915e-01
 1.24089382e-01
 1.34674300e-01
 1.52234858e-01
 1.76746683e-01
 2.08070375e-01
 2.44650129e-01
 2.83716883e-01
 3.26590472e-01
 3.76296108e-01
 4.33076666e-01
 4.97403322e-01
 5.52958181e-01
 6.03970423e-01
 6.63388177e-01
 7.17243656e-01
 7.80046702e-01
 8.40025071e-01
 8.89884849e-01
 9.39130641e-01
 9.82028712e-01
 1.01329485e+00
 1.03808185e+00
 1.06340160e+00
 1.09090483e+00
 1.11431960e+00
 1.13193634e+00
 1.14544054e+00
 1.15489833e+00
 1.15960430e+00
 1.16026193e+00
 1.15984732e+00
 1.99216115e-01
 2.02736134e-01
 2.13239807e-01
 2.30582023e-01
 2.54523656e-01
 2.84649382e-01
 3.20077657e-01
 3.59688381e-01
 4.03482309e-01
 4.52402983e-01
 5.06737752e-01
 5.64729732e-01
 6.19861252e-01
 6.72952686e-01
 7.28265926e-01
 7.82738357e-01
 8.39669472e-01
 8.94362748e-01
 9.42957078e-01
 9.87847034e-01
 1.02682335e+00
 1.05793715e+00
 1.08387282e+00
 1.10819137e+00
 1.13141508e+00
 1.15153540e+00
 1.16790358e+00
 1.18132140e+00
 1.19270310e+00
 1.20260780e+00
 1.21027505e+00
 1.21333239e+00
 2.88608852e-01
 2.92054690e-01
 3.02334573e-01
 3.19277239e-01
 3.42590547e-01
 3.71837710e-01
 4.06398908e-01
 4.45587169e-01
 4.89018927e-01
 5.36667578e-01
 5.88222948e-01
 6.42108816e-01
 6.95485888e-01
 7.47945776e-01
 8.00587073e-01
 8.52901594e-01
 9.05072853e-01
 9.54884360e-01
 1.00023721e+00
 1.04110739e+00
 1.07659434e+00
 1.10622006e+00
 1.13137628e+00
 1.15373954e+00
 1.17367559e+00
 1.19069052e+00
 1.20466893e+00
 1.21600873e+00
 1.22514587e+00
 1.23215430e+00
 1.23664926e+00
 1.23819643e+00
 3.86757459e-01
 3.90105216e-01
 4.00088846e-01
 4.16529515e-01
 4.39127024e-01
 4.67458758e-01
 5.00987693e-01
 5.39119063e-01
 5.81313493e-01
 6.27108242e-01
 6.75864757e-01
 7.26392397e-01
 7.77161956e-01
 8.27439071e-01
 8.77184346e-01
 9.26114899e-01
 9.73731971e-01
 1.01875128e+00
 1.05990788e+00
 1.09665360e+00
 1.12856371e+00
 1.15564891e+00
 1.17865813e+00
 1.19841684e+00
 1.21523932e+00
 1.22909249e+00
 1.23996522e+00
 1.24789996e+00
 1.25288899e+00
 1.25510119e+00
 1.25541124e+00
 1.25526207e+00
 4.91364223e-01
 4.94590999e-01
 5.04210030e-01
 5.20037971e-01
 5.41771742e-01
 5.68993620e-01
 6.01184777e-01
 6.37754810e-01
 6.78083274e-01
 7.21526079e-01
 7.67330136e-01
 8.14527363e-01
 8.62058228e-01
 9.09141581e-01
 9.55320172e-01
 1.00015969e+00
 1.04306056e+00
 1.08315790e+00
 1.11962246e+00
 1.15195002e+00
 1.17992131e+00
 1.20366386e+00
 1.22363161e+00
 1.24031100e+00
 1.25399204e+00
 1.26480547e+00
 1.27288077e+00
 1.27851965e+00
 1.28234742e+00
 1.28514805e+00
 1.28720824e+00
 1.28803081e+00
 5.99832095e-01
 6.02910859e-01
 6.12084273e-01
 6.27165004e-01
 6.47845043e-01
 6.73703417e-01
 7.04218666e-01
 7.38788190e-01
 7.76750088e-01
 8.17392453e-01
 8.59935814e-01
 9.03518445e-01
 9.47260682e-01
 9.90400225e-01
 1.03233647e+00
 1.07253441e+00
 1.11041829e+00
 1.14535453e+00
 1.17678025e+00
 1.20434347e+00
 1.22794603e+00
 1.24774521e+00
 1.26408595e+00
 1.27735984e+00
 1.28790268e+00
 1.29597927e+00
 1.30179546e+00
 1.30548456e+00
 1.30711953e+00
 1.30695012e+00
 1.30585807e+00
 1.30524656e+00
 7.09353492e-01
 7.12254414e-01
 7.20892855e-01
 7.35077520e-01
 7.54495347e-01
 7.78719836e-01
 8.07223488e-01
 8.39393862e-01
 8.74551635e-01
 9.11965299e-01
 9.50859642e-01
 9.90428777e-01
 1.02987551e+00
 1.06847136e+00
 1.10558723e+00
 1.14066900e+00
 1.17319852e+00
 1.20269635e+00
 1.22878300e+00
 1.25125021e+00
 1.27009352e+00
 1.28550122e+00
 1.29780311e+00
 1.30740353e+00
 1.31474014e+00
 1.32027654e+00
 1.32450343e+00
 1.32793134e+00
 1.33103863e+00
 1.33404390e+00
 1.33652945e+00
 1.33753809e+00
 8.17036837e-01
 8.19728858e-01
 8.27739890e-01
 8.40876599e-01
 8.58822620e-01
 8.81147887e-01
 9.07321452e-01
 9.36727797e-01
 9.68685194e-01
 1.00246451e+00
 1.03730758e+00
 1.07244849e+00
 1.10714354e+00
 1.14070628e+00
 1.17253133e+00
 1.20209624e+00
 1.22895533e+00
 1.25274914e+00
 1.27323639e+00
 1.29032862e+00
 1.30410403e+00
 1.31479229e+00
 1.32273837e+00
 1.32836591e+00
 1.33215938e+00
 1.33465717e+00
 1.33640789e+00
 1.33783336e+00
 1.33904578e+00
 1.33986528e+00
 1.34018666e+00
 1.34023085e+00
 9.20031835e-01
 9.22486397e-01
 9.29784570e-01
 9.41731909e-01
 9.58011279e-01
 9.78192717e-01
 1.00174719e+00
 1.02806359e+00
 1.05646863e+00
 1.08624819e+00
 1.11666985e+00
 1.14700685e+00
 1.17656445e+00
 1.20470668e+00
 1.23087745e+00
 1.25461230e+00
 1.27554542e+00
 1.29342097e+00
 1.30811057e+00
 1.31962784e+00
 1.32812806e+00
 1.33388778e+00
 1.33726898e+00
 1.33867891e+00
 1.33853955e+00
 1.33728056e+00
 1.33536680e+00
 1.33334228e+00
 1.33179611e+00
 1.33111953e+00
 1.33115963e+00
 1.33129587e+00
 1.01570653e+00
 1.01789751e+00
 1.02440547e+00
 1.03503747e+00
 1.04947896e+00
 1.06730448e+00
 1.08799238e+00
 1.11094321e+00
 1.13550088e+00
 1.16097590e+00
 1.18666976e+00
 1.21189982e+00
 1.23602422e+00
 1.25846541e+00
 1.27873009e+00
 1.29642417e+00
 1.31126437e+00
 1.32308918e+00
 1.33186852e+00
 1.33770740e+00
 1.34083704e+00
 1.34159079e+00
 1.34036562e+00
 1.33757166e+00
 1.33357151e+00
 1.32861819e+00
 1.32282737e+00
 1.31625840e+00
 1.30916373e+00
 1.30232378e+00
 1.29715286e+00
 1.29519740e+00
 1.10177263e+00
 1.10367966e+00
 1.10933657e+00
 1.11855316e+00
 1.13102039e+00
 1.14632177e+00
 1.16394896e+00
 1.18332113e+00
 1.20380736e+00
 1.22475120e+00
 1.24549606e+00
 1.26541036e+00
 1.28391131e+00
 1.30048649e+00
 1.31471252e+00
 1.32627046e+00
 1.33495860e+00
 1.34070243e+00
 1.34356028e+00
 1.34372119e+00
 1.34149234e+00
 1.33727606e+00
 1.33153925e+00
 1.32477978e+00
 1.31749374e+00
 1.31014341e+00
 1.30311939e+00
 1.29670222e+00
 1.29108330e+00
 1.28650837e+00
 1.28341569e+00
 1.28230875e+00
 1.17644600e+00
 1.17805354e+00
 1.18281376e+00
 1.19054177e+00
 1.20093744e+00
 1.21359748e+00
 1.22803195e+00
 1.24368477e+00
 1.25995719e+00
 1.27623338e+00
 1.29190637e+00
 1.30640289e+00
 1.31920558e+00
 1.32987231e+00
 1.33805274e+00
 1.34350305e+00
 1.34609881e+00
 1.34584468e+00
 1.34287819e+00
 1.33746448e+00
 1.32998144e+00
 1.32089803e+00
 1.31075115e+00
 1.30012868e+00
 1.28966794e+00
 1.28007846e+00
 1.27217473e+00
 1.26682428e+00
 1.26461581e+00
 1.26521926e+00
 1.26703355e+00
 1.26796520e+00
 1.23851796e+00
 1.23981785e+00
 1.24365716e+00
 1.24985748e+00
 1.25813015e+00
 1.26808881e+00
 1.27926665e+00
 1.29113763e+00
 1.30314122e+00
 1.31470888e+00
 1.32529056e+00
 1.33437848e+00
 1.34152684e+00
 1.34636742e+00
 1.34862308e+00
 1.34812107e+00
 1.34480648e+00
 1.33875324e+00
 1.33016805e+00
 1.31938282e+00
 1.30683568e+00
 1.29304491e+00
 1.27858126e+00
 1.26403844e+00
 1.24999119e+00
 1.23691983e+00
 1.22509235e+00
 1.21448032e+00
 1.20492471e+00
 1.19666158e+00
 1.19073208e+00
 1.18853535e+00
 1.28743512e+00
 1.28842536e+00
 1.29133853e+00
 1.29600456e+00
 1.30214869e+00
 1.30940442e+00
 1.31733124e+00
 1.32543694e+00
 1.33320360e+00
 1.34011569e+00
 1.34568707e+00
 1.34948314e+00
 1.35113591e+00
 1.35035369e+00
 1.34692984e+00
 1.34075459e+00
 1.33183054e+00
 1.32028792e+00
 1.30639178e+00
 1.29053293e+00
 1.27320161e+00
 1.25495183e+00
 1.23636681e+00
 1.21802824e+00
 1.20048472e+00
 1.18422118e+00
 1.16964902e+00
 1.15712866e+00
 1.14697883e+00
 1.13944496e+00
 1.13473964e+00
 1.13312250e+00
 1.32328566e+00
 1.32397160e+00
 1.32597497e+00
 1.32913495e+00
 1.33319227e+00
 1.33780190e+00
 1.34255126e+00
 1.34698342e+00
 1.35062544e+00
 1.35301940e+00
 1.35375083e+00
 1.35246780e+00
 1.34888779e+00
 1.34279752e+00
 1.33405516e+00
 1.32260113e+00
 1.30847798e+00
 1.29185457e+00
 1.27304258e+00
 1.25248892e+00
 1.23073788e+00
 1.20837838e+00
 1.18600152e+00
 1.16418038e+00
 1.14346930e+00
 1.12441822e+00
 1.10760329e+00
 1.09366639e+00
 1.08328575e+00
 1.07686300e+00
 1.07393427e+00
 1.07321112e+00
 1.34676739e+00
 1.34716107e+00
 1.34829104e+00
 1.35000649e+00
 1.35206411e+00
 1.35414034e+00
 1.35584915e+00
 1.35676685e+00
 1.35646452e+00
 1.35454549e+00
 1.35067743e+00
 1.34460548e+00
 1.33614321e+00
 1.32515664e+00
 1.31155931e+00
 1.29532381e+00
 1.27650799e+00
 1.25529361e+00
 1.23202390e+00
 1.20720668e+00
 1.18145881e+00
 1.15541878e+00
 1.12968428e+00
 1.10479929e+00
 1.08127068e+00
 1.05957678e+00
 1.04011387e+00
 1.02303524e+00
 1.00813991e+00
 9.95351450e-01
 9.85871448e-01
 9.82230528e-01
 1.35910016e+00
 1.35922022e+00
 1.35953281e+00
 1.35989730e+00
 1.36008591e+00
 1.35979408e+00
 1.35865714e+00
 1.35627654e+00
 1.35226062e+00
 1.34627681e+00
 1.33809292e+00
 1.32757617e+00
 1.31465091e+00
 1.29925941e+00
 1.28135587e+00
 1.26092305e+00
 1.23800244e+00
 1.21274897e+00
 1.18551109e+00
 1.15687055e+00
 1.12756254e+00
 1.09831363e+00
 1.06973455e+00
 1.04232088e+00
 1.01650689e+00
 9.92735517e-01
 9.71588773e-01
 9.54032353e-01
 9.41521505e-01
 9.35158704e-01
 9.33828461e-01
 9.34076876e-01
 1.36190994e+00
 1.36178128e+00
 1.36135129e+00
 1.36048915e+00
 1.35898103e+00
 1.35653714e+00
 1.35280360e+00
 1.34738859e+00
 1.33991879e+00
 1.33012805e+00
 1.31792098e+00
 1.30333378e+00
 1.28641726e+00
 1.26717303e+00
 1.24557471e+00
 1.22159466e+00
 1.19522542e+00
 1.16653308e+00
 1.13581549e+00
 1.10374490e+00
 1.07126870e+00
 1.03927913e+00
 1.00840993e+00
 9.79085818e-01
 9.51637170e-01
 9.26337849e-01
 9.03311286e-01
 8.82311011e-01
 8.62656035e-01
 8.44202847e-01
 8.29467519e-01
 8.23585891e-01
 1.35710025e+00
 1.35675290e+00
 1.35567011e+00
 1.35373085e+00
 1.35073527e+00
 1.34640533e+00
 1.34038270e+00
 1.33224335e+00
 1.32158454e+00
 1.30820886e+00
 1.29223965e+00
 1.27397170e+00
 1.25358256e+00
 1.23107755e+00
 1.20642853e+00
 1.17958556e+00
 1.15048112e+00
 1.11899796e+00
 1.08526630e+00
 1.05004553e+00
 1.01468268e+00
 9.80378645e-01
 9.47774118e-01
 9.17171481e-01
 8.88811076e-01
 8.63025073e-01
 8.40273449e-01
 8.21306822e-01
 8.07400911e-01
 7.99800875e-01
 7.97746072e-01
 7.97802364e-01
 1.34671618e+00
 1.34618169e+00
 1.34454080e+00
 1.34168498e+00
 1.33743601e+00
 1.33153806e+00
 1.32361325e+00
 1.31312618e+00
 1.29952271e+00
 1.28268462e+00
 1.26313963e+00
 1.24160408e+00
 1.21832358e+00
 1.19315513e+00
 1.16609980e+00
 1.13705646e+00
 1.10597848e+00
 1.07241193e+00
 1.03611976e+00
 9.97836781e-01
 9.59694226e-01
 9.23458875e-01
 8.89656053e-01
 8.58351138e-01
 8.29565356e-01
 8.03677166e-01
 7.81215716e-01
 7.62587928e-01
 7.47795602e-01
 7.36288915e-01
 7.28072557e-01
 7.24885486e-01
 1.33281632e+00
 1.33212050e+00
 1.32999809e+00
 1.32636531e+00
 1.32109599e+00
 1.31400197e+00
 1.30468710e+00
 1.29236175e+00
 1.27600331e+00
 1.25564027e+00
 1.23260478e+00
 1.20827396e+00
 1.18280034e+00
 1.15548246e+00
 1.12667185e+00
 1.09595506e+00
 1.06372260e+00
 1.02882331e+00
 9.90500175e-01
 9.48950501e-01
 9.07910954e-01
 8.70162530e-01
 8.35661032e-01
 8.04253825e-01
 7.75280152e-01
 7.49256879e-01
 7.26843736e-01
 7.08158066e-01
 6.93357708e-01
 6.83108204e-01
 6.77820771e-01
 6.76403075e-01
 1.31736145e+00
 1.31651039e+00
 1.31392286e+00
 1.30958255e+00
 1.30349850e+00
 1.29562929e+00
 1.28559224e+00
 1.27222526e+00
 1.25317632e+00
 1.22895053e+00
 1.20246342e+00
 1.17587403e+00
 1.14916273e+00
 1.11988474e+00
 1.09013880e+00
 1.05788933e+00
 1.02548186e+00
 9.89877814e-01
 9.50367083e-01
 9.04921803e-01
 8.60629537e-01
 8.22046940e-01
 7.87096081e-01
 7.56519730e-01
 7.27318016e-01
 7.00941904e-01
 6.78835491e-01
 6.60719025e-01
 6.45964090e-01
 6.34147185e-01
 6.25705403e-01
 6.22458523e-01
 1.30212940e+00
 1.30108261e+00
 1.29791122e+00
 1.29281127e+00
 1.28616345e+00
 1.27798595e+00
 1.26786538e+00
 1.25485290e+00
 1.23289622e+00
 1.20417372e+00
 1.17448069e+00
 1.14603808e+00
 1.11959719e+00
 1.08773725e+00
 1.05849186e+00
 1.02400547e+00
 9.92867304e-01
 9.56604014e-01
 9.17456423e-01
 8.66959246e-01
 8.18858384e-01
 7.80827319e-01
 7.44717634e-01
 7.16954820e-01
 6.86769578e-01
 6.59498941e-01
 6.37907486e-01
 6.21182920e-01
 6.08130844e-01
 5.98251045e-01
 5.92169140e-01
 5.90177985e-01
 1.28864087e+00
 1.28725769e+00
 1.28314301e+00
 1.27710998e+00
 1.27050552e+00
 1.26261423e+00
 1.25229796e+00
 1.24206247e+00
 1.21648289e+00
 1.18255519e+00
 1.15053219e+00
 1.12006327e+00
 1.09622513e+00
 1.05991917e+00
 1.03367302e+00
 9.95032736e-01
 9.67370774e-01
 9.29383302e-01
 8.93037611e-01
 8.36014117e-01
 7.83456206e-01
 7.48509831e-01
 7.08567523e-01
 6.87576941e-01
 6.54111832e-01
 6.25674297e-01
 6.04425413e-01
 5.89788404e-01
 5.79481195e-01
 5.71986915e-01
 5.67880946e-01
 5.66572974e-01
 1.27811452e+00
 1.27610361e+00
 1.27045356e+00
 1.26342514e+00
 1.25795988e+00
 1.25123142e+00
 1.23910605e+00
 1.23481944e+00
 1.20456126e+00
 1.16528511e+00
 1.13248162e+00
 1.09917151e+00
 1.08048258e+00
 1.03735542e+00
 1.01698142e+00
 9.71826568e-01
 9.49978599e-01
 9.08463658e-01
 8.77369156e-01
 8.12960488e-01
 7.55542702e-01
 7.26743834e-01
 6.78804742e-01
 6.69758434e-01
 6.29199448e-01
 6.00745593e-01
 5.78734030e-01
 5.66592388e-01
 5.58760662e-01
 5.51483583e-01
 5.47231305e-01
 5.46003381e-01
 1.27143863e+00
 1.26848538e+00
 1.26104140e+00
 1.25353735e+00
 1.24977813e+00
 1.24492776e+00
 1.22927714e+00
 1.23229235e+00
 1.19728588e+00
 1.15384948e+00
 1.12154532e+00
 1.08512036e+00
 1.07218534e+00
 1.02195097e+00
 1.00814152e+00
 9.56181686e-01
 9.40464366e-01
 8.94791762e-01
 8.69293902e-01
 7.98673938e-01
 7.37063328e-01
 7.15321937e-01
 6.57710417e-01
 6.62156244e-01
 6.12565949e-01
 5.85977036e-01
 5.61858871e-01
 5.52495964e-01
 5.46860034e-01
 5.39517462e-01
 5.33385608e-01
 5.30807561e-01
 1.26915300e+00
 1.26560398e+00
 1.25734865e+00
 1.24987104e+00
 1.24690385e+00
 1.24309661e+00
 1.22543761e+00
 1.23195878e+00
 1.19481491e+00
 1.14980350e+00
 1.11794034e+00
 1.08007941e+00
 1.06974605e+00
 1.01636638e+00
 1.00552404e+00
 9.50555823e-01
 9.37550657e-01
 8.89954481e-01
 8.66917893e-01
 7.93830157e-01
 7.30493411e-01
 7.12000933e-01
 6.49821592e-01
 6.60493447e-01
 6.06495065e-01
 5.81242276e-01
 5.55802863e-01
 5.47799913e-01
 5.42936138e-01
 5.35581317e-01
 5.28216539e-01
 5.25124000e-01
