 2.93876300e+00
 2.93078766e+00
 2.91504741e+00
 2.91284811e+00
 2.91676526e+00
 2.86450438e+00
 2.85181622e+00
 2.87713612e+00
 2.90021727e+00
 2.89427553e+00
 2.88611400e+00
 2.94606595e+00
 2.94046024e+00
 2.92732373e+00
 2.92332803e+00
 2.92232816e+00
 2.88197886e+00
 2.87203810e+00
 2.89465218e+00
 2.91462808e+00
 2.91657493e+00
 2.91780104e+00
 2.96962885e+00
 2.96646810e+00
 2.95771499e+00
 2.95113465e+00
 2.94518055e+00
 2.92696502e+00
 2.92574347e+00
 2.94450976e+00
 2.96205067e+00
 2.97270797e+00
 2.97785738e+00
 3.00357542e+00
 3.00065909e+00
 2.99431726e+00
 2.98876753e+00
 2.98611506e+00
 2.98633709e+00
 2.99762628e+00
 3.01905207e+00
 3.03846428e+00
 3.04713892e+00
 3.04777905e+00
 3.03173868e+00
 3.03065804e+00
 3.02711440e+00
 3.02532291e+00
 3.03103583e+00
 3.04666722e+00
 3.07211396e+00
 3.10325330e+00
 3.13414152e+00
 3.15991611e+00
 3.17105429e+00
 3.05190081e+00
 3.04725622e+00
 3.04180457e+00
 3.04531106e+00
 3.06240690e+00
 3.09423931e+00
 3.13518561e+00
 3.17664499e+00
 3.21047377e+00
 3.23195373e+00
 3.23946636e+00
 3.00386529e+00
 3.01158564e+00
 3.02447035e+00
 3.03782975e+00
 3.06804437e+00
 3.12075128e+00
 3.17946868e+00
 3.23298707e+00
 3.27189982e+00
 3.28840329e+00
 3.29005174e+00
 3.01992828e+00
 3.01764877e+00
 3.00940490e+00
 3.00011196e+00
 3.04283050e+00
 3.13061464e+00
 3.20525569e+00
 3.27181154e+00
 3.32912603e+00
 3.37591946e+00
 3.39772813e+00
 3.03042700e+00
 3.03443929e+00
 3.00646245e+00
 2.91081182e+00
 2.98983258e+00
 3.14561121e+00
 3.21378143e+00
 3.29048395e+00
 3.34815670e+00
 3.37951038e+00
 3.38799309e+00
 3.05043018e+00
 3.10489567e+00
 3.06411365e+00
 2.75888802e+00
 2.93737573e+00
 3.18225199e+00
 3.20351856e+00
 3.30211125e+00
 3.35464009e+00
 3.38136800e+00
 3.38872402e+00
 3.06320600e+00
 3.17835653e+00
 3.12099366e+00
 2.66321897e+00
 2.91899142e+00
 3.20620275e+00
 3.19266860e+00
 3.30887340e+00
 3.35624084e+00
 3.38591010e+00
 3.40342200e+00
