 2.92564000e+00
 2.90968653e+00
 2.89715728e+00
 2.88341145e+00
 2.74380479e+00
 2.72915358e+00
 2.64898323e+00
 2.61085611e+00
 2.57264837e+00
 2.54953138e+00
 2.54465100e+00
 2.92125953e+00
 2.90786238e+00
 2.88976349e+00
 2.85995885e+00
 2.74533951e+00
 2.71211670e+00
 2.64137546e+00
 2.59915404e+00
 2.56380125e+00
 2.54061566e+00
 2.53411140e+00
 2.90768727e+00
 2.89511159e+00
 2.86395284e+00
 2.81376241e+00
 2.73199417e+00
 2.67460667e+00
 2.61490342e+00
 2.57009451e+00
 2.53857426e+00
 2.51847701e+00
 2.51166969e+00
 2.87158744e+00
 2.85712010e+00
 2.82020734e+00
 2.76491222e+00
 2.69509912e+00
 2.62968110e+00
 2.57335877e+00
 2.53074137e+00
 2.50292019e+00
 2.48910308e+00
 2.48582745e+00
 2.80747173e+00
 2.80051330e+00
 2.77121533e+00
 2.71715379e+00
 2.64936944e+00
 2.58283762e+00
 2.52783622e+00
 2.48765801e+00
 2.46091802e+00
 2.44481262e+00
 2.43902572e+00
 2.80050340e+00
 2.78122648e+00
 2.73696420e+00
 2.67867535e+00
 2.61009425e+00
 2.54293218e+00
 2.48867259e+00
 2.45076129e+00
 2.42688155e+00
 2.41384047e+00
 2.40971826e+00
 2.71824232e+00
 2.71970944e+00
 2.70412310e+00
 2.65616895e+00
 2.58757355e+00
 2.51835558e+00
 2.46342487e+00
 2.42680374e+00
 2.40577156e+00
 2.39605336e+00
 2.39349439e+00
 2.77648030e+00
 2.75943617e+00
 2.71832648e+00
 2.65882471e+00
 2.58473147e+00
 2.51146847e+00
 2.45415092e+00
 2.41690700e+00
 2.39582624e+00
 2.38554200e+00
 2.38247474e+00
 2.78957402e+00
 2.77615934e+00
 2.73559696e+00
 2.67220196e+00
 2.59406566e+00
 2.51696446e+00
 2.45682124e+00
 2.41810118e+00
 2.39633526e+00
 2.38553815e+00
 2.38223889e+00
 2.79345298e+00
 2.78220835e+00
 2.74612231e+00
 2.68433364e+00
 2.60499695e+00
 2.52565775e+00
 2.46346423e+00
 2.42352706e+00
 2.40131354e+00
 2.39050540e+00
 2.38715592e+00
 2.79902000e+00
 2.78725792e+00
 2.75078474e+00
 2.68923908e+00
 2.60962992e+00
 2.52957628e+00
 2.46666664e+00
 2.42626712e+00
 2.40390428e+00
 2.39329285e+00
 2.39022100e+00
