 3.06806900e+00
 3.06166892e+00
 3.04844165e+00
 3.03659039e+00
 3.01321934e+00
 2.99660595e+00
 3.00542512e+00
 3.02247194e+00
 3.02435260e+00
 3.04675468e+00
 3.06320600e+00
 3.05125439e+00
 3.04868124e+00
 3.03978544e+00
 3.02817883e+00
 3.00822235e+00
 2.99436714e+00
 3.00229961e+00
 3.01724815e+00
 3.02018714e+00
 3.01682600e+00
 3.00215779e+00
 3.01559824e+00
 3.01643152e+00
 3.01402905e+00
 3.00563797e+00
 2.99296749e+00
 2.98538148e+00
 2.99193959e+00
 3.00532300e+00
 3.01353985e+00
 3.00094471e+00
 2.98309069e+00
 2.98270223e+00
 2.98182464e+00
 2.97947797e+00
 2.97501090e+00
 2.96946988e+00
 2.96771202e+00
 2.97381388e+00
 2.98724464e+00
 3.01257664e+00
 3.05936217e+00
 3.09161573e+00
 2.94842091e+00
 2.94792718e+00
 2.94632499e+00
 2.94459435e+00
 2.94387190e+00
 2.94540029e+00
 2.95001508e+00
 2.95597627e+00
 2.95791162e+00
 2.94725640e+00
 2.93623926e+00
 2.92146749e+00
 2.92009901e+00
 2.91902281e+00
 2.92030774e+00
 2.92259064e+00
 2.92515995e+00
 2.92784079e+00
 2.92863139e+00
 2.92533118e+00
 2.92156595e+00
 2.92133989e+00
 2.88450291e+00
 2.88897814e+00
 2.89746917e+00
 2.90442473e+00
 2.90816336e+00
 2.91007942e+00
 2.91252997e+00
 2.91425209e+00
 2.91500612e+00
 2.91383953e+00
 2.91210458e+00
 2.88504971e+00
 2.88651384e+00
 2.89213093e+00
 2.89891937e+00
 2.89976296e+00
 2.89742415e+00
 2.90292763e+00
 2.90622517e+00
 2.91370590e+00
 2.92243941e+00
 2.92709385e+00
 2.87824528e+00
 2.88368091e+00
 2.89332739e+00
 2.90106741e+00
 2.89678957e+00
 2.87974835e+00
 2.90130063e+00
 2.89436742e+00
 2.91300343e+00
 2.92357352e+00
 2.92311891e+00
 2.87783079e+00
 2.88809402e+00
 2.89943227e+00
 2.90450147e+00
 2.90236505e+00
 2.85105713e+00
 2.91672943e+00
 2.86802179e+00
 2.92111435e+00
 2.93858361e+00
 2.93076733e+00
 2.88035900e+00
 2.89324186e+00
 2.90417449e+00
 2.90457264e+00
 2.90880547e+00
 2.83255124e+00
 2.93151616e+00
 2.84800077e+00
 2.93099509e+00
 2.95356903e+00
 2.93674600e+00
