 3.11866500e+00
 3.11219999e+00
 3.10652497e+00
 3.11637199e+00
 3.11527890e+00
 3.10057720e+00
 3.08336128e+00
 3.06962536e+00
 3.02326247e+00
 3.01641056e+00
 3.02504800e+00
 3.12205370e+00
 3.11928133e+00
 3.11604528e+00
 3.12245471e+00
 3.12134607e+00
 3.10767987e+00
 3.09086620e+00
 3.07356310e+00
 3.03722300e+00
 3.02825137e+00
 3.02948145e+00
 3.13559860e+00
 3.13629943e+00
 3.13763229e+00
 3.14032614e+00
 3.13835148e+00
 3.12673747e+00
 3.11013350e+00
 3.09019606e+00
 3.06733792e+00
 3.05505531e+00
 3.05090269e+00
 3.16058296e+00
 3.16148782e+00
 3.16360149e+00
 3.16500043e+00
 3.16185698e+00
 3.15133280e+00
 3.13551278e+00
 3.11789051e+00
 3.10278022e+00
 3.09434002e+00
 3.09198542e+00
 3.18246401e+00
 3.18374881e+00
 3.18650518e+00
 3.18733062e+00
 3.18296167e+00
 3.17262866e+00
 3.15885682e+00
 3.14553312e+00
 3.13545786e+00
 3.12940965e+00
 3.12737982e+00
 3.19607973e+00
 3.19778568e+00
 3.19955949e+00
 3.19769542e+00
 3.19123334e+00
 3.18115013e+00
 3.17050054e+00
 3.16263002e+00
 3.15881972e+00
 3.15758952e+00
 3.15717443e+00
 3.20585995e+00
 3.20199111e+00
 3.19514054e+00
 3.18835162e+00
 3.18025690e+00
 3.17168789e+00
 3.16509859e+00
 3.16264018e+00
 3.16452586e+00
 3.16979210e+00
 3.17331741e+00
 3.16105191e+00
 3.16344067e+00
 3.16488456e+00
 3.16046792e+00
 3.15344089e+00
 3.14861095e+00
 3.14618521e+00
 3.14840690e+00
 3.15113184e+00
 3.14941711e+00
 3.14644632e+00
 3.13689925e+00
 3.13693878e+00
 3.13554035e+00
 3.12909362e+00
 3.12209299e+00
 3.12413905e+00
 3.12275349e+00
 3.13143970e+00
 3.13902603e+00
 3.15032049e+00
 3.15694927e+00
 3.12492910e+00
 3.12199911e+00
 3.11619366e+00
 3.10691482e+00
 3.09622498e+00
 3.10993653e+00
 3.10188095e+00
 3.12122779e+00
 3.12323320e+00
 3.13969227e+00
 3.15273317e+00
 3.12004800e+00
 3.11598444e+00
 3.10886795e+00
 3.09952162e+00
 3.08536393e+00
 3.10679656e+00
 3.09236470e+00
 3.11952403e+00
 3.11399391e+00
 3.12927591e+00
 3.14388200e+00
