 2.40836600e+00
 2.41045304e+00
 2.41728089e+00
 2.43035368e+00
 2.45141071e+00
 2.48074735e+00
 2.51535728e+00
 2.54924519e+00
 2.57642363e+00
 2.59341799e+00
 2.59912300e+00
 2.43171223e+00
 2.42628143e+00
 2.42625976e+00
 2.43826983e+00
 2.45935579e+00
 2.48851181e+00
 2.52255409e+00
 2.55588981e+00
 2.58392422e+00
 2.60572811e+00
 2.61628665e+00
 2.45261268e+00
 2.44912325e+00
 2.45107241e+00
 2.46452199e+00
 2.48612857e+00
 2.51467099e+00
 2.54691408e+00
 2.57802751e+00
 2.60580910e+00
 2.63049878e+00
 2.64235687e+00
 2.46552329e+00
 2.47848677e+00
 2.49909652e+00
 2.51732784e+00
 2.53934009e+00
 2.56642636e+00
 2.59499852e+00
 2.62029588e+00
 2.63942805e+00
 2.65028822e+00
 2.65305038e+00
 2.60570871e+00
 2.59886928e+00
 2.59529887e+00
 2.60638435e+00
 2.62671562e+00
 2.65064199e+00
 2.67293319e+00
 2.68893726e+00
 2.69635195e+00
 2.69728717e+00
 2.69687052e+00
 2.67942183e+00
 2.69040676e+00
 2.71004132e+00
 2.72865205e+00
 2.74770164e+00
 2.76590400e+00
 2.77964289e+00
 2.78628083e+00
 2.78552320e+00
 2.77994225e+00
 2.77638032e+00
 2.86295746e+00
 2.86116489e+00
 2.86431868e+00
 2.87493444e+00
 2.88691164e+00
 2.89607416e+00
 2.89985631e+00
 2.89871646e+00
 2.89616623e+00
 2.89603694e+00
 2.89702950e+00
 2.99437550e+00
 3.00047501e+00
 3.00900496e+00
 3.01431663e+00
 3.01645909e+00
 3.01588012e+00
 3.00984521e+00
 3.00071822e+00
 2.99204185e+00
 2.98611669e+00
 2.98422263e+00
 3.13541094e+00
 3.12900276e+00
 3.12472633e+00
 3.12250001e+00
 3.11282887e+00
 3.10696454e+00
 3.09246587e+00
 3.07701559e+00
 3.06428392e+00
 3.04858656e+00
 3.04195329e+00
 3.18547393e+00
 3.18598794e+00
 3.19397585e+00
 3.19052477e+00
 3.16655841e+00
 3.16358873e+00
 3.14153733e+00
 3.12149544e+00
 3.11628356e+00
 3.09139659e+00
 3.07696407e+00
 3.18607600e+00
 3.19772830e+00
 3.21741212e+00
 3.21434846e+00
 3.18230681e+00
 3.18332059e+00
 3.15751780e+00
 3.13491971e+00
 3.13763731e+00
 3.10953675e+00
 3.08871300e+00
