 2.82244400e+00
 2.80483642e+00
 2.80354439e+00
 2.85680332e+00
 2.85644428e+00
 2.86558051e+00
 2.90648053e+00
 2.90930001e+00
 2.92923102e+00
 2.93729270e+00
 2.93546900e+00
 2.81828114e+00
 2.80664303e+00
 2.80505330e+00
 2.84481073e+00
 2.85237700e+00
 2.86481154e+00
 2.89976009e+00
 2.90814995e+00
 2.92498577e+00
 2.93425142e+00
 2.93656406e+00
 2.78018498e+00
 2.78113056e+00
 2.79188351e+00
 2.81901636e+00
 2.83840568e+00
 2.85756813e+00
 2.88417169e+00
 2.89988691e+00
 2.91322424e+00
 2.92227213e+00
 2.92599940e+00
 2.71325542e+00
 2.72872194e+00
 2.75885793e+00
 2.78846741e+00
 2.81431298e+00
 2.83853989e+00
 2.86267643e+00
 2.88163587e+00
 2.89434555e+00
 2.89895430e+00
 2.89872257e+00
 2.72224211e+00
 2.72426447e+00
 2.73566943e+00
 2.75716266e+00
 2.78276057e+00
 2.80897275e+00
 2.83403315e+00
 2.85575011e+00
 2.87328214e+00
 2.88659952e+00
 2.89235819e+00
 2.69245370e+00
 2.69621352e+00
 2.70650528e+00
 2.72370317e+00
 2.74701686e+00
 2.77337320e+00
 2.79991070e+00
 2.82399864e+00
 2.84321339e+00
 2.85510645e+00
 2.85879914e+00
 2.66642939e+00
 2.66795458e+00
 2.67497224e+00
 2.69002959e+00
 2.71199638e+00
 2.73808635e+00
 2.76635095e+00
 2.79334812e+00
 2.81531589e+00
 2.82991207e+00
 2.83520284e+00
 2.63473085e+00
 2.63710382e+00
 2.64580739e+00
 2.66244228e+00
 2.68473942e+00
 2.70947310e+00
 2.74047455e+00
 2.77197812e+00
 2.79701355e+00
 2.81328498e+00
 2.81888304e+00
 2.60601215e+00
 2.61206341e+00
 2.62542225e+00
 2.64601849e+00
 2.67108669e+00
 2.68922333e+00
 2.72548217e+00
 2.76393198e+00
 2.79041207e+00
 2.80821913e+00
 2.81450213e+00
 2.60456140e+00
 2.60818918e+00
 2.61636428e+00
 2.63878938e+00
 2.67116448e+00
 2.67438689e+00
 2.71957064e+00
 2.76626975e+00
 2.79000438e+00
 2.80985704e+00
 2.81781204e+00
 2.60992500e+00
 2.60874520e+00
 2.61337958e+00
 2.63643439e+00
 2.67438029e+00
 2.66766900e+00
 2.71848265e+00
 2.76925257e+00
 2.78986810e+00
 2.81037714e+00
 2.82022100e+00
