 2.92903200e+00
 2.93283595e+00
 2.94421806e+00
 2.96324381e+00
 2.98160124e+00
 2.99092042e+00
 3.01176201e+00
 3.02071438e+00
 3.01716861e+00
 3.02017105e+00
 3.02396000e+00
 2.90810813e+00
 2.92043124e+00
 2.94057381e+00
 2.96160642e+00
 2.98016073e+00
 2.99157967e+00
 3.00992534e+00
 3.01827112e+00
 3.01672977e+00
 3.01804366e+00
 3.01858027e+00
 2.89319517e+00
 2.90778729e+00
 2.93428005e+00
 2.95779609e+00
 2.97710869e+00
 2.99170746e+00
 3.00596843e+00
 3.01336053e+00
 3.01458686e+00
 3.01414975e+00
 3.01324051e+00
 2.92530759e+00
 2.92624169e+00
 2.93603167e+00
 2.95452151e+00
 2.97371730e+00
 2.98971121e+00
 3.00196809e+00
 3.00910305e+00
 3.01279978e+00
 3.01591425e+00
 3.01759423e+00
 2.91419058e+00
 2.92003067e+00
 2.93341528e+00
 2.95075608e+00
 2.96938036e+00
 2.98581715e+00
 2.99806066e+00
 3.00563289e+00
 3.00960866e+00
 3.01149999e+00
 3.01210358e+00
 2.91691675e+00
 2.91899024e+00
 2.92786069e+00
 2.94366359e+00
 2.96219794e+00
 2.97940645e+00
 2.99293759e+00
 3.00217995e+00
 3.00748695e+00
 3.00909085e+00
 3.00888249e+00
 2.89332089e+00
 2.89915891e+00
 2.91320486e+00
 2.93124918e+00
 2.95072259e+00
 2.96919534e+00
 2.98475942e+00
 2.99659637e+00
 3.00606294e+00
 3.01467578e+00
 3.01901934e+00
 2.88286841e+00
 2.88698904e+00
 2.89889967e+00
 2.91627971e+00
 2.93577907e+00
 2.95516882e+00
 2.97325120e+00
 2.98639609e+00
 2.99508117e+00
 2.99751606e+00
 2.99692784e+00
 2.87267950e+00
 2.87576274e+00
 2.88553724e+00
 2.90151629e+00
 2.92048771e+00
 2.93907743e+00
 2.96207838e+00
 2.97406419e+00
 2.98796758e+00
 2.99295797e+00
 2.99318431e+00
 2.85858822e+00
 2.86322599e+00
 2.87518775e+00
 2.88979606e+00
 2.90998588e+00
 2.92379188e+00
 2.95720407e+00
 2.95960274e+00
 2.98807899e+00
 2.99683495e+00
 2.99434251e+00
 2.85176700e+00
 2.85830710e+00
 2.87214531e+00
 2.88488936e+00
 2.90688192e+00
 2.91651235e+00
 2.95750557e+00
 2.95110801e+00
 2.99040515e+00
 3.00100650e+00
 2.99395100e+00
