 1.13946000e+00
 1.14310545e+00
 1.14979361e+00
 1.14977269e+00
 1.13635922e+00
 1.11891391e+00
 1.12311968e+00
 1.09912913e+00
 1.07873057e+00
 1.03328170e+00
 1.04689587e+00
 9.93698215e-01
 9.70056938e-01
 9.92584471e-01
 9.52269596e-01
 8.94799230e-01
 8.66538996e-01
 8.22703374e-01
 7.97694287e-01
 7.59578376e-01
 7.47879215e-01
 6.81868593e-01
 6.60590131e-01
 6.27019301e-01
 5.84552767e-01
 5.74487466e-01
 5.51964731e-01
 5.30688262e-01
 5.16224706e-01
 5.08588876e-01
 5.05564068e-01
 5.04865000e-01
 1.13593134e+00
 1.13947720e+00
 1.14558666e+00
 1.14618561e+00
 1.13415425e+00
 1.11856414e+00
 1.11936602e+00
 1.09718353e+00
 1.07550976e+00
 1.03366614e+00
 1.04202131e+00
 9.92456424e-01
 9.68863677e-01
 9.87107100e-01
 9.48024146e-01
 8.92317352e-01
 8.62557343e-01
 8.19818874e-01
 7.93409291e-01
 7.56479601e-01
 7.41618905e-01
 6.79437574e-01
 6.55900813e-01
 6.22561724e-01
 5.82028871e-01
 5.69632249e-01
 5.47699419e-01
 5.26971803e-01
 5.12754407e-01
 5.05029674e-01
 5.01563846e-01
 5.00664656e-01
 1.12874938e+00
 1.13144596e+00
 1.13610874e+00
 1.13690433e+00
 1.12788638e+00
 1.11552148e+00
 1.10963480e+00
 1.09050353e+00
 1.06689501e+00
 1.03259989e+00
 1.02919632e+00
 9.87778450e-01
 9.64314666e-01
 9.71736818e-01
 9.35494069e-01
 8.84173210e-01
 8.51017604e-01
 8.10590339e-01
 7.81025879e-01
 7.46339509e-01
 7.24338224e-01
 6.70833388e-01
 6.42416922e-01
 6.09546049e-01
 5.73290421e-01
 5.55922183e-01
 5.34991818e-01
 5.15606439e-01
 5.01887686e-01
 4.93747007e-01
 4.89409225e-01
 4.88100078e-01
 1.12513673e+00
 1.12603018e+00
 1.12719558e+00
 1.12554222e+00
 1.11789510e+00
 1.10692880e+00
 1.09590944e+00
 1.07811399e+00
 1.05418092e+00
 1.02603896e+00
 1.01155513e+00
 9.77758552e-01
 9.54176112e-01
 9.48776112e-01
 9.15171845e-01
 8.68927494e-01
 8.32549999e-01
 7.93934353e-01
 7.61270321e-01
 7.27729486e-01
 6.98876076e-01
 6.53702131e-01
 6.21135058e-01
 5.88625519e-01
 5.56295058e-01
 5.34692756e-01
 5.14188543e-01
 4.96131844e-01
 4.82758185e-01
 4.73997931e-01
 4.68926378e-01
 4.67287652e-01
 1.12757629e+00
 1.12587511e+00
 1.12102052e+00
 1.11368259e+00
 1.10387586e+00
 1.09198408e+00
 1.07811373e+00
 1.06007566e+00
 1.03696339e+00
 1.01171493e+00
 9.90306038e-01
 9.60908174e-01
 9.36407654e-01
 9.20040312e-01
 8.87599528e-01
 8.45503863e-01
 8.07202223e-01
 7.69181803e-01
 7.34251075e-01
 7.00169497e-01
 6.66911246e-01
 6.26973922e-01
 5.92447044e-01
 5.60150586e-01
 5.30142335e-01
 5.06323014e-01
 4.85693021e-01
 4.68330282e-01
 4.55028211e-01
 4.45777346e-01
 4.40267255e-01
 4.38443723e-01
 1.12087057e+00
 1.11689693e+00
 1.10727986e+00
 1.09577720e+00
 1.08369645e+00
 1.07044966e+00
 1.05505165e+00
 1.03638242e+00
 1.01390928e+00
 9.89311173e-01
 9.64454924e-01
 9.36414720e-01
 9.10085263e-01
 8.85969466e-01
 8.53159405e-01
 8.13594019e-01
 7.74495661e-01
 7.36188525e-01
 6.99628868e-01
 6.64130651e-01
 6.28599179e-01
 5.91105338e-01
 5.56229069e-01
 5.24146047e-01
 4.95174317e-01
 4.70570661e-01
 4.49695458e-01
 4.32470437e-01
 4.19082304e-01
 4.09550172e-01
 4.03823680e-01
 4.01914669e-01
 1.07309399e+00
 1.07265801e+00
 1.07023467e+00
 1.06424917e+00
 1.05450645e+00
 1.04153555e+00
 1.02555507e+00
 1.00637374e+00
 9.83928509e-01
 9.58991631e-01
 9.32352668e-01
 9.03844283e-01
 8.75193780e-01
 8.46029929e-01
 8.11954299e-01
 7.73400615e-01
 7.33979808e-01
 6.95042703e-01
 6.57199933e-01
 6.20271976e-01
 5.83613031e-01
 5.47052939e-01
 5.12457254e-01
 4.80665161e-01
 4.52149571e-01
 4.27395854e-01
 4.06386045e-01
 3.89115065e-01
 3.75632136e-01
 3.65970626e-01
 3.60154649e-01
 3.58212651e-01
 1.03764617e+00
 1.03670255e+00
 1.03356126e+00
 1.02752064e+00
 1.01807394e+00
 1.00516441e+00
 9.88880483e-01
 9.69247543e-01
 9.46381751e-01
 9.20715690e-01
 8.92781543e-01
 8.62994143e-01
 8.32015442e-01
 7.99508814e-01
 7.63882607e-01
 7.25301652e-01
 6.85572836e-01
 6.45973164e-01
 6.07120138e-01
 5.69123608e-01
 5.31876656e-01
 4.95676439e-01
 4.61484885e-01
 4.30056056e-01
 4.01865394e-01
 3.77221747e-01
 3.56243103e-01
 3.38985871e-01
 3.25497574e-01
 3.15821828e-01
 3.09997105e-01
 3.08052088e-01
 1.00250759e+00
 1.00022947e+00
 9.94151126e-01
 9.85558605e-01
 9.74826538e-01
 9.61415013e-01
 9.44725203e-01
 9.24535732e-01
 9.00965840e-01
 8.74365214e-01
 8.45188278e-01
 8.13889152e-01
 7.80844886e-01
 7.45980514e-01
 7.08864900e-01
 6.69730575e-01
 6.29588663e-01
 5.89423293e-01
 5.49861467e-01
 5.11219240e-01
 4.73716194e-01
 4.37766280e-01
 4.04007643e-01
 3.73020976e-01
 3.45218067e-01
 3.20860001e-01
 3.00091916e-01
 2.82998152e-01
 2.69637519e-01
 2.60056684e-01
 2.54292138e-01
 2.52367844e-01
 9.37479678e-01
 9.37358949e-01
 9.36081021e-01
 9.31818792e-01
 9.23334069e-01
 9.10381752e-01
 8.93225468e-01
 8.72214253e-01
 8.47684697e-01
 8.20000311e-01
 7.89568438e-01
 7.56803024e-01
 7.22042427e-01
 6.85438712e-01
 6.47056635e-01
 6.07233398e-01
 5.66663045e-01
 5.26105590e-01
 4.86166059e-01
 4.47279241e-01
 4.09820559e-01
 3.74227173e-01
 3.40995313e-01
 3.10575525e-01
 2.83307869e-01
 2.59420246e-01
 2.39054616e-01
 2.22299427e-01
 2.09213325e-01
 1.99837551e-01
 1.94200692e-01
 1.92319836e-01
 8.96682553e-01
 8.95005922e-01
 8.89932869e-01
 8.81396135e-01
 8.69378747e-01
 8.53893810e-01
 8.34943503e-01
 8.12548560e-01
 7.86815585e-01
 7.57969562e-01
 7.26334730e-01
 6.92283373e-01
 6.56172274e-01
 6.18300646e-01
 5.78961076e-01
 5.38569900e-01
 4.97706752e-01
 4.57006339e-01
 4.17041881e-01
 3.78295898e-01
 3.41201089e-01
 3.06184669e-01
 2.73662351e-01
 2.43995762e-01
 2.17462235e-01
 1.94253728e-01
 1.74493884e-01
 1.58259389e-01
 1.45597344e-01
 1.36536548e-01
 1.31094083e-01
 1.29278988e-01
 8.48113269e-01
 8.44783464e-01
 8.35772146e-01
 8.23005016e-01
 8.07708450e-01
 7.89981308e-01
 7.69423702e-01
 7.45727602e-01
 7.18841599e-01
 6.88919416e-01
 6.56244707e-01
 6.21173839e-01
 5.84090774e-01
 5.45382413e-01
 5.05454684e-01
 4.64776122e-01
 4.23890007e-01
 3.83368950e-01
 3.43755959e-01
 3.05538094e-01
 2.69153402e-01
 2.35002333e-01
 2.03441848e-01
 1.74767682e-01
 1.49202861e-01
 1.26900410e-01
 1.07956245e-01
 9.24251186e-02
 8.03347955e-02
 7.16968598e-02
 6.65143614e-02
 6.47870124e-02
 7.53333488e-01
 7.52984669e-01
 7.50843396e-01
 7.44793995e-01
 7.33593424e-01
 7.17333204e-01
 6.96696393e-01
 6.72301897e-01
 6.44567045e-01
 6.13814559e-01
 5.80374254e-01
 5.44620449e-01
 5.06967754e-01
 4.67857802e-01
 4.27757769e-01
 3.87168811e-01
 3.46623773e-01
 3.06662851e-01
 2.67801161e-01
 2.30507792e-01
 1.95199791e-01
 1.62240850e-01
 1.31936333e-01
 1.04526510e-01
 8.01846095e-02
 5.90226819e-02
 4.11032417e-02
 2.64529214e-02
 1.50753466e-02
 6.96195245e-03
 2.10050939e-03
 4.81249465e-04
 6.98491098e-01
 6.95507627e-01
 6.87220629e-01
 6.74910297e-01
 6.59368251e-01
 6.40697751e-01
 6.18772914e-01
 5.93570648e-01
 5.65217886e-01
 5.33952622e-01
 5.00099015e-01
 4.64051602e-01
 4.26256833e-01
 3.87195172e-01
 3.47369807e-01
 3.07300562e-01
 2.67514814e-01
 2.28530253e-01
 1.90833897e-01
 1.54865403e-01
 1.21007570e-01
 8.95812474e-02
 6.08418621e-02
 3.49781682e-02
 1.21153609e-02
 -7.67678700e-03
 -2.43722237e-02
 -3.79755793e-02
 -4.85096432e-02
 -5.60043675e-02
 -6.04879433e-02
 -6.19801144e-02
 6.12101515e-01
 6.09879272e-01
 6.03192234e-01
 5.92133806e-01
 5.77043418e-01
 5.58317566e-01
 5.36197317e-01
 5.10804718e-01
 4.82291812e-01
 4.50918738e-01
 4.17050103e-01
 3.81124666e-01
 3.43627651e-01
 3.05070840e-01
 2.65978956e-01
 2.26879257e-01
 1.88290298e-01
 1.50707564e-01
 1.14587594e-01
 8.03342286e-02
 4.82891894e-02
 1.87268678e-02
 -8.14730779e-03
 -3.21947938e-02
 -5.33377714e-02
 -7.15492916e-02
 -8.68409964e-02
 -9.92500104e-02
 -1.08826290e-01
 -1.15621356e-01
 -1.19678945e-01
 -1.21028091e-01
 5.18633204e-01
 5.16804836e-01
 5.11319039e-01
 5.02110834e-01
 4.89007986e-01
 4.71863750e-01
 4.50725221e-01
 4.25853525e-01
 3.97640686e-01
 3.66539675e-01
 3.33035754e-01
 2.97637070e-01
 2.60868227e-01
 2.23262603e-01
 1.85353578e-01
 1.47664891e-01
 1.10699589e-01
 7.49272491e-02
 4.07706000e-02
 8.59372213e-03
 -2.13062914e-02
 -4.87034041e-02
 -7.34423418e-02
 -9.54340779e-02
 -1.14647499e-01
 -1.31098109e-01
 -1.44834996e-01
 -1.55927357e-01
 -1.64451652e-01
 -1.70480190e-01
 -1.74071746e-01
 -1.75264522e-01
 4.28114836e-01
 4.26907356e-01
 4.22904542e-01
 4.15255894e-01
 4.03252371e-01
 3.86707129e-01
 3.65885752e-01
 3.41263770e-01
 3.13371199e-01
 2.82742046e-01
 2.49908551e-01
 2.15404752e-01
 1.79767405e-01
 1.43532083e-01
 1.07225727e-01
 7.13571601e-02
 3.64062317e-02
 2.81188894e-03
 -2.90400058e-02
 -5.88273894e-02
 -8.62992999e-02
 -1.11278553e-01
 -1.33659578e-01
 -1.53401845e-01
 -1.70519729e-01
 -1.85069917e-01
 -1.97137608e-01
 -2.06822673e-01
 -2.14226636e-01
 -2.19441244e-01
 -2.22539016e-01
 -2.23566296e-01
 3.61672576e-01
 3.59121007e-01
 3.51687047e-01
 3.39947744e-01
 3.24524711e-01
 3.05781162e-01
 2.83866602e-01
 2.58939617e-01
 2.31280212e-01
 2.01279070e-01
 1.69396266e-01
 1.36129865e-01
 1.01995208e-01
 6.75095481e-02
 3.31791282e-02
 -5.12498917e-04
 -3.31156564e-02
 -6.42259625e-02
 -9.34961216e-02
 -1.20646551e-01
 -1.45472217e-01
 -1.67844012e-01
 -1.87704757e-01
 -2.05060737e-01
 -2.19969908e-01
 -2.32528070e-01
 -2.42854335e-01
 -2.51076959e-01
 -2.57320327e-01
 -2.61693631e-01
 -2.64281721e-01
 -2.65138297e-01
 2.82942585e-01
 2.80285485e-01
 2.72708210e-01
 2.60919160e-01
 2.45390407e-01
 2.26443945e-01
 2.04431307e-01
 1.79714259e-01
 1.52643786e-01
 1.23594982e-01
 9.29912753e-02
 6.12980604e-02
 2.90029205e-02
 -3.40397320e-03
 -3.54457947e-02
 -6.66717962e-02
 -9.66677148e-02
 -1.25065765e-01
 -1.51556501e-01
 -1.75901022e-01
 -1.97938427e-01
 -2.17585822e-01
 -2.34832236e-01
 -2.49728374e-01
 -2.62373282e-01
 -2.72899250e-01
 -2.81456524e-01
 -2.88198958e-01
 -2.93271163e-01
 -2.96797548e-01
 -2.98873424e-01
 -2.99558590e-01
 1.98238468e-01
 1.96793935e-01
 1.91724614e-01
 1.81992119e-01
 1.67649502e-01
 1.49503040e-01
 1.28293925e-01
 1.04518886e-01
 7.85836734e-02
 5.09047352e-02
 2.19283326e-02
 -7.87917950e-03
 -3.80458821e-02
 -6.81077008e-02
 -9.76206807e-02
 -1.26171977e-01
 -1.53386846e-01
 -1.78933803e-01
 -2.02536635e-01
 -2.23992275e-01
 -2.43181084e-01
 -2.60063991e-01
 -2.74673185e-01
 -2.87100645e-01
 -2.97483719e-01
 -3.05988433e-01
 -3.12793132e-01
 -3.18074044e-01
 -3.21992994e-01
 -3.24687023e-01
 -3.26260130e-01
 -3.26777163e-01
 1.36495861e-01
 1.32408981e-01
 1.22085157e-01
 1.08788597e-01
 9.37900971e-02
 7.66425063e-02
 5.68791507e-02
 3.45955251e-02
 1.02136257e-02
 -1.57612643e-02
 -4.28262447e-02
 -7.04982206e-02
 -9.83165051e-02
 -1.25842983e-01
 -1.52667734e-01
 -1.78420549e-01
 -2.02772531e-01
 -2.25426352e-01
 -2.46127003e-01
 -2.64697754e-01
 -2.81058483e-01
 -2.95212699e-01
 -3.07231198e-01
 -3.17242651e-01
 -3.25420154e-01
 -3.31961558e-01
 -3.37070588e-01
 -3.40942420e-01
 -3.43752630e-01
 -3.45648119e-01
 -3.46739509e-01
 -3.47095529e-01
 2.52227349e-02
 2.77984700e-02
 3.19286300e-02
 3.13944646e-02
 2.36384843e-02
 9.82584210e-03
 -8.10034030e-03
 -2.88181514e-02
 -5.15283516e-02
 -7.56355305e-02
 -1.00614052e-01
 -1.25986946e-01
 -1.51320430e-01
 -1.76207448e-01
 -2.00268526e-01
 -2.23181262e-01
 -2.44680468e-01
 -2.64501667e-01
 -2.82381267e-01
 -2.98150586e-01
 -3.11776422e-01
 -3.23309168e-01
 -3.32848502e-01
 -3.40550798e-01
 -3.46623905e-01
 -3.51298895e-01
 -3.54803568e-01
 -3.57348193e-01
 -3.59117878e-01
 -3.60265876e-01
 -3.60907134e-01
 -3.61112860e-01
 3.38735857e-02
 2.62271713e-02
 8.12999287e-03
 -1.19422253e-02
 -3.01626210e-02
 -4.74166522e-02
 -6.54463031e-02
 -8.50286838e-02
 -1.06116939e-01
 -1.28307590e-01
 -1.51116088e-01
 -1.74106730e-01
 -1.96905834e-01
 -2.19143677e-01
 -2.40447986e-01
 -2.60543529e-01
 -2.79283347e-01
 -2.96446061e-01
 -3.11681451e-01
 -3.24790794e-01
 -3.35830025e-01
 -3.44916764e-01
 -3.52150738e-01
 -3.57693740e-01
 -3.61793389e-01
 -3.64725390e-01
 -3.66743480e-01
 -3.68067323e-01
 -3.68884766e-01
 -3.69350751e-01
 -3.69581853e-01
 -3.69650658e-01
 -8.88156572e-02
 -8.58638083e-02
 -8.10493638e-02
 -8.10268006e-02
 -8.80149573e-02
 -1.00385189e-01
 -1.16124675e-01
 -1.34047679e-01
 -1.53448176e-01
 -1.73725476e-01
 -1.94338055e-01
 -2.14918905e-01
 -2.35217825e-01
 -2.54905586e-01
 -2.73543640e-01
 -2.90866415e-01
 -3.06999695e-01
 -3.21823436e-01
 -3.34692341e-01
 -3.45292017e-01
 -3.53917841e-01
 -3.60811499e-01
 -3.65982415e-01
 -3.69542269e-01
 -3.71803639e-01
 -3.73125234e-01
 -3.73794102e-01
 -3.74026182e-01
 -3.73999227e-01
 -3.73862944e-01
 -3.73732641e-01
 -3.73680969e-01
 -1.04432529e-01
 -1.07257682e-01
 -1.14076235e-01
 -1.22551813e-01
 -1.32480050e-01
 -1.44655874e-01
 -1.59240963e-01
 -1.75782932e-01
 -1.93657218e-01
 -2.12138238e-01
 -2.30557027e-01
 -2.48718371e-01
 -2.66632911e-01
 -2.84002934e-01
 -3.00174949e-01
 -3.14706112e-01
 -3.28391613e-01
 -3.41419528e-01
 -3.52319481e-01
 -3.60465862e-01
 -3.66832815e-01
 -3.71905178e-01
 -3.75345881e-01
 -3.77097326e-01
 -3.77616220e-01
 -3.77447283e-01
 -3.76924981e-01
 -3.76222810e-01
 -3.75479256e-01
 -3.74831842e-01
 -3.74394648e-01
 -3.74240654e-01
 -1.38181417e-01
 -1.40791982e-01
 -1.47708004e-01
 -1.57195525e-01
 -1.68276117e-01
 -1.80847728e-01
 -1.94928534e-01
 -2.10440425e-01
 -2.27106134e-01
 -2.44059427e-01
 -2.60247250e-01
 -2.75948957e-01
 -2.91688694e-01
 -3.07111181e-01
 -3.21225167e-01
 -3.32740365e-01
 -3.44042673e-01
 -3.56186413e-01
 -3.65675922e-01
 -3.71145607e-01
 -3.75346889e-01
 -3.79181322e-01
 -3.81345948e-01
 -3.81420348e-01
 -3.80184755e-01
 -3.78608647e-01
 -3.77097650e-01
 -3.75675624e-01
 -3.74366918e-01
 -3.73298185e-01
 -3.72602602e-01
 -3.72362393e-01
 -1.89260763e-01
 -1.88140827e-01
 -1.87281687e-01
 -1.90677637e-01
 -1.99168767e-01
 -2.10871919e-01
 -2.24010484e-01
 -2.38439183e-01
 -2.54281960e-01
 -2.70230428e-01
 -2.83980965e-01
 -2.97120275e-01
 -3.11053186e-01
 -3.24920265e-01
 -3.37825446e-01
 -3.45703103e-01
 -3.54467879e-01
 -3.67171022e-01
 -3.76030162e-01
 -3.78065233e-01
 -3.80137005e-01
 -3.83652322e-01
 -3.85112186e-01
 -3.83565285e-01
 -3.80371108e-01
 -3.77414555e-01
 -3.75209227e-01
 -3.73419405e-01
 -3.71738234e-01
 -3.70296010e-01
 -3.69343361e-01
 -3.69015820e-01
 -1.92298249e-01
 -1.94564037e-01
 -2.01037873e-01
 -2.10819438e-01
 -2.22777585e-01
 -2.35221826e-01
 -2.46923587e-01
 -2.60112416e-01
 -2.75608413e-01
 -2.91552338e-01
 -3.02309255e-01
 -3.12753663e-01
 -3.25563092e-01
 -3.37941284e-01
 -3.51268516e-01
 -3.54335651e-01
 -3.60169529e-01
 -3.75381675e-01
 -3.84654154e-01
 -3.81794735e-01
 -3.81827933e-01
 -3.86315448e-01
 -3.87644371e-01
 -3.84510942e-01
 -3.78902236e-01
 -3.74557702e-01
 -3.72022104e-01
 -3.70515204e-01
 -3.68788110e-01
 -3.66893397e-01
 -3.65532900e-01
 -3.65060978e-01
 -1.94843843e-01
 -2.00063433e-01
 -2.12572870e-01
 -2.27163783e-01
 -2.42219767e-01
 -2.55311501e-01
 -2.63765509e-01
 -2.75890927e-01
 -2.91323588e-01
 -3.08884955e-01
 -3.15680524e-01
 -3.23405404e-01
 -3.36221494e-01
 -3.46458554e-01
 -3.62691056e-01
 -3.59378405e-01
 -3.61918046e-01
 -3.81574126e-01
 -3.92471409e-01
 -3.82845575e-01
 -3.81174787e-01
 -3.88047495e-01
 -3.89583463e-01
 -3.85081761e-01
 -3.76385782e-01
 -3.70804115e-01
 -3.68060014e-01
 -3.67936931e-01
 -3.66860906e-01
 -3.64249880e-01
 -3.62022902e-01
 -3.61223609e-01
 -2.13161489e-01
 -2.17880116e-01
 -2.28490166e-01
 -2.41328927e-01
 -2.57781842e-01
 -2.71841745e-01
 -2.74292052e-01
 -2.86603142e-01
 -3.01577866e-01
 -3.22569728e-01
 -3.24499265e-01
 -3.29802873e-01
 -3.43902439e-01
 -3.50904317e-01
 -3.72433581e-01
 -3.61667956e-01
 -3.61065627e-01
 -3.86079999e-01
 -3.99550417e-01
 -3.81988578e-01
 -3.79239910e-01
 -3.89405191e-01
 -3.91085245e-01
 -3.85797723e-01
 -3.73413855e-01
 -3.67228734e-01
 -3.63707683e-01
 -3.66269210e-01
 -3.66930309e-01
 -3.63415254e-01
 -3.59554525e-01
 -3.58073977e-01
 -2.35730377e-01
 -2.37472757e-01
 -2.41222001e-01
 -2.50213880e-01
 -2.67846113e-01
 -2.83879217e-01
 -2.79041833e-01
 -2.93086999e-01
 -3.06910529e-01
 -3.31878355e-01
 -3.29313002e-01
 -3.32946004e-01
 -3.48835740e-01
 -3.52426157e-01
 -3.79515549e-01
 -3.62274572e-01
 -3.59442509e-01
 -3.88872867e-01
 -4.04860500e-01
 -3.80496460e-01
 -3.77316081e-01
 -3.90449375e-01
 -3.92021410e-01
 -3.86630282e-01
 -3.70825881e-01
 -3.64896808e-01
 -3.59856557e-01
 -3.65534917e-01
 -3.68386802e-01
 -3.64418898e-01
 -3.58543348e-01
 -3.56020680e-01
 -2.45701000e-01
 -2.44782913e-01
 -2.45016455e-01
 -2.52879574e-01
 -2.71223967e-01
 -2.88511684e-01
 -2.80140011e-01
 -2.95346984e-01
 -3.08458763e-01
 -3.35266796e-01
 -3.30802550e-01
 -3.33846418e-01
 -3.50587672e-01
 -3.52659540e-01
 -3.82178259e-01
 -3.62308834e-01
 -3.58683196e-01
 -3.89822493e-01
 -4.06877317e-01
 -3.79784432e-01
 -3.76524598e-01
 -3.90866456e-01
 -3.92326767e-01
 -3.87029474e-01
 -3.69759005e-01
 -3.64150365e-01
 -3.58227832e-01
 -3.65374697e-01
 -3.69228766e-01
 -3.65289261e-01
 -3.58494743e-01
 -3.55309000e-01
