 -1.47936500e+00
 -1.47739157e+00
 -1.47048694e+00
 -1.45687219e+00
 -1.43733333e+00
 -1.42029552e+00
 -1.41210262e+00
 -1.32842929e+00
 -1.34178250e+00
 -1.25070669e+00
 -1.27235814e+00
 -1.11966245e+00
 -1.08574220e+00
 -1.04872469e+00
 -1.01404134e+00
 -9.15347748e-01
 -8.67871083e-01
 -7.22924516e-01
 -6.69694241e-01
 -6.55665229e-01
 -5.68683335e-01
 -4.87035831e-01
 -4.33516971e-01
 -3.97978083e-01
 -3.28112328e-01
 -3.27818187e-01
 -2.36609577e-01
 -2.22302010e-01
 -2.24588956e-01
 -2.12600768e-01
 -1.93639500e-01
 -1.84700000e-01
 -1.47416077e+00
 -1.47254259e+00
 -1.46468880e+00
 -1.45183143e+00
 -1.43221767e+00
 -1.41561318e+00
 -1.40205654e+00
 -1.32788915e+00
 -1.33106498e+00
 -1.24923379e+00
 -1.25904420e+00
 -1.11821547e+00
 -1.07933855e+00
 -1.04216089e+00
 -1.00425368e+00
 -9.09530951e-01
 -8.57266043e-01
 -7.19179694e-01
 -6.63856654e-01
 -6.45402874e-01
 -5.60968608e-01
 -4.80470981e-01
 -4.26693577e-01
 -3.88525849e-01
 -3.23396090e-01
 -3.14543144e-01
 -2.33804689e-01
 -2.15491628e-01
 -2.13700014e-01
 -1.99606901e-01
 -1.81438318e-01
 -1.73262948e-01
 -1.45842682e+00
 -1.45645476e+00
 -1.44835276e+00
 -1.43597320e+00
 -1.41697062e+00
 -1.39952922e+00
 -1.37646591e+00
 -1.32076926e+00
 -1.30358011e+00
 -1.24000346e+00
 -1.22435666e+00
 -1.11012645e+00
 -1.06091749e+00
 -1.02174523e+00
 -9.76486501e-01
 -8.90526278e-01
 -8.27679990e-01
 -7.06021377e-01
 -6.45816115e-01
 -6.16120842e-01
 -5.37686871e-01
 -4.60447632e-01
 -4.05633057e-01
 -3.62032048e-01
 -3.05979003e-01
 -2.80478799e-01
 -2.20167163e-01
 -1.94766622e-01
 -1.83365707e-01
 -1.66042501e-01
 -1.49600110e-01
 -1.42819307e-01
 -1.43181643e+00
 -1.42942309e+00
 -1.42149471e+00
 -1.40880230e+00
 -1.39051689e+00
 -1.37014061e+00
 -1.34150248e+00
 -1.29874435e+00
 -1.26620273e+00
 -1.21530757e+00
 -1.17759279e+00
 -1.08860807e+00
 -1.03108684e+00
 -9.86540581e-01
 -9.33757903e-01
 -8.55680940e-01
 -7.83441018e-01
 -6.79493187e-01
 -6.14249006e-01
 -5.71109823e-01
 -4.98827331e-01
 -4.26050902e-01
 -3.69565255e-01
 -3.21373348e-01
 -2.71414129e-01
 -2.34177026e-01
 -1.88545446e-01
 -1.58929853e-01
 -1.39266263e-01
 -1.20895197e-01
 -1.07053854e-01
 -1.01935063e-01
 -1.39380705e+00
 -1.39120172e+00
 -1.38318134e+00
 -1.36996553e+00
 -1.35140037e+00
 -1.32817307e+00
 -1.29766579e+00
 -1.25963794e+00
 -1.22002939e+00
 -1.17284041e+00
 -1.12312810e+00
 -1.05005847e+00
 -9.88559957e-01
 -9.36708341e-01
 -8.77964470e-01
 -8.04150768e-01
 -7.27240070e-01
 -6.36681857e-01
 -5.67782124e-01
 -5.13162675e-01
 -4.44952240e-01
 -3.76407502e-01
 -3.18516524e-01
 -2.67578370e-01
 -2.19613692e-01
 -1.77809812e-01
 -1.38210122e-01
 -1.07271878e-01
 -8.45281241e-02
 -6.81966382e-02
 -5.84280782e-02
 -5.51796768e-02
 -1.34377774e+00
 -1.34101142e+00
 -1.33266897e+00
 -1.31878163e+00
 -1.29929403e+00
 -1.27417932e+00
 -1.24270817e+00
 -1.20510531e+00
 -1.16261553e+00
 -1.11450748e+00
 -1.06000373e+00
 -9.94482756e-01
 -9.31459040e-01
 -8.72915442e-01
 -8.09592951e-01
 -7.37051989e-01
 -6.59323502e-01
 -5.76858895e-01
 -5.05794664e-01
 -4.43450156e-01
 -3.77015394e-01
 -3.11509013e-01
 -2.53022901e-01
 -2.00689356e-01
 -1.52922831e-01
 -1.10108230e-01
 -7.20497905e-02
 -4.03094796e-02
 -1.57403463e-02
 5.20128227e-04
 8.20355704e-03
 1.00273211e-02
 -1.28110933e+00
 -1.27818424e+00
 -1.26939862e+00
 -1.25474920e+00
 -1.23420281e+00
 -1.20770131e+00
 -1.17509323e+00
 -1.13648456e+00
 -1.09219418e+00
 -1.04220422e+00
 -9.85867057e-01
 -9.23024254e-01
 -8.58988476e-01
 -7.95547683e-01
 -7.28669534e-01
 -6.55961432e-01
 -5.79017592e-01
 -5.00815198e-01
 -4.28657417e-01
 -3.62026855e-01
 -2.96006541e-01
 -2.32292783e-01
 -1.73900809e-01
 -1.21112201e-01
 -7.34367402e-02
 -3.08353871e-02
 6.69044131e-03
 3.92344109e-02
 6.74853470e-02
 9.19269719e-02
 1.10487144e-01
 1.17783471e-01
 -1.20531210e+00
 -1.20222566e+00
 -1.19296699e+00
 -1.17753863e+00
 -1.15594133e+00
 -1.12817424e+00
 -1.09424525e+00
 -1.05424266e+00
 -1.00833559e+00
 -9.56648130e-01
 -8.99204902e-01
 -8.36723105e-01
 -7.71548234e-01
 -7.04858282e-01
 -6.35351988e-01
 -5.62075010e-01
 -4.86071798e-01
 -4.10000328e-01
 -3.37459530e-01
 -2.68884979e-01
 -2.02894700e-01
 -1.40216120e-01
 -8.23393578e-02
 -2.98312808e-02
 1.72431165e-02
 5.88013279e-02
 9.47105119e-02
 1.24716301e-01
 1.48198786e-01
 1.64193986e-01
 1.72566419e-01
 1.74939839e-01
 -1.11614320e+00
 -1.11290013e+00
 -1.10317688e+00
 -1.08699310e+00
 -1.06438165e+00
 -1.03539387e+00
 -1.00010967e+00
 -9.58660703e-01
 -9.11242354e-01
 -8.58105561e-01
 -7.99613967e-01
 -7.36542507e-01
 -6.70175938e-01
 -6.01388321e-01
 -5.30114429e-01
 -4.56339604e-01
 -3.81032181e-01
 -3.06129136e-01
 -2.33714150e-01
 -1.64600974e-01
 -9.88231456e-02
 -3.69586025e-02
 2.01101155e-02
 7.17851931e-02
 1.17715521e-01
 1.57610607e-01
 1.91206153e-01
 2.18318639e-01
 2.38946890e-01
 2.53370872e-01
 2.61984272e-01
 2.64882841e-01
 -1.01371312e+00
 -1.01032353e+00
 -1.00016672e+00
 -9.83278777e-01
 -9.59723499e-01
 -9.29596970e-01
 -8.93037183e-01
 -8.50237374e-01
 -8.01462007e-01
 -7.47066556e-01
 -6.87546999e-01
 -6.23629050e-01
 -5.56232232e-01
 -4.86148254e-01
 -4.13854164e-01
 -3.39858411e-01
 -2.65132409e-01
 -1.91116735e-01
 -1.19255040e-01
 -5.04697707e-02
 1.46899209e-02
 7.56115516e-02
 1.31614056e-01
 1.82116455e-01
 2.26649536e-01
 2.64798053e-01
 2.96212981e-01
 3.20769735e-01
 3.38827266e-01
 3.51201653e-01
 3.58577015e-01
 3.61064956e-01
 -8.98593599e-01
 -8.95073299e-01
 -8.84529660e-01
 -8.67016292e-01
 -8.42626173e-01
 -8.11497974e-01
 -7.73823812e-01
 -7.29860693e-01
 -6.79944680e-01
 -6.24509941e-01
 -5.64115026e-01
 -4.99464176e-01
 -4.31369491e-01
 -3.60630695e-01
 -2.87969342e-01
 -2.14148534e-01
 -1.40141564e-01
 -6.71213440e-02
 3.76143606e-03
 7.15924152e-02
 1.35667614e-01
 1.95352293e-01
 2.50046780e-01
 2.99224655e-01
 3.42453516e-01
 3.79406293e-01
 4.09857609e-01
 4.33596616e-01
 4.50347138e-01
 4.60172239e-01
 4.64381291e-01
 4.65354771e-01
 -7.71873911e-01
 -7.68243582e-01
 -7.57376071e-01
 -7.39342488e-01
 -7.14265388e-01
 -6.82323917e-01
 -6.43761647e-01
 -5.98895515e-01
 -5.48126805e-01
 -4.91953253e-01
 -4.30980457e-01
 -3.65923247e-01
 -2.97580346e-01
 -2.26783401e-01
 -1.54368031e-01
 -8.12083858e-02
 -8.26862517e-03
 6.34180890e-02
 1.32855547e-01
 1.99183947e-01
 2.61691235e-01
 3.19771761e-01
 3.72903536e-01
 4.20651041e-01
 4.62682821e-01
 4.98833626e-01
 5.29261341e-01
 5.54657744e-01
 5.76149902e-01
 5.94280208e-01
 6.07489783e-01
 6.12494406e-01
 -6.35168255e-01
 -6.31454801e-01
 -6.20343339e-01
 -6.01922139e-01
 -5.76341923e-01
 -5.43821143e-01
 -5.04651732e-01
 -4.59206126e-01
 -4.07944185e-01
 -3.51419521e-01
 -2.90282511e-01
 -2.25275468e-01
 -1.57214701e-01
 -8.69628213e-02
 -1.54085176e-02
 5.65331889e-02
 1.27917268e-01
 1.97794070e-01
 2.65267344e-01
 3.29549310e-01
 3.89981617e-01
 4.46030014e-01
 4.97274745e-01
 5.43398283e-01
 5.84152847e-01
 6.19281755e-01
 6.48374193e-01
 6.70719198e-01
 6.85485548e-01
 6.92695928e-01
 6.94481022e-01
 6.94447645e-01
 -4.90604489e-01
 -4.86838000e-01
 -4.75573502e-01
 -4.56916428e-01
 -4.31045357e-01
 -3.98215616e-01
 -3.58764191e-01
 -3.13114087e-01
 -2.61778029e-01
 -2.05359983e-01
 -1.44553160e-01
 -8.01320048e-02
 -1.29367274e-02
 5.61475646e-02
 1.26210514e-01
 1.96330732e-01
 2.65590716e-01
 3.33103581e-01
 3.98051871e-01
 4.59724403e-01
 5.17538465e-01
 5.71048551e-01
 6.19949569e-01
 6.64076436e-01
 7.03393072e-01
 7.37963734e-01
 7.67921431e-01
 7.93467670e-01
 8.14828636e-01
 8.31873837e-01
 8.43462891e-01
 8.47667139e-01
 -3.40714237e-01
 -3.36929440e-01
 -3.25615044e-01
 -3.06892117e-01
 -2.80964750e-01
 -2.48123020e-01
 -2.08745429e-01
 -1.63301022e-01
 -1.12349717e-01
 -5.65402402e-02
 3.39573126e-03
 6.66541438e-02
 1.32374370e-01
 1.99658936e-01
 2.67594430e-01
 3.35271865e-01
 4.01808408e-01
 4.66373775e-01
 5.28220426e-01
 5.86711222e-01
 6.41338473e-01
 6.91733848e-01
 7.37673201e-01
 7.79081595e-01
 8.16041568e-01
 8.48794391e-01
 8.77683147e-01
 9.02937717e-01
 9.24294075e-01
 9.40795646e-01
 9.51219471e-01
 9.54767870e-01
 -1.88343441e-01
 -1.84575197e-01
 -1.73315906e-01
 -1.54701971e-01
 -1.28961793e-01
 -9.64168567e-02
 -5.74829379e-02
 -1.26696511e-02
 3.74219690e-02
 9.21050117e-02
 1.50615766e-01
 2.12126938e-01
 2.75764872e-01
 3.40629970e-01
 4.05818818e-01
 4.70446937e-01
 5.33672346e-01
 5.94720519e-01
 6.52909444e-01
 7.07670947e-01
 7.58563767e-01
 8.05275322e-01
 8.47610787e-01
 8.85469401e-01
 9.18809710e-01
 9.47608576e-01
 9.71829878e-01
 9.91443901e-01
 1.00652122e+00
 1.01726715e+00
 1.02381426e+00
 1.02603898e+00
 -3.64527861e-02
 -3.27376827e-02
 -2.16420057e-02
 -3.31511510e-03
 2.19935599e-02
 5.39343210e-02
 9.20585215e-02
 1.35821297e-01
 1.84587036e-01
 2.37637898e-01
 2.94185974e-01
 3.53388961e-01
 4.14369114e-01
 4.76234704e-01
 5.38102912e-01
 5.99123041e-01
 6.58499551e-01
 7.15514724e-01
 7.69549875e-01
 8.20102255e-01
 8.66793400e-01
 9.09364242e-01
 9.47652133e-01
 9.81546034e-01
 1.01092362e+00
 1.03559550e+00
 1.05530936e+00
 1.06986367e+00
 1.07932991e+00
 1.08433618e+00
 1.08622329e+00
 1.08659963e+00
 1.12008794e-01
 1.15637558e-01
 1.26469863e-01
 1.44344189e-01
 1.68992086e-01
 2.00039777e-01
 2.37010738e-01
 2.79330961e-01
 3.26337113e-01
 3.77288280e-01
 4.31380936e-01
 4.87766862e-01
 5.45573581e-01
 6.03926793e-01
 6.61973661e-01
 7.18905393e-01
 7.73978211e-01
 8.26532877e-01
 8.76012722e-01
 9.21978344e-01
 9.64115482e-01
 1.00223266e+00
 1.03624657e+00
 1.06615504e+00
 1.09200001e+00
 1.11383133e+00
 1.13170329e+00
 1.14575044e+00
 1.15630840e+00
 1.16384492e+00
 1.16856571e+00
 1.17021469e+00
 2.54319230e-01
 2.57830380e-01
 2.68306792e-01
 2.85577431e-01
 3.09358460e-01
 3.39255580e-01
 3.74768982e-01
 4.15300926e-01
 4.60167168e-01
 5.08611788e-01
 5.59824760e-01
 6.12961300e-01
 6.67163197e-01
 7.21582244e-01
 7.75404155e-01
 8.27869915e-01
 8.78293028e-01
 9.26074403e-01
 9.70717355e-01
 1.01184186e+00
 1.04919461e+00
 1.08265266e+00
 1.11222346e+00
 1.13804772e+00
 1.16040844e+00
 1.17972371e+00
 1.19645353e+00
 1.21084782e+00
 1.22265395e+00
 1.23121648e+00
 1.23614353e+00
 1.23769360e+00
 3.88089395e-01
 3.91458167e-01
 4.01504397e-01
 4.18048608e-01
 4.40793656e-01
 4.69328446e-01
 5.03133939e-01
 5.41593743e-01
 5.84009230e-01
 6.29618196e-01
 6.77614084e-01
 7.27164850e-01
 7.77434012e-01
 8.27606120e-01
 8.76913122e-01
 9.24654434e-01
 9.70207523e-01
 1.01303491e+00
 1.05269588e+00
 1.08886226e+00
 1.12133078e+00
 1.15002771e+00
 1.17500663e+00
 1.19644643e+00
 1.21466058e+00
 1.23012664e+00
 1.24352734e+00
 1.25572895e+00
 1.26748080e+00
 1.27862350e+00
 1.28730819e+00
 1.29068384e+00
 5.11414547e-01
 5.14621479e-01
 5.24180323e-01
 5.39905425e-01
 5.61489065e-01
 5.88505016e-01
 6.20416852e-01
 6.56592332e-01
 6.96324835e-01
 7.38856687e-01
 7.83397325e-01
 8.29136217e-01
 8.75261955e-01
 9.20994139e-01
 9.65617445e-01
 1.00850116e+00
 1.04909691e+00
 1.08692988e+00
 1.12160811e+00
 1.15284496e+00
 1.18047563e+00
 1.20445985e+00
 1.22486607e+00
 1.24183319e+00
 1.25551064e+00
 1.26597968e+00
 1.27317268e+00
 1.27686795e+00
 1.27694889e+00
 1.27408660e+00
 1.27038088e+00
 1.26868062e+00
 6.22908359e-01
 6.25943220e-01
 6.34983940e-01
 6.49839195e-01
 6.70190655e-01
 6.95596290e-01
 7.25499789e-01
 7.59252609e-01
 7.96147493e-01
 8.35449335e-01
 8.76402942e-01
 9.18225550e-01
 9.60123781e-01
 1.00134639e+00
 1.04123566e+00
 1.07924900e+00
 1.11493148e+00
 1.14787005e+00
 1.17770706e+00
 1.20418512e+00
 1.22716914e+00
 1.24665259e+00
 1.26274296e+00
 1.27561189e+00
 1.28542373e+00
 1.29227764e+00
 1.29621145e+00
 1.29734499e+00
 1.29618730e+00
 1.29384693e+00
 1.29173230e+00
 1.29090605e+00
 7.21752034e-01
 7.24613280e-01
 7.33132044e-01
 7.47111947e-01
 7.66222491e-01
 7.89998297e-01
 8.17851214e-01
 8.49107671e-01
 8.83071671e-01
 9.19069110e-01
 9.56416209e-01
 9.94353042e-01
 1.03207221e+00
 1.06883607e+00
 1.10404653e+00
 1.13727909e+00
 1.16821663e+00
 1.19649678e+00
 1.22176419e+00
 1.24377993e+00
 1.26242855e+00
 1.27773378e+00
 1.28987637e+00
 1.29915595e+00
 1.30593252e+00
 1.31063480e+00
 1.31384441e+00
 1.31631467e+00
 1.31872968e+00
 1.32125728e+00
 1.32335531e+00
 1.32418784e+00
 8.07640372e-01
 8.10338768e-01
 8.18367738e-01
 8.31524913e-01
 8.49460999e-01
 8.71670481e-01
 8.97501733e-01
 9.26228243e-01
 9.57189061e-01
 9.89863731e-01
 1.02371196e+00
 1.05795121e+00
 1.09166953e+00
 1.12413925e+00
 1.15481317e+00
 1.18341948e+00
 1.20990088e+00
 1.23389149e+00
 1.25496566e+00
 1.27291818e+00
 1.28763715e+00
 1.29914057e+00
 1.30768270e+00
 1.31372495e+00
 1.31779889e+00
 1.32043289e+00
 1.32220730e+00
 1.32375983e+00
 1.32557459e+00
 1.32764396e+00
 1.32938351e+00
 1.33006681e+00
 8.80728754e-01
 8.83287755e-01
 8.90897213e-01
 9.03347313e-01
 9.20263623e-01
 9.41073376e-01
 9.64990445e-01
 9.91149514e-01
 1.01897720e+00
 1.04833366e+00
 1.07895956e+00
 1.10989015e+00
 1.13987948e+00
 1.16833053e+00
 1.19469311e+00
 1.21881165e+00
 1.24126917e+00
 1.26147523e+00
 1.27878683e+00
 1.29315452e+00
 1.30443625e+00
 1.31255132e+00
 1.31778875e+00
 1.32081117e+00
 1.32234346e+00
 1.32283105e+00
 1.32247165e+00
 1.32140188e+00
 1.31985492e+00
 1.31831144e+00
 1.31731096e+00
 1.31700297e+00
 9.41536140e-01
 9.43987855e-01
 9.51274139e-01
 9.63183103e-01
 9.79324369e-01
 9.99051540e-01
 1.02129498e+00
 1.04477641e+00
 1.06915030e+00
 1.09519110e+00
 1.12311810e+00
 1.15141062e+00
 1.17790858e+00
 1.20274294e+00
 1.22516858e+00
 1.24473311e+00
 1.26384872e+00
 1.28090742e+00
 1.29484842e+00
 1.30617514e+00
 1.31460365e+00
 1.31979273e+00
 1.32198506e+00
 1.32210367e+00
 1.32133283e+00
 1.32011324e+00
 1.31824920e+00
 1.31547309e+00
 1.31153334e+00
 1.30651327e+00
 1.30169109e+00
 1.29959795e+00
 9.90820532e-01
 9.93196430e-01
 1.00025087e+00
 1.01177872e+00
 1.02742358e+00
 1.04661974e+00
 1.06776771e+00
 1.08825888e+00
 1.10849343e+00
 1.13127228e+00
 1.15731841e+00
 1.18407497e+00
 1.20699913e+00
 1.22878539e+00
 1.24802803e+00
 1.26237516e+00
 1.27936312e+00
 1.29396409e+00
 1.30477067e+00
 1.31367331e+00
 1.31991872e+00
 1.32269893e+00
 1.32212702e+00
 1.31927257e+00
 1.31643345e+00
 1.31421448e+00
 1.31190298e+00
 1.30942329e+00
 1.30734979e+00
 1.30641679e+00
 1.30668723e+00
 1.30706270e+00
 1.02947132e+00
 1.03180607e+00
 1.03870304e+00
 1.04991719e+00
 1.06511091e+00
 1.08457630e+00
 1.10610337e+00
 1.12276290e+00
 1.13774541e+00
 1.15761236e+00
 1.18270240e+00
 1.20967160e+00
 1.22824545e+00
 1.24773717e+00
 1.26533677e+00
 1.27266425e+00
 1.28972821e+00
 1.30234387e+00
 1.31007786e+00
 1.31724889e+00
 1.32203651e+00
 1.32292060e+00
 1.32005253e+00
 1.31385588e+00
 1.30910233e+00
 1.30665466e+00
 1.30435387e+00
 1.30196763e+00
 1.30040809e+00
 1.30009088e+00
 1.30041730e+00
 1.30063420e+00
 1.05839211e+00
 1.06079944e+00
 1.06773894e+00
 1.07861321e+00
 1.09260849e+00
 1.11296068e+00
 1.13821625e+00
 1.14904533e+00
 1.15770412e+00
 1.17564219e+00
 1.20028067e+00
 1.22987881e+00
 1.24259721e+00
 1.26063155e+00
 1.27912167e+00
 1.27642312e+00
 1.29691583e+00
 1.30741609e+00
 1.31220827e+00
 1.31831934e+00
 1.32239497e+00
 1.32173137e+00
 1.31745646e+00
 1.30725397e+00
 1.30075328e+00
 1.29898527e+00
 1.29698436e+00
 1.29396760e+00
 1.29160493e+00
 1.29045721e+00
 1.28982879e+00
 1.28963517e+00
 1.07839542e+00
 1.08120716e+00
 1.08872220e+00
 1.09914633e+00
 1.11040397e+00
 1.13108740e+00
 1.16531003e+00
 1.16716376e+00
 1.16965573e+00
 1.18710933e+00
 1.21106173e+00
 1.24554409e+00
 1.25112953e+00
 1.26840219e+00
 1.29049548e+00
 1.27515330e+00
 1.30239535e+00
 1.31012754e+00
 1.31254655e+00
 1.31805613e+00
 1.32211843e+00
 1.32000431e+00
 1.31557951e+00
 1.30082077e+00
 1.29293587e+00
 1.29260263e+00
 1.29125389e+00
 1.28707288e+00
 1.28359374e+00
 1.28218380e+00
 1.28149091e+00
 1.28125816e+00
 1.09012290e+00
 1.09373926e+00
 1.10242050e+00
 1.11195765e+00
 1.11999923e+00
 1.13946089e+00
 1.18552860e+00
 1.17719846e+00
 1.17556444e+00
 1.19349486e+00
 1.21642804e+00
 1.25605109e+00
 1.25526689e+00
 1.27219438e+00
 1.29874925e+00
 1.27183813e+00
 1.30636951e+00
 1.31123852e+00
 1.31227454e+00
 1.31740494e+00
 1.32186343e+00
 1.31846339e+00
 1.31478759e+00
 1.29600543e+00
 1.28732201e+00
 1.28844460e+00
 1.28792644e+00
 1.28246866e+00
 1.27797984e+00
 1.27659268e+00
 1.27667093e+00
 1.27684272e+00
 1.09398500e+00
 1.09807260e+00
 1.10750051e+00
 1.11635044e+00
 1.12302466e+00
 1.14143916e+00
 1.19340350e+00
 1.18025090e+00
 1.17729061e+00
 1.19556023e+00
 1.21796645e+00
 1.25983545e+00
 1.25643855e+00
 1.27326164e+00
 1.30187425e+00
 1.27014966e+00
 1.30790497e+00
 1.31148975e+00
 1.31211194e+00
 1.31708885e+00
 1.32178834e+00
 1.31783241e+00
 1.31464161e+00
 1.29419325e+00
 1.28527649e+00
 1.28700260e+00
 1.28689070e+00
 1.28082760e+00
 1.27590330e+00
 1.27444056e+00
 1.27504239e+00
 1.27555800e+00
