 -1.84700000e-01
 -1.76521759e-01
 -1.56227761e-01
 -1.33672721e-01
 -1.16111418e-01
 -9.57626203e-02
 -4.21363939e-02
 5.19639240e-02
 1.18113539e-01
 1.00193798e-01
 1.73631709e-01
 1.47803239e-01
 2.58011274e-01
 4.13725069e-01
 4.31882631e-01
 4.73018377e-01
 5.04560233e-01
 5.30818205e-01
 6.92225382e-01
 6.77949735e-01
 7.65549150e-01
 7.87088317e-01
 8.23138329e-01
 8.56178931e-01
 8.66022766e-01
 9.16756556e-01
 9.01665151e-01
 8.99328285e-01
 9.17194098e-01
 9.44598018e-01
 9.68136535e-01
 9.77294000e-01
 -1.73262948e-01
 -1.66761887e-01
 -1.49343964e-01
 -1.27272089e-01
 -1.08440883e-01
 -8.56435192e-02
 -3.29426703e-02
 5.66934213e-02
 1.20133130e-01
 1.10733139e-01
 1.77509489e-01
 1.61004917e-01
 2.66825166e-01
 4.15256663e-01
 4.38419037e-01
 4.79350627e-01
 5.11294103e-01
 5.42093198e-01
 6.92024480e-01
 6.87047965e-01
 7.68291076e-01
 7.92882636e-01
 8.27954117e-01
 8.60191666e-01
 8.72719497e-01
 9.17764356e-01
 9.07665703e-01
 9.07138864e-01
 9.24885420e-01
 9.50349082e-01
 9.70878649e-01
 9.78357787e-01
 -1.42819307e-01
 -1.38925290e-01
 -1.26680975e-01
 -1.06700693e-01
 -8.50645344e-02
 -5.71776461e-02
 -6.68106257e-03
 7.16109774e-02
 1.29381950e-01
 1.38916512e-01
 1.92209330e-01
 1.97183255e-01
 2.92449172e-01
 4.22254222e-01
 4.57267236e-01
 4.98179346e-01
 5.31890236e-01
 5.72526041e-01
 6.95316182e-01
 7.11146260e-01
 7.78320675e-01
 8.09197638e-01
 8.42309193e-01
 8.72767755e-01
 8.90537710e-01
 9.23926305e-01
 9.24226517e-01
 9.28462732e-01
 9.45237071e-01
 9.65398966e-01
 9.79216116e-01
 9.83702031e-01
 -1.01935063e-01
 -9.87159988e-02
 -8.85107732e-02
 -7.02157614e-02
 -4.60186825e-02
 -1.40186284e-02
 3.36482958e-02
 9.87627365e-02
 1.51644906e-01
 1.78903499e-01
 2.22769992e-01
 2.49229883e-01
 3.32668947e-01
 4.39897553e-01
 4.86972263e-01
 5.29099167e-01
 5.66378761e-01
 6.15282298e-01
 7.09416909e-01
 7.44292290e-01
 7.98565700e-01
 8.34102568e-01
 8.65751145e-01
 8.94419206e-01
 9.15739393e-01
 9.39969747e-01
 9.48913810e-01
 9.58264562e-01
 9.72950497e-01
 9.87026239e-01
 9.95504933e-01
 9.98199156e-01
 -5.51796767e-02
 -5.09128419e-02
 -3.83923022e-02
 -1.84748122e-02
 7.66338079e-03
 4.12529925e-02
 8.56335702e-02
 1.40199748e-01
 1.89984117e-01
 2.28364615e-01
 2.70406942e-01
 3.11425121e-01
 3.84791504e-01
 4.72160609e-01
 5.26750033e-01
 5.71434416e-01
 6.13062442e-01
 6.65378114e-01
 7.38148711e-01
 7.83141386e-01
 8.29614690e-01
 8.66426101e-01
 8.97263707e-01
 9.24421181e-01
 9.46633319e-01
 9.66531453e-01
 9.79929946e-01
 9.92246058e-01
 1.00518680e+00
 1.01610129e+00
 1.02274566e+00
 1.02489809e+00
 1.00273211e-02
 1.55085787e-02
 2.96423036e-02
 4.94436124e-02
 7.48469040e-02
 1.07443944e-01
 1.48442426e-01
 1.96314391e-01
 2.44121230e-01
 2.88027800e-01
 3.32487875e-01
 3.80977494e-01
 4.46671889e-01
 5.19645306e-01
 5.76596110e-01
 6.24008715e-01
 6.69104804e-01
 7.20914057e-01
 7.80306949e-01
 8.27405063e-01
 8.69709159e-01
 9.05479892e-01
 9.35410147e-01
 9.61142008e-01
 9.82716912e-01
 1.00089316e+00
 1.01550698e+00
 1.02824838e+00
 1.03959980e+00
 1.04898935e+00
 1.05562196e+00
 1.05814857e+00
 1.17783471e-01
 1.17679278e-01
 1.20621940e-01
 1.31789172e-01
 1.52959455e-01
 1.83351622e-01
 2.21643506e-01
 2.65770808e-01
 3.12174388e-01
 3.58415058e-01
 4.05557272e-01
 4.56812607e-01
 5.16818750e-01
 5.80264425e-01
 6.36201348e-01
 6.85139158e-01
 7.31823044e-01
 7.81211732e-01
 8.32328274e-01
 8.77223963e-01
 9.16459526e-01
 9.50119888e-01
 9.78540486e-01
 1.00265382e+00
 1.02290565e+00
 1.03980123e+00
 1.05377234e+00
 1.06530991e+00
 1.07427410e+00
 1.08006948e+00
 1.08264168e+00
 1.08319237e+00
 1.74939839e-01
 1.79596190e-01
 1.92240955e-01
 2.11036675e-01
 2.35766011e-01
 2.66874308e-01
 3.04151022e-01
 3.46408634e-01
 3.91727801e-01
 4.38555753e-01
 4.86895622e-01
 5.38231686e-01
 5.93843064e-01
 6.50862626e-01
 7.04160508e-01
 7.52812839e-01
 7.99085736e-01
 8.45284992e-01
 8.90564579e-01
 9.31612985e-01
 9.67587712e-01
 9.98539903e-01
 1.02477938e+00
 1.04688184e+00
 1.06533204e+00
 1.08057357e+00
 1.09298624e+00
 1.10287352e+00
 1.11054665e+00
 1.11646710e+00
 1.12071257e+00
 1.12237026e+00
 2.64882841e-01
 2.68792348e-01
 2.80532752e-01
 2.99793269e-01
 3.25808233e-01
 3.57741101e-01
 3.94787568e-01
 4.35996743e-01
 4.80223542e-01
 5.26466066e-01
 5.74366312e-01
 6.24223877e-01
 6.76046700e-01
 7.28180897e-01
 7.78089513e-01
 8.24780117e-01
 8.68976957e-01
 9.11521287e-01
 9.51873770e-01
 9.88550391e-01
 1.02078851e+00
 1.04851505e+00
 1.07198113e+00
 1.09160533e+00
 1.10781227e+00
 1.12098543e+00
 1.13145084e+00
 1.13942827e+00
 1.14491230e+00
 1.14776119e+00
 1.14842061e+00
 1.14832988e+00
 3.61064956e-01
 3.65114571e-01
 3.77283881e-01
 3.97253247e-01
 4.23978502e-01
 4.56110226e-01
 4.92556489e-01
 5.32491017e-01
 5.75138711e-01
 6.19776571e-01
 6.65903700e-01
 7.13242469e-01
 7.61340364e-01
 8.09107087e-01
 8.55128671e-01
 8.98581080e-01
 9.39448497e-01
 9.77864033e-01
 1.01346036e+00
 1.04552387e+00
 1.07359321e+00
 1.09761149e+00
 1.11779627e+00
 1.13450208e+00
 1.14810358e+00
 1.15892876e+00
 1.16727787e+00
 1.17359274e+00
 1.17866501e+00
 1.18332546e+00
 1.18733226e+00
 1.18903016e+00
 4.65354771e-01
 4.70601676e-01
 4.84989339e-01
 5.05940526e-01
 5.31807205e-01
 5.62032928e-01
 5.96231930e-01
 6.33782298e-01
 6.73932577e-01
 7.15958127e-01
 7.59238796e-01
 8.03233624e-01
 8.47324040e-01
 8.90666502e-01
 9.32323983e-01
 9.71613503e-01
 1.00823198e+00
 1.04201968e+00
 1.07269908e+00
 1.09991333e+00
 1.12344681e+00
 1.14332875e+00
 1.15979491e+00
 1.17320427e+00
 1.18395443e+00
 1.19239099e+00
 1.19867008e+00
 1.20257944e+00
 1.20357975e+00
 1.20158150e+00
 1.19820677e+00
 1.19652342e+00
 6.12494406e-01
 6.13344209e-01
 6.17637281e-01
 6.28473736e-01
 6.47098610e-01
 6.72516582e-01
 7.03001313e-01
 7.37114554e-01
 7.73819376e-01
 8.12301465e-01
 8.51846554e-01
 8.91781343e-01
 9.31415519e-01
 9.70005221e-01
 1.00681491e+00
 1.04125412e+00
 1.07294101e+00
 1.10162780e+00
 1.12710371e+00
 1.14920077e+00
 1.16787349e+00
 1.18324747e+00
 1.19560548e+00
 1.20534430e+00
 1.21294279e+00
 1.21897310e+00
 1.22416309e+00
 1.22942920e+00
 1.23562422e+00
 1.24273723e+00
 1.24902375e+00
 1.25161459e+00
 6.94447645e-01
 6.99918468e-01
 7.14389582e-01
 7.34084102e-01
 7.56582707e-01
 7.81449855e-01
 8.08974036e-01
 8.39192983e-01
 8.71720909e-01
 9.05910923e-01
 9.41019209e-01
 9.76293016e-01
 1.01099796e+00
 1.04442749e+00
 1.07593706e+00
 1.10500120e+00
 1.13124535e+00
 1.15442639e+00
 1.17439916e+00
 1.19111480e+00
 1.20464609e+00
 1.21520163e+00
 1.22310995e+00
 1.22877941e+00
 1.23264705e+00
 1.23512624e+00
 1.23656395e+00
 1.23722032e+00
 1.23728054e+00
 1.23691980e+00
 1.23642364e+00
 1.23618862e+00
 8.47667139e-01
 8.48433463e-01
 8.51704803e-01
 8.59254784e-01
 8.71962048e-01
 8.89584060e-01
 9.11406831e-01
 9.36624886e-01
 9.64388876e-01
 9.93814941e-01
 1.02402868e+00
 1.05420454e+00
 1.08358390e+00
 1.11148466e+00
 1.13731880e+00
 1.16061797e+00
 1.18105011e+00
 1.19841640e+00
 1.21263956e+00
 1.22375961e+00
 1.23193673e+00
 1.23744779e+00
 1.24066611e+00
 1.24202184e+00
 1.24193880e+00
 1.24073630e+00
 1.23849947e+00
 1.23501672e+00
 1.23004367e+00
 1.22404024e+00
 1.21877323e+00
 1.21663403e+00
 9.54767870e-01
 9.55677746e-01
 9.58582812e-01
 9.64142076e-01
 9.73344757e-01
 9.86815885e-01
 1.00438711e+00
 1.02529446e+00
 1.04856100e+00
 1.07321771e+00
 1.09836927e+00
 1.12320289e+00
 1.14699043e+00
 1.16909610e+00
 1.18899046e+00
 1.20626683e+00
 1.22065242e+00
 1.23200965e+00
 1.24033043e+00
 1.24572918e+00
 1.24843540e+00
 1.24878219e+00
 1.24718852e+00
 1.24413955e+00
 1.24017844e+00
 1.23593606e+00
 1.23221687e+00
 1.23005096e+00
 1.23040163e+00
 1.23328111e+00
 1.23693787e+00
 1.23861788e+00
 1.02603898e+00
 1.02772277e+00
 1.03286092e+00
 1.04145559e+00
 1.05317030e+00
 1.06751105e+00
 1.08403220e+00
 1.10230117e+00
 1.12180617e+00
 1.14194086e+00
 1.16204236e+00
 1.18144080e+00
 1.19950396e+00
 1.21567339e+00
 1.22949184e+00
 1.24062301e+00
 1.24886314e+00
 1.25414364e+00
 1.25652616e+00
 1.25619220e+00
 1.25342921e+00
 1.24861340e+00
 1.24219069e+00
 1.23465691e+00
 1.22653367e+00
 1.21832170e+00
 1.21040292e+00
 1.20291426e+00
 1.19578340e+00
 1.18917970e+00
 1.18410687e+00
 1.18214567e+00
 1.08659963e+00
 1.08955488e+00
 1.09762826e+00
 1.10910815e+00
 1.12248053e+00
 1.13687314e+00
 1.15189820e+00
 1.16736884e+00
 1.18307822e+00
 1.19868919e+00
 1.21373517e+00
 1.22768243e+00
 1.24000060e+00
 1.25021746e+00
 1.25795541e+00
 1.26295448e+00
 1.26508507e+00
 1.26435132e+00
 1.26088529e+00
 1.25493301e+00
 1.24683463e+00
 1.23700149e+00
 1.22589287e+00
 1.21399446e+00
 1.20179910e+00
 1.18978768e+00
 1.17841580e+00
 1.16813190e+00
 1.15943470e+00
 1.15286839e+00
 1.14884789e+00
 1.14750949e+00
 1.17021469e+00
 1.17130535e+00
 1.17477526e+00
 1.18079574e+00
 1.18901950e+00
 1.19877962e+00
 1.20948390e+00
 1.22068417e+00
 1.23195747e+00
 1.24283304e+00
 1.25279968e+00
 1.26134589e+00
 1.26800095e+00
 1.27236780e+00
 1.27414748e+00
 1.27315718e+00
 1.26934228e+00
 1.26278058e+00
 1.25367587e+00
 1.24234021e+00
 1.22916840e+00
 1.21460969e+00
 1.19914088e+00
 1.18324556e+00
 1.16741040e+00
 1.15215855e+00
 1.13812287e+00
 1.12608175e+00
 1.11679570e+00
 1.11062891e+00
 1.10732656e+00
 1.10632097e+00
 1.23769360e+00
 1.23828897e+00
 1.23977620e+00
 1.24183065e+00
 1.24473383e+00
 1.24898705e+00
 1.25464540e+00
 1.26121973e+00
 1.26797155e+00
 1.27416851e+00
 1.27918029e+00
 1.28248671e+00
 1.28366751e+00
 1.28239919e+00
 1.27846025e+00
 1.27174192e+00
 1.26226052e+00
 1.25016529e+00
 1.23573331e+00
 1.21934764e+00
 1.20146485e+00
 1.18258252e+00
 1.16321159e+00
 1.14384964e+00
 1.12494938e+00
 1.10688070e+00
 1.08990218e+00
 1.07420732e+00
 1.06014336e+00
 1.04853112e+00
 1.04068980e+00
 1.03789975e+00
 1.29068384e+00
 1.28887012e+00
 1.28485517e+00
 1.28144193e+00
 1.28039957e+00
 1.28177659e+00
 1.28468309e+00
 1.28808515e+00
 1.29110957e+00
 1.29307043e+00
 1.29343058e+00
 1.29176858e+00
 1.28776011e+00
 1.28117069e+00
 1.27185694e+00
 1.25977612e+00
 1.24500439e+00
 1.22775533e+00
 1.20838099e+00
 1.18734367e+00
 1.16517018e+00
 1.14241427e+00
 1.11963895e+00
 1.09740646e+00
 1.07626124e+00
 1.05670302e+00
 1.03915611e+00
 1.02394266e+00
 1.01128948e+00
 1.00145755e+00
 9.94994871e-01
 9.92701058e-01
 1.26868062e+00
 1.27138214e+00
 1.27808137e+00
 1.28589870e+00
 1.29268322e+00
 1.29769336e+00
 1.30095741e+00
 1.30259540e+00
 1.30256741e+00
 1.30068811e+00
 1.29671117e+00
 1.29039710e+00
 1.28154978e+00
 1.27003305e+00
 1.25577723e+00
 1.23878905e+00
 1.21918157e+00
 1.19721701e+00
 1.17332511e+00
 1.14806376e+00
 1.12203989e+00
 1.09585464e+00
 1.07010543e+00
 1.04541186e+00
 1.02242905e+00
 1.00185198e+00
 9.84424504e-01
 9.70921610e-01
 9.61972838e-01
 9.57550966e-01
 9.56380690e-01
 9.56356593e-01
 1.29090605e+00
 1.29220691e+00
 1.29574044e+00
 1.30042916e+00
 1.30483972e+00
 1.30782833e+00
 1.30884242e+00
 1.30771616e+00
 1.30437748e+00
 1.29872537e+00
 1.29063521e+00
 1.27998861e+00
 1.26669410e+00
 1.25070463e+00
 1.23201447e+00
 1.21065252e+00
 1.18672670e+00
 1.16051603e+00
 1.13253317e+00
 1.10347047e+00
 1.07403990e+00
 1.04486095e+00
 1.01649863e+00
 9.89547619e-01
 9.64642275e-01
 9.42388199e-01
 9.23235559e-01
 9.07300402e-01
 8.94274479e-01
 8.83813348e-01
 8.76439443e-01
 8.73676470e-01
 1.32418784e+00
 1.32334687e+00
 1.32122354e+00
 1.31865327e+00
 1.31617558e+00
 1.31361646e+00
 1.31028154e+00
 1.30540969e+00
 1.29843836e+00
 1.28903626e+00
 1.27704994e+00
 1.26241451e+00
 1.24509777e+00
 1.22513232e+00
 1.20257800e+00
 1.17744919e+00
 1.14977742e+00
 1.11979639e+00
 1.08810482e+00
 1.05561838e+00
 1.02323077e+00
 9.91531485e-01
 9.60937832e-01
 9.31940719e-01
 9.05123612e-01
 8.81041126e-01
 8.60143385e-01
 8.42843574e-01
 8.29688965e-01
 8.21212829e-01
 8.17130715e-01
 8.16066535e-01
 1.33006681e+00
 1.32894346e+00
 1.32588804e+00
 1.32163884e+00
 1.31679671e+00
 1.31138526e+00
 1.30493108e+00
 1.29679894e+00
 1.28643286e+00
 1.27348610e+00
 1.25789448e+00
 1.23967820e+00
 1.21878633e+00
 1.19535435e+00
 1.16955472e+00
 1.14133908e+00
 1.11055124e+00
 1.07726836e+00
 1.04214973e+00
 1.00650757e+00
 9.71630741e-01
 9.37990282e-01
 9.05632962e-01
 8.74880782e-01
 8.46338110e-01
 8.20596536e-01
 7.98097096e-01
 7.79037136e-01
 7.63263826e-01
 7.50553579e-01
 7.41581285e-01
 7.38210443e-01
 1.31700297e+00
 1.31649574e+00
 1.31505881e+00
 1.31256525e+00
 1.30850762e+00
 1.30243956e+00
 1.29415644e+00
 1.28350919e+00
 1.27020652e+00
 1.25397281e+00
 1.23510686e+00
 1.21384518e+00
 1.18980212e+00
 1.16337697e+00
 1.13498470e+00
 1.10443279e+00
 1.07122270e+00
 1.03511254e+00
 9.96695744e-01
 9.57939843e-01
 9.21084043e-01
 8.86281987e-01
 8.52721728e-01
 8.20500481e-01
 7.90455528e-01
 7.63301651e-01
 7.39610810e-01
 7.20003363e-01
 7.05211576e-01
 6.95823571e-01
 6.91406511e-01
 6.90286782e-01
 1.29959795e+00
 1.30055903e+00
 1.30199713e+00
 1.30141349e+00
 1.29757682e+00
 1.29044169e+00
 1.28032963e+00
 1.26755502e+00
 1.25182036e+00
 1.23236782e+00
 1.21048066e+00
 1.18704673e+00
 1.16009986e+00
 1.13108101e+00
 1.10076624e+00
 1.06868168e+00
 1.03379307e+00
 9.95386961e-01
 9.53657130e-01
 9.11397073e-01
 8.73173834e-01
 8.38324566e-01
 8.04183279e-01
 7.70592282e-01
 7.39243959e-01
 7.10884901e-01
 6.85929170e-01
 6.64945042e-01
 6.48200857e-01
 6.35833290e-01
 6.28088610e-01
 6.25415464e-01
 1.30706270e+00
 1.30528997e+00
 1.30085004e+00
 1.29490163e+00
 1.28746922e+00
 1.27774219e+00
 1.26524085e+00
 1.25072015e+00
 1.23350335e+00
 1.21041596e+00
 1.18541942e+00
 1.16160691e+00
 1.13137358e+00
 1.10020299e+00
 1.06859204e+00
 1.03580198e+00
 9.99955592e-01
 9.59894853e-01
 9.14878585e-01
 8.67971202e-01
 8.29234327e-01
 7.95877339e-01
 7.61818407e-01
 7.26427666e-01
 6.94077583e-01
 6.64917983e-01
 6.38655066e-01
 6.16562177e-01
 5.98374427e-01
 5.83720245e-01
 5.73601035e-01
 5.69904924e-01
 1.30063420e+00
 1.29876555e+00
 1.29355021e+00
 1.28596534e+00
 1.27696654e+00
 1.26537753e+00
 1.24988716e+00
 1.23424984e+00
 1.21767530e+00
 1.18972787e+00
 1.16066631e+00
 1.14023298e+00
 1.10477361e+00
 1.07245155e+00
 1.03988614e+00
 1.00724876e+00
 9.70996281e-01
 9.29981144e-01
 8.82188630e-01
 8.28417375e-01
 7.90528946e-01
 7.60378517e-01
 7.27269427e-01
 6.88551806e-01
 6.55958779e-01
 6.26935611e-01
 5.98602898e-01
 5.76615658e-01
 5.60468193e-01
 5.48567021e-01
 5.41045513e-01
 5.38451045e-01
 1.28963517e+00
 1.28779131e+00
 1.28256105e+00
 1.27494345e+00
 1.26706709e+00
 1.25531462e+00
 1.23494195e+00
 1.21890568e+00
 1.20659242e+00
 1.17188861e+00
 1.13646084e+00
 1.12574891e+00
 1.08080660e+00
 1.04964614e+00
 1.01574870e+00
 9.84216628e-01
 9.47787649e-01
 9.06357826e-01
 8.57227658e-01
 7.93493452e-01
 7.58525546e-01
 7.32599314e-01
 7.01921643e-01
 6.56863283e-01
 6.25556181e-01
 5.98697747e-01
 5.65092469e-01
 5.43686569e-01
 5.31179795e-01
 5.22369865e-01
 5.17369968e-01
 5.15867066e-01
 1.28125816e+00
 1.27867969e+00
 1.27181955e+00
 1.26380510e+00
 1.25940185e+00
 1.24980350e+00
 1.22118431e+00
 1.20560032e+00
 1.20116892e+00
 1.15842897e+00
 1.11383086e+00
 1.11953156e+00
 1.06013438e+00
 1.03340624e+00
 9.97084596e-01
 9.67569820e-01
 9.30876461e-01
 8.89221094e-01
 8.40807715e-01
 7.64714516e-01
 7.34846225e-01
 7.12555830e-01
 6.86264632e-01
 6.31526119e-01
 6.03214358e-01
 5.81722260e-01
 5.37434631e-01
 5.17734212e-01
 5.10251975e-01
 5.03082108e-01
 4.97942783e-01
 4.96263687e-01
 1.27684272e+00
 1.27262640e+00
 1.26278055e+00
 1.25481785e+00
 1.25468245e+00
 1.24889994e+00
 1.21053584e+00
 1.19614733e+00
 1.19991716e+00
 1.15034480e+00
 1.09640236e+00
 1.11936531e+00
 1.04507676e+00
 1.02425704e+00
 9.84983551e-01
 9.57674648e-01
 9.20597257e-01
 8.78703320e-01
 8.32213494e-01
 7.45004289e-01
 7.20594069e-01
 7.00181598e-01
 6.78889137e-01
 6.14274833e-01
 5.89248556e-01
 5.74899738e-01
 5.17228433e-01
 5.00665003e-01
 4.98300072e-01
 4.92173217e-01
 4.84751612e-01
 4.81752697e-01
 1.27555800e+00
 1.27022309e+00
 1.25876376e+00
 1.25124752e+00
 1.25304503e+00
 1.24937024e+00
 1.20634175e+00
 1.19268230e+00
 1.19998207e+00
 1.14771448e+00
 1.08965348e+00
 1.12023513e+00
 1.03939327e+00
 1.02141850e+00
 9.80736111e-01
 9.54423605e-01
 9.17147396e-01
 8.75129343e-01
 8.29672661e-01
 7.37880323e-01
 7.15899690e-01
 6.95933070e-01
 6.76946603e-01
 6.08022126e-01
 5.84414793e-01
 5.73624892e-01
 5.09428134e-01
 4.94726821e-01
 4.94585684e-01
 4.89241251e-01
 4.80506202e-01
 4.76316000e-01
