 3.02504800e+00
 3.00656109e+00
 2.98832664e+00
 3.00747117e+00
 2.98586918e+00
 2.96595396e+00
 2.91710816e+00
 2.94231450e+00
 2.94373821e+00
 2.93795445e+00
 2.93820400e+00
 3.02948145e+00
 3.01934580e+00
 3.00555113e+00
 3.01401722e+00
 2.99790576e+00
 2.97791283e+00
 2.94167550e+00
 2.95905638e+00
 2.96484051e+00
 2.96971909e+00
 2.97860546e+00
 3.05090269e+00
 3.04836177e+00
 3.04234131e+00
 3.03961563e+00
 3.03068790e+00
 3.01660988e+00
 3.00212619e+00
 3.01148581e+00
 3.02234947e+00
 3.03502490e+00
 3.04398460e+00
 3.09198542e+00
 3.08991013e+00
 3.08573245e+00
 3.08239678e+00
 3.07963901e+00
 3.07738548e+00
 3.08009765e+00
 3.09253674e+00
 3.10468782e+00
 3.10603744e+00
 3.10216287e+00
 3.12737982e+00
 3.12740840e+00
 3.12775368e+00
 3.12967618e+00
 3.13511324e+00
 3.14551190e+00
 3.16221263e+00
 3.18475047e+00
 3.21003680e+00
 3.23492717e+00
 3.24729373e+00
 3.15717443e+00
 3.15820849e+00
 3.16129297e+00
 3.16859707e+00
 3.18297281e+00
 3.20535718e+00
 3.23428348e+00
 3.26541662e+00
 3.29183349e+00
 3.30732720e+00
 3.31161075e+00
 3.17331741e+00
 3.17282812e+00
 3.17646844e+00
 3.18917459e+00
 3.21256967e+00
 3.24636021e+00
 3.28657914e+00
 3.32680686e+00
 3.35833846e+00
 3.37464436e+00
 3.37843086e+00
 3.14644632e+00
 3.15444823e+00
 3.17027365e+00
 3.18979505e+00
 3.22173177e+00
 3.26667153e+00
 3.31643456e+00
 3.36659847e+00
 3.41087929e+00
 3.44584485e+00
 3.46097152e+00
 3.15694927e+00
 3.15849212e+00
 3.16506089e+00
 3.17669686e+00
 3.21629373e+00
 3.27328644e+00
 3.32713039e+00
 3.38455612e+00
 3.42973941e+00
 3.45783995e+00
 3.46687918e+00
 3.15273317e+00
 3.15835796e+00
 3.16328117e+00
 3.15549268e+00
 3.20662295e+00
 3.27618309e+00
 3.32589582e+00
 3.39194996e+00
 3.43450149e+00
 3.45980670e+00
 3.46737838e+00
 3.14388200e+00
 3.15902710e+00
 3.16486539e+00
 3.14336225e+00
 3.20236777e+00
 3.27788984e+00
 3.32312152e+00
 3.39479427e+00
 3.43502260e+00
 3.46154537e+00
 3.47402400e+00
