 2.56745900e+00
 2.56354681e+00
 2.54866512e+00
 2.52018023e+00
 2.48679919e+00
 2.44293305e+00
 2.44090093e+00
 2.42098814e+00
 2.40623596e+00
 2.39448610e+00
 2.38859300e+00
 2.55612525e+00
 2.55249714e+00
 2.53809184e+00
 2.51156747e+00
 2.47857866e+00
 2.44016044e+00
 2.43264508e+00
 2.41493292e+00
 2.40010126e+00
 2.38921706e+00
 2.38450513e+00
 2.53005375e+00
 2.52569180e+00
 2.51128661e+00
 2.48748463e+00
 2.45759658e+00
 2.42811327e+00
 2.41317796e+00
 2.39826302e+00
 2.38521533e+00
 2.37673212e+00
 2.37373350e+00
 2.49847859e+00
 2.49213522e+00
 2.47617468e+00
 2.45433922e+00
 2.42934903e+00
 2.40622465e+00
 2.38982882e+00
 2.37716000e+00
 2.36763902e+00
 2.36208500e+00
 2.36031972e+00
 2.45451832e+00
 2.45053759e+00
 2.43827347e+00
 2.41985776e+00
 2.39958486e+00
 2.38149091e+00
 2.36796957e+00
 2.35873830e+00
 2.35308934e+00
 2.35035772e+00
 2.34960685e+00
 2.42667883e+00
 2.42126847e+00
 2.40784637e+00
 2.39118626e+00
 2.37497182e+00
 2.36177227e+00
 2.35285916e+00
 2.34805603e+00
 2.34633526e+00
 2.34625463e+00
 2.34642390e+00
 2.40078408e+00
 2.39654904e+00
 2.38565875e+00
 2.37229665e+00
 2.36031752e+00
 2.35197311e+00
 2.34796279e+00
 2.34770883e+00
 2.34971865e+00
 2.35206648e+00
 2.35307369e+00
 2.38565519e+00
 2.38270431e+00
 2.37474396e+00
 2.36484762e+00
 2.35676261e+00
 2.35269223e+00
 2.35300970e+00
 2.35671705e+00
 2.36190752e+00
 2.36630169e+00
 2.36801226e+00
 2.38567196e+00
 2.38242928e+00
 2.37476832e+00
 2.36661298e+00
 2.36120869e+00
 2.36027373e+00
 2.36380666e+00
 2.37046160e+00
 2.37800658e+00
 2.38391424e+00
 2.38614585e+00
 2.38881319e+00
 2.38571953e+00
 2.37867659e+00
 2.37157464e+00
 2.36769238e+00
 2.36859245e+00
 2.37404284e+00
 2.38246301e+00
 2.39142623e+00
 2.39824749e+00
 2.40079244e+00
 2.39022100e+00
 2.38743488e+00
 2.38075109e+00
 2.37400279e+00
 2.37060734e+00
 2.37210392e+00
 2.37818209e+00
 2.38718566e+00
 2.39661754e+00
 2.40374228e+00
 2.40639200e+00
