 3.14388200e+00
 3.15902710e+00
 3.16486539e+00
 3.14336225e+00
 3.20236777e+00
 3.27788984e+00
 3.32312152e+00
 3.39479427e+00
 3.43502260e+00
 3.46154537e+00
 3.47402400e+00
 3.13854060e+00
 3.14852331e+00
 3.15639970e+00
 3.14948291e+00
 3.20176416e+00
 3.27304046e+00
 3.32471866e+00
 3.39221496e+00
 3.43489973e+00
 3.45937097e+00
 3.46720599e+00
 3.12435599e+00
 3.12834556e+00
 3.13896157e+00
 3.15350943e+00
 3.19752978e+00
 3.26127559e+00
 3.32281213e+00
 3.38612925e+00
 3.43300260e+00
 3.45911038e+00
 3.46620640e+00
 3.10200348e+00
 3.10746085e+00
 3.11968024e+00
 3.14161361e+00
 3.18313483e+00
 3.24274823e+00
 3.30940828e+00
 3.37350503e+00
 3.42345692e+00
 3.45702913e+00
 3.47080660e+00
 3.08668513e+00
 3.08322538e+00
 3.08815395e+00
 3.11290458e+00
 3.15545293e+00
 3.21396774e+00
 3.28296813e+00
 3.35043522e+00
 3.40051014e+00
 3.42287152e+00
 3.42598864e+00
 2.97534226e+00
 2.99653126e+00
 3.03736959e+00
 3.07721555e+00
 3.12101154e+00
 3.17721227e+00
 3.24664932e+00
 3.31989740e+00
 3.38437675e+00
 3.43244080e+00
 3.45222709e+00
 3.03011397e+00
 3.02890229e+00
 3.03592421e+00
 3.05758579e+00
 3.09155759e+00
 3.14071353e+00
 3.20716357e+00
 3.28123240e+00
 3.34567525e+00
 3.38552533e+00
 3.39749199e+00
 3.02704338e+00
 3.02888598e+00
 3.03461431e+00
 3.04806625e+00
 3.07169039e+00
 3.11103397e+00
 3.17388054e+00
 3.24648241e+00
 3.31111793e+00
 3.35511756e+00
 3.37108290e+00
 3.01811474e+00
 3.02214820e+00
 3.03148392e+00
 3.04494378e+00
 3.06171353e+00
 3.08796798e+00
 3.15330850e+00
 3.22385234e+00
 3.28710517e+00
 3.32966062e+00
 3.34461931e+00
 3.02357007e+00
 3.02667613e+00
 3.03378728e+00
 3.04639530e+00
 3.06096484e+00
 3.06810361e+00
 3.14697086e+00
 3.21187008e+00
 3.27554738e+00
 3.31020661e+00
 3.31958472e+00
 3.02396000e+00
 3.02738868e+00
 3.03506903e+00
 3.04721285e+00
 3.06298876e+00
 3.05831859e+00
 3.14762106e+00
 3.20744161e+00
 3.27445402e+00
 3.30565272e+00
 3.30976200e+00
