 3.08104300e+00
 3.09177455e+00
 3.10378581e+00
 3.09705217e+00
 3.09692165e+00
 3.06150160e+00
 3.04502233e+00
 2.99987129e+00
 2.95651349e+00
 2.93265444e+00
 2.92564000e+00
 3.08833373e+00
 3.09205874e+00
 3.09889614e+00
 3.09506106e+00
 3.09044525e+00
 3.05908656e+00
 3.03654002e+00
 2.99294572e+00
 2.95131110e+00
 2.92805582e+00
 2.92125953e+00
 3.09040104e+00
 3.08924497e+00
 3.08891003e+00
 3.08628001e+00
 3.07561820e+00
 3.04838193e+00
 3.01597152e+00
 2.97326314e+00
 2.93518233e+00
 2.91412865e+00
 2.90768727e+00
 3.06638749e+00
 3.06933836e+00
 3.07330483e+00
 3.07087741e+00
 3.05692322e+00
 3.02879105e+00
 2.98960063e+00
 2.94379773e+00
 2.90294558e+00
 2.87838269e+00
 2.87158744e+00
 3.05557101e+00
 3.05739800e+00
 3.05868113e+00
 3.05295602e+00
 3.03599618e+00
 3.00532896e+00
 2.96178315e+00
 2.91097277e+00
 2.86241772e+00
 2.82397843e+00
 2.80747173e+00
 3.05764116e+00
 3.05359614e+00
 3.04508735e+00
 3.03357367e+00
 3.01442159e+00
 2.98283328e+00
 2.93747631e+00
 2.88327083e+00
 2.83373780e+00
 2.80616064e+00
 2.80050340e+00
 3.02305579e+00
 3.02317647e+00
 3.02032701e+00
 3.01146929e+00
 2.99417721e+00
 2.96479365e+00
 2.92113352e+00
 2.86516246e+00
 2.80309282e+00
 2.74521455e+00
 2.71824232e+00
 3.00376789e+00
 3.00168281e+00
 2.99852393e+00
 2.99265156e+00
 2.97875446e+00
 2.95343670e+00
 2.91480977e+00
 2.86534252e+00
 2.81602975e+00
 2.78461102e+00
 2.77648030e+00
 2.97185812e+00
 2.97748879e+00
 2.98393682e+00
 2.98160017e+00
 2.97009915e+00
 2.94843009e+00
 2.91505529e+00
 2.87225477e+00
 2.83002546e+00
 2.80047057e+00
 2.78957402e+00
 2.97472209e+00
 2.97889626e+00
 2.98155387e+00
 2.97752229e+00
 2.96671465e+00
 2.94730896e+00
 2.91738424e+00
 2.87828191e+00
 2.83748528e+00
 2.80571399e+00
 2.79345298e+00
 2.98519200e+00
 2.98454708e+00
 2.98216425e+00
 2.97668549e+00
 2.96596863e+00
 2.94732788e+00
 2.91858574e+00
 2.88077514e+00
 2.84093023e+00
 2.81044107e+00
 2.79902000e+00
