 3.15310000e+00
 3.16512272e+00
 3.18249888e+00
 3.17608544e+00
 3.15086379e+00
 3.14756029e+00
 3.13676606e+00
 3.11174688e+00
 3.11921411e+00
 3.09098299e+00
 3.06820100e+00
 3.20081414e+00
 3.19760589e+00
 3.20040039e+00
 3.19292134e+00
 3.17123986e+00
 3.16417450e+00
 3.15117703e+00
 3.12908902e+00
 3.12501820e+00
 3.09543798e+00
 3.07509630e+00
 3.27219028e+00
 3.26232816e+00
 3.25043004e+00
 3.24045604e+00
 3.22397947e+00
 3.21014051e+00
 3.19274172e+00
 3.17226363e+00
 3.15597096e+00
 3.13529384e+00
 3.12461439e+00
 3.30400782e+00
 3.30963740e+00
 3.31362358e+00
 3.30726915e+00
 3.29284215e+00
 3.27443193e+00
 3.25257031e+00
 3.22956820e+00
 3.21228755e+00
 3.20843708e+00
 3.21163079e+00
 3.39870439e+00
 3.39458213e+00
 3.38739119e+00
 3.37820492e+00
 3.36360160e+00
 3.34317006e+00
 3.31805646e+00
 3.29013083e+00
 3.26173507e+00
 3.23611326e+00
 3.22415399e+00
 3.44615188e+00
 3.44703704e+00
 3.44595662e+00
 3.43941265e+00
 3.42608608e+00
 3.40598600e+00
 3.38033633e+00
 3.35130502e+00
 3.32234602e+00
 3.29980511e+00
 3.29135028e+00
 3.48969870e+00
 3.48999353e+00
 3.49055320e+00
 3.48662518e+00
 3.47524617e+00
 3.45735112e+00
 3.43379173e+00
 3.40769547e+00
 3.38460114e+00
 3.37011265e+00
 3.36550524e+00
 3.51870208e+00
 3.52297066e+00
 3.52592987e+00
 3.52068231e+00
 3.50905603e+00
 3.49543256e+00
 3.47449922e+00
 3.45113224e+00
 3.42910992e+00
 3.41336496e+00
 3.40810212e+00
 3.58008206e+00
 3.56842268e+00
 3.55240187e+00
 3.54260880e+00
 3.52527920e+00
 3.52289648e+00
 3.50074906e+00
 3.48168847e+00
 3.46031431e+00
 3.44016949e+00
 3.43090870e+00
 3.58170163e+00
 3.56656697e+00
 3.55484290e+00
 3.55853421e+00
 3.52317184e+00
 3.54532993e+00
 3.51103754e+00
 3.50228837e+00
 3.48069215e+00
 3.46754098e+00
 3.46423656e+00
 3.56757800e+00
 3.55413500e+00
 3.55038587e+00
 3.56744335e+00
 3.51701214e+00
 3.55655731e+00
 3.51146452e+00
 3.51099909e+00
 3.48631603e+00
 3.47870814e+00
 3.48203900e+00
