 1.10836600e+00
 1.10458101e+00
 1.09323186e+00
 1.07433829e+00
 1.04794089e+00
 1.01411172e+00
 9.72968931e-01
 9.24699469e-01
 8.69571020e-01
 8.07945731e-01
 7.40294264e-01
 6.67209402e-01
 5.89392602e-01
 5.07667686e-01
 4.22948585e-01
 3.36241495e-01
 2.48600053e-01
 1.61120804e-01
 7.48881123e-02
 -9.02554962e-03
 -8.96166319e-02
 -1.65943183e-01
 -2.37170417e-01
 -3.02557122e-01
 -3.61477169e-01
 -4.13414150e-01
 -4.57951026e-01
 -4.94764628e-01
 -5.23616482e-01
 -5.44336274e-01
 -5.56810869e-01
 -5.60976000e-01
 1.10478265e+00
 1.09985111e+00
 1.08708650e+00
 1.06716265e+00
 1.04007329e+00
 1.00585534e+00
 9.64512081e-01
 9.16128825e-01
 8.60910330e-01
 7.99195244e-01
 7.31449900e-01
 6.58270075e-01
 5.80362669e-01
 4.98555596e-01
 4.13767145e-01
 3.27005705e-01
 2.39327355e-01
 1.51828751e-01
 6.55951424e-02
 -1.83024840e-02
 -9.88607044e-02
 -1.75139365e-01
 -2.46303962e-01
 -3.11614485e-01
 -3.70448693e-01
 -4.22304936e-01
 -4.66838562e-01
 -5.03975290e-01
 -5.34117656e-01
 -5.58050889e-01
 -5.75823751e-01
 -5.83481036e-01
 1.09108427e+00
 1.08518469e+00
 1.06908462e+00
 1.04575965e+00
 1.01645015e+00
 9.81035662e-01
 9.39102323e-01
 8.90388621e-01
 8.34910897e-01
 7.72935971e-01
 7.04919672e-01
 6.31466119e-01
 5.53298820e-01
 4.71257618e-01
 3.86273778e-01
 2.99362064e-01
 2.11585665e-01
 1.24041514e-01
 3.78171979e-02
 -4.60207655e-02
 -1.26469517e-01
 -2.02594572e-01
 -2.73561905e-01
 -3.38636259e-01
 -3.97204279e-01
 -4.48808279e-01
 -4.93292309e-01
 -5.31238627e-01
 -5.64593827e-01
 -5.95952266e-01
 -6.23609553e-01
 -6.35849380e-01
 1.05956292e+00
 1.05268841e+00
 1.03418543e+00
 1.00790811e+00
 9.76184654e-01
 9.39299845e-01
 8.96585269e-01
 8.47403928e-01
 7.91537029e-01
 7.29163254e-01
 6.60729157e-01
 5.86856338e-01
 5.08294295e-01
 4.25903698e-01
 3.40635358e-01
 2.53515422e-01
 1.65616906e-01
 7.80381626e-02
 -8.13155862e-03
 -9.18319838e-02
 -1.72063463e-01
 -2.47899836e-01
 -3.18509803e-01
 -3.83164914e-01
 -4.41262479e-01
 -4.92389541e-01
 -5.36547791e-01
 -5.74772266e-01
 -6.09751118e-01
 -6.43701539e-01
 -6.71957838e-01
 -6.83324620e-01
 1.00101521e+00
 9.94666877e-01
 9.76686958e-01
 9.50006291e-01
 9.17447269e-01
 8.79872706e-01
 8.36679694e-01
 7.87090919e-01
 7.30788129e-01
 6.67927959e-01
 5.98977332e-01
 5.24591345e-01
 4.45554885e-01
 3.62757915e-01
 2.77175647e-01
 1.89850226e-01
 1.01865470e-01
 1.43222841e-02
 -7.16910549e-02
 -1.55122029e-01
 -2.34979138e-01
 -3.10346905e-01
 -3.80401544e-01
 -4.44421244e-01
 -5.01807305e-01
 -5.52127631e-01
 -5.95206140e-01
 -6.31204566e-01
 -6.60418022e-01
 -6.82662263e-01
 -6.97040971e-01
 -7.02141962e-01
 9.09706772e-01
 9.04543153e-01
 8.89886954e-01
 8.67261578e-01
 8.37770935e-01
 8.01803611e-01
 7.59141690e-01
 7.09474696e-01
 6.52792937e-01
 5.89420337e-01
 5.19913732e-01
 4.44986154e-01
 3.65467565e-01
 2.82283559e-01
 1.96437087e-01
 1.08988845e-01
 2.10333912e-02
 -6.63265123e-02
 -1.52007024e-01
 -2.34967002e-01
 -3.14229007e-01
 -3.88893672e-01
 -4.58150614e-01
 -5.21287256e-01
 -5.77698850e-01
 -6.26879703e-01
 -6.68291074e-01
 -7.00879140e-01
 -7.22425241e-01
 -7.30747914e-01
 -7.28642808e-01
 -7.25849101e-01
 7.89152935e-01
 7.86522301e-01
 7.77941812e-01
 7.62182676e-01
 7.38285555e-01
 7.05686790e-01
 6.64408399e-01
 6.14946991e-01
 5.57948816e-01
 4.94075444e-01
 4.24032335e-01
 3.48608126e-01
 2.68683333e-01
 1.85221684e-01
 9.92545356e-02
 1.18611179e-02
 -7.58551088e-02
 -1.62792243e-01
 -2.47875922e-01
 -3.30082274e-01
 -4.08456282e-01
 -4.82123696e-01
 -5.50298066e-01
 -6.12285573e-01
 -6.67490728e-01
 -7.15417602e-01
 -7.55671775e-01
 -7.88092293e-01
 -8.13262423e-01
 -8.32708638e-01
 -8.46761248e-01
 -8.52288812e-01
 6.57639616e-01
 6.57030369e-01
 6.53907895e-01
 6.44639086e-01
 6.25433654e-01
 5.94973563e-01
 5.54182085e-01
 5.04502150e-01
 4.47051592e-01
 3.82675900e-01
 3.12165816e-01
 2.36366323e-01
 1.56201898e-01
 7.26708141e-02
 -1.31702824e-02
 -1.00226794e-01
 -1.87390369e-01
 -2.73565035e-01
 -3.57692760e-01
 -4.38775620e-01
 -5.15892321e-01
 -5.88207789e-01
 -6.54976630e-01
 -7.15544439e-01
 -7.69355780e-01
 -8.15989510e-01
 -8.55262908e-01
 -8.87398995e-01
 -9.12950119e-01
 -9.32077936e-01
 -9.44045900e-01
 -9.48091841e-01
 5.65003590e-01
 5.63201122e-01
 5.55290309e-01
 5.37700140e-01
 5.10136337e-01
 4.74102743e-01
 4.30483813e-01
 3.79474780e-01
 3.21287649e-01
 2.56411216e-01
 1.85558987e-01
 1.09586046e-01
 2.94434886e-02
 -5.38457833e-02
 -1.39207153e-01
 -2.25536953e-01
 -3.11728318e-01
 -3.96698395e-01
 -4.79414269e-01
 -5.58914940e-01
 -6.34327132e-01
 -7.04873586e-01
 -7.69874147e-01
 -8.28742509e-01
 -8.80985326e-01
 -9.26209299e-01
 -9.64116181e-01
 -9.94427000e-01
 -1.01681801e+00
 -1.03128243e+00
 -1.03880657e+00
 -1.04103992e+00
 5.04896662e-01
 4.91565264e-01
 4.58727794e-01
 4.19284807e-01
 3.79593433e-01
 3.38516004e-01
 2.92919468e-01
 2.40932931e-01
 1.82134234e-01
 1.16889781e-01
 4.59074698e-02
 -2.99458530e-02
 -1.09706148e-01
 -1.92338889e-01
 -2.76761777e-01
 -3.61870680e-01
 -4.46568411e-01
 -5.29793933e-01
 -6.10549435e-01
 -6.87922916e-01
 -7.61104459e-01
 -8.29394972e-01
 -8.92206932e-01
 -9.49057595e-01
 -9.99556444e-01
 -1.04339321e+00
 -1.08035027e+00
 -1.11038757e+00
 -1.13375865e+00
 -1.15084038e+00
 -1.16156043e+00
 -1.16527012e+00
 2.15256335e-01
 2.20929157e-01
 2.30766546e-01
 2.31473803e-01
 2.15957058e-01
 1.85034882e-01
 1.42292631e-01
 9.05710643e-02
 3.15148029e-02
 -3.38440826e-02
 -1.04636967e-01
 -1.79972645e-01
 -2.58887623e-01
 -3.40349035e-01
 -4.23277399e-01
 -5.06577165e-01
 -5.89169554e-01
 -6.70024442e-01
 -7.48188954e-01
 -8.22811061e-01
 -8.93156940e-01
 -9.58621349e-01
 -1.01873040e+00
 -1.07313552e+00
 -1.12159599e+00
 -1.16394525e+00
 -1.20003247e+00
 -1.22963890e+00
 -1.25244096e+00
 -1.26820554e+00
 -1.27717807e+00
 -1.28003993e+00
 1.66116203e-01
 1.57767542e-01
 1.35887545e-01
 1.06140934e-01
 7.13084358e-02
 3.10695665e-02
 -1.55071261e-02
 -6.86898507e-02
 -1.28162856e-01
 -1.93339387e-01
 -2.63496155e-01
 -3.37796791e-01
 -4.15300586e-01
 -4.94985243e-01
 -5.75780701e-01
 -6.56606954e-01
 -7.36411360e-01
 -8.14202924e-01
 -8.89081960e-01
 -9.60264060e-01
 -1.02709771e+00
 -1.08907535e+00
 -1.14583747e+00
 -1.19716866e+00
 -1.24298268e+00
 -1.28329538e+00
 -1.31818734e+00
 -1.34774551e+00
 -1.37193387e+00
 -1.39036100e+00
 -1.40213985e+00
 -1.40622515e+00
 9.82298834e-04
 -5.85467478e-03
 -2.52868383e-02
 -5.46506055e-02
 -9.12574511e-02
 -1.33691556e-01
 -1.81693806e-01
 -2.35335546e-01
 -2.94511774e-01
 -3.58843558e-01
 -4.27717948e-01
 -5.00339027e-01
 -5.75775537e-01
 -6.53007858e-01
 -7.30973864e-01
 -8.08612297e-01
 -8.84902468e-01
 -9.58899194e-01
 -1.02976201e+00
 -1.09677781e+00
 -1.15937632e+00
 -1.21713816e+00
 -1.26979513e+00
 -1.31722136e+00
 -1.35940862e+00
 -1.39641191e+00
 -1.42825886e+00
 -1.45486332e+00
 -1.47601986e+00
 -1.49147310e+00
 -1.50094620e+00
 -1.50415107e+00
 -2.29546858e-01
 -2.30293380e-01
 -2.35119372e-01
 -2.48980174e-01
 -2.74498705e-01
 -3.10800800e-01
 -3.55648307e-01
 -4.07294656e-01
 -4.64725561e-01
 -5.27214144e-01
 -5.94003552e-01
 -6.64218923e-01
 -7.36882438e-01
 -8.10953220e-01
 -8.85369690e-01
 -9.59090254e-01
 -1.03113084e+00
 -1.10059775e+00
 -1.16671432e+00
 -1.22884033e+00
 -1.28648282e+00
 -1.33929723e+00
 -1.38707816e+00
 -1.42974130e+00
 -1.46730185e+00
 -1.49984866e+00
 -1.52748488e+00
 -1.55019284e+00
 -1.56771199e+00
 -1.57972983e+00
 -1.58641027e+00
 -1.58848542e+00
 -3.46968772e-01
 -3.56537179e-01
 -3.81419413e-01
 -4.14056279e-01
 -4.49707724e-01
 -4.88230567e-01
 -5.31383484e-01
 -5.80304563e-01
 -6.34997934e-01
 -6.94793715e-01
 -7.58760500e-01
 -8.25876448e-01
 -8.95080416e-01
 -9.65296642e-01
 -1.03546213e+00
 -1.10455847e+00
 -1.17164404e+00
 -1.23588263e+00
 -1.29656626e+00
 -1.35313010e+00
 -1.40515835e+00
 -1.45237856e+00
 -1.49464169e+00
 -1.53188645e+00
 -1.56409992e+00
 -1.59132009e+00
 -1.61375750e+00
 -1.63201881e+00
 -1.64708691e+00
 -1.65955724e+00
 -1.66853854e+00
 -1.67192283e+00
 -6.35496655e-01
 -6.32674785e-01
 -6.27977880e-01
 -6.29242261e-01
 -6.42164618e-01
 -6.67803149e-01
 -7.04312499e-01
 -7.49318177e-01
 -8.00912851e-01
 -8.57650253e-01
 -9.18315065e-01
 -9.81772792e-01
 -1.04691321e+00
 -1.11264592e+00
 -1.17791929e+00
 -1.24174813e+00
 -1.30324199e+00
 -1.36162989e+00
 -1.41627863e+00
 -1.46670365e+00
 -1.51257159e+00
 -1.55369394e+00
 -1.59000972e+00
 -1.62154968e+00
 -1.64836294e+00
 -1.67037563e+00
 -1.68718916e+00
 -1.69800820e+00
 -1.70215886e+00
 -1.70043611e+00
 -1.69619139e+00
 -1.69403096e+00
 -7.23453636e-01
 -7.28159303e-01
 -7.41809184e-01
 -7.63221010e-01
 -7.91150449e-01
 -8.24880117e-01
 -8.64167276e-01
 -9.08815820e-01
 -9.58391763e-01
 -1.01218460e+00
 -1.06928149e+00
 -1.12865477e+00
 -1.18923171e+00
 -1.24994628e+00
 -1.30977965e+00
 -1.36779429e+00
 -1.42316227e+00
 -1.47518712e+00
 -1.52331799e+00
 -1.56715630e+00
 -1.60645589e+00
 -1.64111935e+00
 -1.67119623e+00
 -1.69689357e+00
 -1.71861173e+00
 -1.73700605e+00
 -1.75302251e+00
 -1.76775680e+00
 -1.78193199e+00
 -1.79504397e+00
 -1.80490628e+00
 -1.80864777e+00
 -8.32041307e-01
 -8.41864167e-01
 -8.67476749e-01
 -9.01100690e-01
 -9.37290674e-01
 -9.74828431e-01
 -1.01472034e+00
 -1.05804251e+00
 -1.10513596e+00
 -1.15566190e+00
 -1.20886528e+00
 -1.26378736e+00
 -1.31939667e+00
 -1.37466684e+00
 -1.42862751e+00
 -1.48040236e+00
 -1.52923777e+00
 -1.57452194e+00
 -1.61579471e+00
 -1.65274933e+00
 -1.68522799e+00
 -1.71321362e+00
 -1.73682209e+00
 -1.75630320e+00
 -1.77206571e+00
 -1.78474102e+00
 -1.79525827e+00
 -1.80478095e+00
 -1.81424446e+00
 -1.82348893e+00
 -1.83075081e+00
 -1.83356485e+00
 -1.10533584e+00
 -1.10095348e+00
 -1.09297683e+00
 -1.09138142e+00
 -1.10211021e+00
 -1.12500425e+00
 -1.15716032e+00
 -1.19584927e+00
 -1.23921271e+00
 -1.28593746e+00
 -1.33491326e+00
 -1.38508513e+00
 -1.43542372e+00
 -1.48494182e+00
 -1.53272621e+00
 -1.57797200e+00
 -1.62001041e+00
 -1.65832451e+00
 -1.69255370e+00
 -1.72249008e+00
 -1.74806853e+00
 -1.76935055e+00
 -1.78649821e+00
 -1.79972564e+00
 -1.80920553e+00
 -1.81491153e+00
 -1.81644513e+00
 -1.81309783e+00
 -1.80460446e+00
 -1.79263357e+00
 -1.78165469e+00
 -1.77714654e+00
 -1.14112287e+00
 -1.14935265e+00
 -1.16986066e+00
 -1.19507490e+00
 -1.22136621e+00
 -1.24964878e+00
 -1.28173500e+00
 -1.31817452e+00
 -1.35838077e+00
 -1.40133020e+00
 -1.44594436e+00
 -1.49118649e+00
 -1.53606743e+00
 -1.57965373e+00
 -1.62109578e+00
 -1.65966623e+00
 -1.69479015e+00
 -1.72605547e+00
 -1.75320964e+00
 -1.77615125e+00
 -1.79491705e+00
 -1.80966518e+00
 -1.82065693e+00
 -1.82823259e+00
 -1.83278152e+00
 -1.83473445e+00
 -1.83463712e+00
 -1.83330611e+00
 -1.83184086e+00
 -1.83116048e+00
 -1.83130967e+00
 -1.83152327e+00
 -1.30960642e+00
 -1.30872208e+00
 -1.30927609e+00
 -1.31691049e+00
 -1.33394418e+00
 -1.35898731e+00
 -1.38970144e+00
 -1.42435514e+00
 -1.46179123e+00
 -1.50106404e+00
 -1.54126707e+00
 -1.58149474e+00
 -1.62084694e+00
 -1.65845533e+00
 -1.69353033e+00
 -1.72542097e+00
 -1.75365536e+00
 -1.77793739e+00
 -1.79812832e+00
 -1.81423823e+00
 -1.82641156e+00
 -1.83490869e+00
 -1.84010576e+00
 -1.84251654e+00
 -1.84283062e+00
 -1.84196012e+00
 -1.84104280e+00
 -1.84126498e+00
 -1.84337439e+00
 -1.84703816e+00
 -1.85064819e+00
 -1.85216639e+00
 -1.35386476e+00
 -1.35979956e+00
 -1.37563922e+00
 -1.39761675e+00
 -1.42322800e+00
 -1.45160855e+00
 -1.48244456e+00
 -1.51535609e+00
 -1.54983012e+00
 -1.58525822e+00
 -1.62094993e+00
 -1.65613901e+00
 -1.69000715e+00
 -1.72173280e+00
 -1.75055913e+00
 -1.77589739e+00
 -1.79739669e+00
 -1.81489438e+00
 -1.82836171e+00
 -1.83791979e+00
 -1.84382575e+00
 -1.84642426e+00
 -1.84614967e+00
 -1.84356399e+00
 -1.83937753e+00
 -1.83440316e+00
 -1.82939031e+00
 -1.82475325e+00
 -1.82043658e+00
 -1.81631395e+00
 -1.81294943e+00
 -1.81159408e+00
 -1.44183319e+00
 -1.44721423e+00
 -1.46198572e+00
 -1.48304854e+00
 -1.50763224e+00
 -1.53435619e+00
 -1.56276488e+00
 -1.59256560e+00
 -1.62334215e+00
 -1.65457008e+00
 -1.68564588e+00
 -1.71586305e+00
 -1.74442494e+00
 -1.77051975e+00
 -1.79336227e+00
 -1.81238352e+00
 -1.82740934e+00
 -1.83844907e+00
 -1.84554513e+00
 -1.84892087e+00
 -1.84897864e+00
 -1.84612695e+00
 -1.84078807e+00
 -1.83346678e+00
 -1.82476815e+00
 -1.81536081e+00
 -1.80593102e+00
 -1.79723546e+00
 -1.79017338e+00
 -1.78551537e+00
 -1.78328164e+00
 -1.78270518e+00
 -1.57003192e+00
 -1.56952624e+00
 -1.57015941e+00
 -1.57598812e+00
 -1.58898283e+00
 -1.60813650e+00
 -1.63130042e+00
 -1.65669105e+00
 -1.68315733e+00
 -1.70994183e+00
 -1.73643275e+00
 -1.76190470e+00
 -1.78548065e+00
 -1.80637380e+00
 -1.82365976e+00
 -1.83665403e+00
 -1.84554010e+00
 -1.85059234e+00
 -1.85177180e+00
 -1.84937392e+00
 -1.84408761e+00
 -1.83635327e+00
 -1.82652032e+00
 -1.81499553e+00
 -1.80227344e+00
 -1.78894163e+00
 -1.77556338e+00
 -1.76262044e+00
 -1.75065416e+00
 -1.74054714e+00
 -1.73360214e+00
 -1.73110509e+00
 -1.61142378e+00
 -1.61434773e+00
 -1.62249932e+00
 -1.63452965e+00
 -1.64946303e+00
 -1.66697398e+00
 -1.68671889e+00
 -1.70804045e+00
 -1.73019817e+00
 -1.75256485e+00
 -1.77471890e+00
 -1.79591180e+00
 -1.81489849e+00
 -1.83121753e+00
 -1.84360120e+00
 -1.85079346e+00
 -1.85389744e+00
 -1.85364397e+00
 -1.84947121e+00
 -1.84162976e+00
 -1.83160316e+00
 -1.81965249e+00
 -1.80602510e+00
 -1.79102345e+00
 -1.77500382e+00
 -1.75865294e+00
 -1.74275489e+00
 -1.72791543e+00
 -1.71443314e+00
 -1.70277689e+00
 -1.69432389e+00
 -1.69114855e+00
 -1.65572629e+00
 -1.65997370e+00
 -1.67051686e+00
 -1.68373085e+00
 -1.69805136e+00
 -1.71350669e+00
 -1.73014073e+00
 -1.74769511e+00
 -1.76580288e+00
 -1.78390456e+00
 -1.80212837e+00
 -1.81992941e+00
 -1.83453826e+00
 -1.84713509e+00
 -1.85568902e+00
 -1.85697900e+00
 -1.85465687e+00
 -1.85010326e+00
 -1.84133324e+00
 -1.82800232e+00
 -1.81411236e+00
 -1.79859812e+00
 -1.78193711e+00
 -1.76429692e+00
 -1.74563690e+00
 -1.72687268e+00
 -1.70928831e+00
 -1.69459318e+00
 -1.68404824e+00
 -1.67802604e+00
 -1.67565137e+00
 -1.67518334e+00
 -1.72770879e+00
 -1.72664899e+00
 -1.72601563e+00
 -1.72958184e+00
 -1.73809078e+00
 -1.74998630e+00
 -1.76326761e+00
 -1.77715604e+00
 -1.79172270e+00
 -1.80568352e+00
 -1.82024120e+00
 -1.83650107e+00
 -1.84612763e+00
 -1.85613330e+00
 -1.86273759e+00
 -1.85720836e+00
 -1.84996372e+00
 -1.84242114e+00
 -1.83033642e+00
 -1.81038265e+00
 -1.79443400e+00
 -1.77556505e+00
 -1.75673394e+00
 -1.73740929e+00
 -1.71658508e+00
 -1.69568113e+00
 -1.67546403e+00
 -1.65892879e+00
 -1.64773985e+00
 -1.64180143e+00
 -1.63952724e+00
 -1.63904949e+00
 -1.75202955e+00
 -1.75264307e+00
 -1.75456669e+00
 -1.75879268e+00
 -1.76669325e+00
 -1.77739107e+00
 -1.78765734e+00
 -1.79786485e+00
 -1.80997176e+00
 -1.81994907e+00
 -1.83018669e+00
 -1.84878437e+00
 -1.85102020e+00
 -1.85995351e+00
 -1.86773398e+00
 -1.85301985e+00
 -1.84207729e+00
 -1.83258958e+00
 -1.81985332e+00
 -1.78978086e+00
 -1.77593577e+00
 -1.75235330e+00
 -1.73277168e+00
 -1.71272877e+00
 -1.68988114e+00
 -1.66795241e+00
 -1.64340834e+00
 -1.62288474e+00
 -1.60801072e+00
 -1.59838771e+00
 -1.59335025e+00
 -1.59190221e+00
 -1.76333504e+00
 -1.76511614e+00
 -1.76942956e+00
 -1.77554566e+00
 -1.78574993e+00
 -1.79807552e+00
 -1.80484899e+00
 -1.81109645e+00
 -1.82249643e+00
 -1.82916620e+00
 -1.83255834e+00
 -1.86010817e+00
 -1.85029503e+00
 -1.86010126e+00
 -1.87324723e+00
 -1.84550798e+00
 -1.83361019e+00
 -1.82177155e+00
 -1.81335266e+00
 -1.76645530e+00
 -1.76249402e+00
 -1.72991137e+00
 -1.71243692e+00
 -1.69222212e+00
 -1.66662587e+00
 -1.64712632e+00
 -1.61540574e+00
 -1.59083178e+00
 -1.57265143e+00
 -1.55816265e+00
 -1.54898261e+00
 -1.54604641e+00
 -1.77838741e+00
 -1.77937007e+00
 -1.78063881e+00
 -1.78451808e+00
 -1.79786420e+00
 -1.81445428e+00
 -1.81592175e+00
 -1.81831233e+00
 -1.83067343e+00
 -1.83571360e+00
 -1.82858046e+00
 -1.87219657e+00
 -1.84556698e+00
 -1.85813234e+00
 -1.88017520e+00
 -1.83611604e+00
 -1.82711800e+00
 -1.81082239e+00
 -1.81276183e+00
 -1.74180956e+00
 -1.75677057e+00
 -1.70918585e+00
 -1.69785408e+00
 -1.67726675e+00
 -1.64716398e+00
 -1.63593065e+00
 -1.59221199e+00
 -1.56598095e+00
 -1.54763682e+00
 -1.52864565e+00
 -1.51425890e+00
 -1.50932173e+00
 -1.79356702e+00
 -1.79091130e+00
 -1.78545753e+00
 -1.78685381e+00
 -1.80421458e+00
 -1.82647750e+00
 -1.82165698e+00
 -1.82146089e+00
 -1.83521663e+00
 -1.84048395e+00
 -1.82208836e+00
 -1.88297462e+00
 -1.83997026e+00
 -1.85583632e+00
 -1.88672037e+00
 -1.82777384e+00
 -1.82377000e+00
 -1.80182465e+00
 -1.81609440e+00
 -1.72121469e+00
 -1.75721610e+00
 -1.69319050e+00
 -1.68979333e+00
 -1.66846023e+00
 -1.63292086e+00
 -1.63341581e+00
 -1.57510392e+00
 -1.55037339e+00
 -1.53442415e+00
 -1.51301707e+00
 -1.49346539e+00
 -1.48598935e+00
 -1.80000100e+00
 -1.79512933e+00
 -1.78632612e+00
 -1.78693823e+00
 -1.80613645e+00
 -1.83118788e+00
 -1.82329844e+00
 -1.82229266e+00
 -1.83663762e+00
 -1.84238889e+00
 -1.81891587e+00
 -1.88748364e+00
 -1.83746430e+00
 -1.85484432e+00
 -1.88948925e+00
 -1.82435490e+00
 -1.82288973e+00
 -1.79820728e+00
 -1.81818049e+00
 -1.71292913e+00
 -1.75842933e+00
 -1.68695537e+00
 -1.68735996e+00
 -1.66561452e+00
 -1.62743269e+00
 -1.63385833e+00
 -1.56839172e+00
 -1.54511423e+00
 -1.53056480e+00
 -1.50877485e+00
 -1.48710311e+00
 -1.47802600e+00
