 3.61807500e+00
 3.60412233e+00
 3.59727530e+00
 3.61360545e+00
 3.57346785e+00
 3.59850723e+00
 3.56881479e+00
 3.53901983e+00
 3.51233496e+00
 3.50359479e+00
 3.50377200e+00
 3.63151599e+00
 3.62021667e+00
 3.60980322e+00
 3.61464754e+00
 3.58622112e+00
 3.59946372e+00
 3.57446394e+00
 3.54491805e+00
 3.51971885e+00
 3.50643630e+00
 3.50190884e+00
 3.65030308e+00
 3.64303614e+00
 3.63236979e+00
 3.62546337e+00
 3.61142237e+00
 3.60804788e+00
 3.58853806e+00
 3.56172323e+00
 3.53707148e+00
 3.51712968e+00
 3.50845296e+00
 3.65055649e+00
 3.65194480e+00
 3.65030846e+00
 3.64415715e+00
 3.63541450e+00
 3.62545400e+00
 3.60793606e+00
 3.58521969e+00
 3.56374699e+00
 3.54780439e+00
 3.54168571e+00
 3.67189571e+00
 3.66753743e+00
 3.66240119e+00
 3.65970977e+00
 3.65467836e+00
 3.64469257e+00
 3.62866411e+00
 3.60917928e+00
 3.59212671e+00
 3.58293502e+00
 3.58097773e+00
 3.63479981e+00
 3.64508904e+00
 3.66142759e+00
 3.66944956e+00
 3.66864813e+00
 3.66039492e+00
 3.64568755e+00
 3.62714634e+00
 3.60863096e+00
 3.59335423e+00
 3.58664825e+00
 3.68695436e+00
 3.68323208e+00
 3.67974139e+00
 3.67997579e+00
 3.67839054e+00
 3.67085230e+00
 3.65675756e+00
 3.63835021e+00
 3.62040338e+00
 3.60969159e+00
 3.60724145e+00
 3.68167577e+00
 3.68285454e+00
 3.68428116e+00
 3.68487388e+00
 3.68368249e+00
 3.67630515e+00
 3.66210184e+00
 3.64362620e+00
 3.62115574e+00
 3.60050596e+00
 3.59111055e+00
 3.67341365e+00
 3.67654032e+00
 3.68288360e+00
 3.68402879e+00
 3.68587413e+00
 3.67826890e+00
 3.66220897e+00
 3.64840039e+00
 3.62375373e+00
 3.60463757e+00
 3.59939092e+00
 3.66854950e+00
 3.67668687e+00
 3.68701631e+00
 3.67931700e+00
 3.68749354e+00
 3.67909825e+00
 3.65728824e+00
 3.65581673e+00
 3.62501149e+00
 3.59879667e+00
 3.59203378e+00
 3.66372500e+00
 3.67834144e+00
 3.69094011e+00
 3.67557592e+00
 3.68854362e+00
 3.67961077e+00
 3.65347237e+00
 3.66062997e+00
 3.62505426e+00
 3.59268461e+00
 3.58294500e+00
