 2.88611400e+00
 2.88381536e+00
 2.90149991e+00
 2.95558392e+00
 2.97928947e+00
 3.05171323e+00
 3.06081564e+00
 3.14406427e+00
 3.10970138e+00
 3.12397147e+00
 3.15310000e+00
 2.91780104e+00
 2.91383570e+00
 2.92829090e+00
 2.97261572e+00
 3.00487303e+00
 3.06753917e+00
 3.08981492e+00
 3.15436329e+00
 3.14561787e+00
 3.17194103e+00
 3.20081414e+00
 2.97785738e+00
 2.97967235e+00
 2.99484316e+00
 3.02911118e+00
 3.07051992e+00
 3.12134510e+00
 3.15900928e+00
 3.20082470e+00
 3.22187046e+00
 3.25271121e+00
 3.27219028e+00
 3.04777905e+00
 3.05858598e+00
 3.08376463e+00
 3.11830533e+00
 3.16122568e+00
 3.20729309e+00
 3.24717786e+00
 3.27927247e+00
 3.29915823e+00
 3.30565097e+00
 3.30400782e+00
 3.17105429e+00
 3.17388509e+00
 3.18852334e+00
 3.21938815e+00
 3.26077480e+00
 3.30327157e+00
 3.33880804e+00
 3.36428459e+00
 3.38099330e+00
 3.39294220e+00
 3.39870439e+00
 3.23946636e+00
 3.24791020e+00
 3.27254689e+00
 3.30892557e+00
 3.35023641e+00
 3.38893673e+00
 3.41849808e+00
 3.43659100e+00
 3.44500349e+00
 3.44681407e+00
 3.44615188e+00
 3.29005174e+00
 3.30589577e+00
 3.33998189e+00
 3.37866911e+00
 3.41834007e+00
 3.45369179e+00
 3.47856143e+00
 3.49097503e+00
 3.49308794e+00
 3.49068188e+00
 3.48969870e+00
 3.39772813e+00
 3.39420585e+00
 3.40039396e+00
 3.42624337e+00
 3.46189455e+00
 3.49619552e+00
 3.51903705e+00
 3.52948071e+00
 3.53104470e+00
 3.52447860e+00
 3.51870208e+00
 3.38799309e+00
 3.39759311e+00
 3.41831977e+00
 3.44735503e+00
 3.48287874e+00
 3.52101662e+00
 3.54347804e+00
 3.55227246e+00
 3.56217110e+00
 3.57255276e+00
 3.58008206e+00
 3.38872402e+00
 3.39946143e+00
 3.42071099e+00
 3.45376225e+00
 3.48845348e+00
 3.53449966e+00
 3.55681347e+00
 3.55922944e+00
 3.57714611e+00
 3.58056971e+00
 3.58170163e+00
 3.40342200e+00
 3.40520781e+00
 3.42022942e+00
 3.45530110e+00
 3.48841127e+00
 3.53913373e+00
 3.56147476e+00
 3.55885598e+00
 3.58283949e+00
 3.57816591e+00
 3.56757800e+00
