 3.28930000e-02
 3.12277547e-02
 2.73693372e-02
 2.39967035e-02
 2.32304586e-02
 2.34524576e-02
 1.90799721e-02
 2.08085391e-02
 5.64144221e-03
 -7.59311197e-04
 -8.70453493e-03
 -1.92834755e-02
 -3.80829614e-02
 -4.75475322e-02
 -6.81628335e-02
 -9.72720563e-02
 -9.79664560e-02
 -1.44134793e-01
 -1.69987642e-01
 -1.83998562e-01
 -1.96447378e-01
 -2.18190572e-01
 -2.33512356e-01
 -2.71109929e-01
 -2.83784372e-01
 -3.02908395e-01
 -3.05425810e-01
 -3.21194133e-01
 -3.35774895e-01
 -3.42620000e-01
 -3.43838348e-01
 -3.43611000e-01
 3.12148041e-02
 3.01173101e-02
 2.69746457e-02
 2.37544718e-02
 2.26725112e-02
 2.23058300e-02
 1.84133137e-02
 1.88706478e-02
 4.91389515e-03
 -2.03389397e-03
 -1.01538124e-02
 -2.10553564e-02
 -3.93684533e-02
 -4.96251242e-02
 -7.02771173e-02
 -9.82545348e-02
 -1.01532887e-01
 -1.45409324e-01
 -1.71565424e-01
 -1.86035977e-01
 -1.99244805e-01
 -2.20509498e-01
 -2.37060860e-01
 -2.72426795e-01
 -2.86538853e-01
 -3.04507841e-01
 -3.09108315e-01
 -3.23875230e-01
 -3.37656653e-01
 -3.44215747e-01
 -3.46083920e-01
 -3.46202564e-01
 2.71002996e-02
 2.66328125e-02
 2.49411080e-02
 2.24207096e-02
 2.06918088e-02
 1.91446506e-02
 1.58766789e-02
 1.36992128e-02
 2.24340275e-03
 -5.85017736e-03
 -1.45819669e-02
 -2.62568269e-02
 -4.35128484e-02
 -5.57601698e-02
 -7.64378110e-02
 -1.01929642e-01
 -1.11312970e-01
 -1.49790391e-01
 -1.76415402e-01
 -1.92291124e-01
 -2.07340621e-01
 -2.27791438e-01
 -2.46867383e-01
 -2.77338832e-01
 -2.94202344e-01
 -3.10281248e-01
 -3.18964006e-01
 -3.31947788e-01
 -3.43827460e-01
 -3.50219078e-01
 -3.53192130e-01
 -3.53958649e-01
 2.24817887e-02
 2.22356985e-02
 2.11731193e-02
 1.91157603e-02
 1.67541705e-02
 1.41498714e-02
 1.06946805e-02
 6.27769965e-03
 -3.23229323e-03
 -1.23523738e-02
 -2.21426581e-02
 -3.47266982e-02
 -5.11390478e-02
 -6.57433862e-02
 -8.63812777e-02
 -1.09726816e-01
 -1.25491311e-01
 -1.58361729e-01
 -1.84987044e-01
 -2.03005491e-01
 -2.20218518e-01
 -2.40447193e-01
 -2.61477182e-01
 -2.87436595e-01
 -3.06117359e-01
 -3.21529688e-01
 -3.33265549e-01
 -3.45180844e-01
 -3.55397936e-01
 -3.61952393e-01
 -3.65648898e-01
 -3.66817265e-01
 1.79336378e-02
 1.73186100e-02
 1.56111400e-02
 1.31466799e-02
 1.02448052e-02
 6.87227187e-03
 2.62963056e-03
 -3.21041865e-03
 -1.20125133e-02
 -2.19355181e-02
 -3.29996606e-02
 -4.65204363e-02
 -6.27795052e-02
 -7.94517984e-02
 -1.00144732e-01
 -1.22567497e-01
 -1.42909900e-01
 -1.71834902e-01
 -1.98010790e-01
 -2.18325387e-01
 -2.37609955e-01
 -2.58342636e-01
 -2.80201522e-01
 -3.03337975e-01
 -3.22549279e-01
 -3.38341796e-01
 -3.51577267e-01
 -3.63213812e-01
 -3.72689239e-01
 -3.79360646e-01
 -3.83340137e-01
 -3.84655424e-01
 9.08893838e-03
 8.21713403e-03
 6.11496276e-03
 3.54077751e-03
 5.52308938e-04
 -3.27432099e-03
 -8.37985938e-03
 -1.52448343e-02
 -2.42999245e-02
 -3.50485807e-02
 -4.73935354e-02
 -6.19267059e-02
 -7.87066122e-02
 -9.69869664e-02
 -1.18024434e-01
 -1.40572980e-01
 -1.63518561e-01
 -1.90378779e-01
 -2.16111187e-01
 -2.38355246e-01
 -2.59466566e-01
 -2.81023609e-01
 -3.03073486e-01
 -3.24790376e-01
 -3.43953179e-01
 -3.60255043e-01
 -3.74148755e-01
 -3.85844393e-01
 -3.95154907e-01
 -4.01862964e-01
 -4.05911286e-01
 -4.07262607e-01
 -1.18503014e-02
 -1.12958675e-02
 -1.03466840e-02
 -1.04202855e-02
 -1.24399366e-02
 -1.65336331e-02
 -2.25377158e-02
 -3.04325087e-02
 -4.03038918e-02
 -5.20541483e-02
 -6.56553054e-02
 -8.13150052e-02
 -9.90402020e-02
 -1.18619276e-01
 -1.40316107e-01
 -1.63513736e-01
 -1.87828779e-01
 -2.13926117e-01
 -2.39523151e-01
 -2.63178137e-01
 -2.85766279e-01
 -3.08122019e-01
 -3.30219238e-01
 -3.51305187e-01
 -3.70320662e-01
 -3.86893074e-01
 -4.01075809e-01
 -4.12871434e-01
 -4.22181102e-01
 -4.28897139e-01
 -4.32952849e-01
 -4.34308589e-01
 -1.96784805e-02
 -1.97505661e-02
 -2.05106364e-02
 -2.28175070e-02
 -2.69375932e-02
 -3.27394380e-02
 -4.01634595e-02
 -4.93113001e-02
 -6.03202776e-02
 -7.32489694e-02
 -8.81249707e-02
 -1.05007224e-01
 -1.23874213e-01
 -1.44622287e-01
 -1.67179826e-01
 -1.91182213e-01
 -2.16321406e-01
 -2.42358220e-01
 -2.68120271e-01
 -2.92752390e-01
 -3.16414312e-01
 -3.39393892e-01
 -3.61554442e-01
 -3.82366865e-01
 -4.01242632e-01
 -4.17864719e-01
 -4.32122073e-01
 -4.43938504e-01
 -4.53230113e-01
 -4.59921337e-01
 -4.63957635e-01
 -4.65306578e-01
 -2.16413181e-02
 -2.41815744e-02
 -3.03834620e-02
 -3.77615295e-02
 -4.52019690e-02
 -5.30320160e-02
 -6.19358599e-02
 -7.23981162e-02
 -8.46773177e-02
 -9.88876136e-02
 -1.15067401e-01
 -1.33217375e-01
 -1.53282629e-01
 -1.75146036e-01
 -1.98629787e-01
 -2.23429665e-01
 -2.49195335e-01
 -2.75477081e-01
 -3.01545920e-01
 -3.26828495e-01
 -3.51176911e-01
 -3.74553496e-01
 -3.96749247e-01
 -4.17387371e-01
 -4.36088448e-01
 -4.52594735e-01
 -4.66756368e-01
 -4.78472681e-01
 -4.87665220e-01
 -4.94273388e-01
 -4.98254900e-01
 -4.99584796e-01
 -6.56245818e-02
 -6.51459827e-02
 -6.48652414e-02
 -6.67412459e-02
 -7.15445142e-02
 -7.89558575e-02
 -8.85369166e-02
 -1.00104422e-01
 -1.13635860e-01
 -1.29142597e-01
 -1.46617029e-01
 -1.66016257e-01
 -1.87248084e-01
 -2.10159989e-01
 -2.34528637e-01
 -2.60045906e-01
 -2.86332642e-01
 -3.12923832e-01
 -3.39274973e-01
 -3.64929250e-01
 -3.89614281e-01
 -4.13132029e-01
 -4.35238121e-01
 -4.55638395e-01
 -4.74057415e-01
 -4.90287813e-01
 -5.04189019e-01
 -5.15665425e-01
 -5.24650164e-01
 -5.31097107e-01
 -5.34976297e-01
 -5.36271131e-01
 -8.28161191e-02
 -8.43573560e-02
 -8.83433056e-02
 -9.38125193e-02
 -1.00625539e-01
 -1.09194694e-01
 -1.19812149e-01
 -1.32522764e-01
 -1.47280210e-01
 -1.64035002e-01
 -1.82733271e-01
 -2.03293212e-01
 -2.25586095e-01
 -2.49424132e-01
 -2.74552698e-01
 -3.00647342e-01
 -3.27319761e-01
 -3.54127302e-01
 -3.80607373e-01
 -4.06351018e-01
 -4.31040809e-01
 -4.54414563e-01
 -4.76219639e-01
 -4.96209915e-01
 -5.14171244e-01
 -5.29939978e-01
 -5.43402206e-01
 -5.54482864e-01
 -5.63134612e-01
 -5.69329128e-01
 -5.73050826e-01
 -5.74292130e-01
 -1.20168336e-01
 -1.20603397e-01
 -1.22513108e-01
 -1.26894360e-01
 -1.34065357e-01
 -1.43749703e-01
 -1.55632901e-01
 -1.69565904e-01
 -1.85496018e-01
 -2.03383024e-01
 -2.23160097e-01
 -2.44717332e-01
 -2.67892477e-01
 -2.92465006e-01
 -3.18153554e-01
 -3.44618209e-01
 -3.71469610e-01
 -3.98286588e-01
 -4.24647294e-01
 -4.50167958e-01
 -4.74522847e-01
 -4.97435509e-01
 -5.18663866e-01
 -5.37998703e-01
 -5.55271678e-01
 -5.70360199e-01
 -5.83184145e-01
 -5.93697359e-01
 -6.01877830e-01
 -6.07718803e-01
 -6.11221241e-01
 -6.12388234e-01
 -1.44961767e-01
 -1.47246896e-01
 -1.53337002e-01
 -1.61784830e-01
 -1.71733120e-01
 -1.83117366e-01
 -1.96176894e-01
 -2.11105094e-01
 -2.27975468e-01
 -2.46767563e-01
 -2.67393479e-01
 -2.89709091e-01
 -3.13516130e-01
 -3.38561769e-01
 -3.64540009e-01
 -3.91097539e-01
 -4.17845646e-01
 -4.44379097e-01
 -4.70301214e-01
 -4.95248917e-01
 -5.18907355e-01
 -5.41011532e-01
 -5.61343065e-01
 -5.79729355e-01
 -5.96044405e-01
 -6.10207122e-01
 -6.22175370e-01
 -6.31936952e-01
 -6.39499518e-01
 -6.44880749e-01
 -6.48099911e-01
 -6.49171233e-01
 -2.03436344e-01
 -2.03922824e-01
 -2.05921348e-01
 -2.10424556e-01
 -2.17941650e-01
 -2.28365395e-01
 -2.41368517e-01
 -2.56676722e-01
 -2.74100772e-01
 -2.93484167e-01
 -3.14660534e-01
 -3.37431823e-01
 -3.61558067e-01
 -3.86753716e-01
 -4.12689613e-01
 -4.39000669e-01
 -4.65299138e-01
 -4.91192778e-01
 -5.16305691e-01
 -5.40297428e-01
 -5.62875642e-01
 -5.83801265e-01
 -6.02889139e-01
 -6.20006918e-01
 -6.35072374e-01
 -6.48048040e-01
 -6.58932900e-01
 -6.67752021e-01
 -6.74545382e-01
 -6.79357180e-01
 -6.82226427e-01
 -6.83179708e-01
 -2.44391771e-01
 -2.45860552e-01
 -2.50041663e-01
 -2.56550921e-01
 -2.65246790e-01
 -2.76213157e-01
 -2.89521973e-01
 -3.05119015e-01
 -3.22853029e-01
 -3.42529193e-01
 -3.63930265e-01
 -3.86813094e-01
 -4.10900126e-01
 -4.35875932e-01
 -4.61390656e-01
 -4.87069471e-01
 -5.12526737e-01
 -5.37383302e-01
 -5.61284688e-01
 -5.83917148e-01
 -6.05018970e-01
 -6.24386294e-01
 -6.41874409e-01
 -6.57395698e-01
 -6.70914661e-01
 -6.82440042e-01
 -6.92014512e-01
 -6.99702727e-01
 -7.05578939e-01
 -7.09715130e-01
 -7.12170759e-01
 -7.12984788e-01
 -2.95066916e-01
 -2.96249357e-01
 -2.99845495e-01
 -3.05948594e-01
 -3.14607228e-01
 -3.25783001e-01
 -3.39357180e-01
 -3.55161832e-01
 -3.73007270e-01
 -3.92688242e-01
 -4.13974716e-01
 -4.36601504e-01
 -4.60264394e-01
 -4.84623426e-01
 -5.09311549e-01
 -5.33947120e-01
 -5.58149104e-01
 -5.81553754e-01
 -6.03830998e-01
 -6.24698458e-01
 -6.43931370e-01
 -6.61367714e-01
 -6.76908771e-01
 -6.90515702e-01
 -7.02202625e-01
 -7.12026734e-01
 -7.20076132e-01
 -7.26456397e-01
 -7.31276899e-01
 -7.34638007e-01
 -7.36620020e-01
 -7.37274731e-01
 -3.44090733e-01
 -3.45228534e-01
 -3.48829297e-01
 -3.55189448e-01
 -3.64324034e-01
 -3.75963578e-01
 -3.89801441e-01
 -4.05628648e-01
 -4.23297948e-01
 -4.42646868e-01
 -4.63457100e-01
 -4.85449976e-01
 -5.08297748e-01
 -5.31638499e-01
 -5.55091231e-01
 -5.78271180e-01
 -6.00805683e-01
 -6.22350149e-01
 -6.42602965e-01
 -6.61317789e-01
 -6.78311927e-01
 -6.93470140e-01
 -7.06743832e-01
 -7.18146007e-01
 -7.27742537e-01
 -7.35640455e-01
 -7.41974170e-01
 -7.46890627e-01
 -7.50534508e-01
 -7.53034477e-01
 -7.54491487e-01
 -7.54969807e-01
 -3.86530208e-01
 -3.88866699e-01
 -3.95185050e-01
 -4.04093235e-01
 -4.14626309e-01
 -4.26577191e-01
 -4.40116001e-01
 -4.55398011e-01
 -4.72423715e-01
 -4.91046742e-01
 -5.11015834e-01
 -5.32011378e-01
 -5.53671651e-01
 -5.75612044e-01
 -5.97441089e-01
 -6.18775702e-01
 -6.39256469e-01
 -6.58562586e-01
 -6.76425323e-01
 -6.92638678e-01
 -7.07066116e-01
 -7.19642747e-01
 -7.30372872e-01
 -7.39323209e-01
 -7.46612408e-01
 -7.52397693e-01
 -7.56859599e-01
 -7.60185914e-01
 -7.62555883e-01
 -7.64125764e-01
 -7.65016563e-01
 -7.65304777e-01
 -4.58666319e-01
 -4.58702873e-01
 -4.59512085e-01
 -4.62453098e-01
 -4.68370562e-01
 -4.77320584e-01
 -4.88979521e-01
 -5.02971478e-01
 -5.18939268e-01
 -5.36524860e-01
 -5.55355528e-01
 -5.75042955e-01
 -5.95187788e-01
 -6.15387411e-01
 -6.35246642e-01
 -6.54390681e-01
 -6.72479194e-01
 -6.89220152e-01
 -7.04381972e-01
 -7.17802642e-01
 -7.29394780e-01
 -7.39146105e-01
 -7.47115237e-01
 -7.53423183e-01
 -7.58241206e-01
 -7.61775947e-01
 -7.64252886e-01
 -7.65899231e-01
 -7.66927357e-01
 -7.67519754e-01
 -7.67816426e-01
 -7.67905321e-01
 -4.98026675e-01
 -4.99231821e-01
 -5.02501238e-01
 -5.07344735e-01
 -5.13828187e-01
 -5.22391428e-01
 -5.33289228e-01
 -5.46406689e-01
 -5.61402687e-01
 -5.77865288e-01
 -5.95375286e-01
 -6.13516978e-01
 -6.31878107e-01
 -6.50053864e-01
 -6.67656243e-01
 -6.84326722e-01
 -6.99750134e-01
 -7.13667930e-01
 -7.25889296e-01
 -7.36298880e-01
 -7.44860259e-01
 -7.51614691e-01
 -7.56675187e-01
 -7.60216347e-01
 -7.62460678e-01
 -7.63662397e-01
 -7.64089786e-01
 -7.64007248e-01
 -7.63658124e-01
 -7.63249270e-01
 -7.62938166e-01
 -7.62823298e-01
 -5.40646136e-01
 -5.40844989e-01
 -5.42089922e-01
 -5.45568527e-01
 -5.51857068e-01
 -5.60762710e-01
 -5.71828124e-01
 -5.84651481e-01
 -5.98897411e-01
 -6.14232811e-01
 -6.30298798e-01
 -6.46712981e-01
 -6.63081945e-01
 -6.79016095e-01
 -6.94145255e-01
 -7.08134399e-01
 -7.20698699e-01
 -7.31616788e-01
 -7.40741131e-01
 -7.48004506e-01
 -7.53421949e-01
 -7.57087858e-01
 -7.59168430e-01
 -7.59889937e-01
 -7.59523682e-01
 -7.58368639e-01
 -7.56732918e-01
 -7.54915172e-01
 -7.53187016e-01
 -7.51777357e-01
 -7.50859468e-01
 -7.50541288e-01
 -5.55086681e-01
 -5.57470159e-01
 -5.63855214e-01
 -5.72656615e-01
 -5.82674913e-01
 -5.93500137e-01
 -6.05160411e-01
 -6.17725222e-01
 -6.31144480e-01
 -6.45236431e-01
 -6.59721317e-01
 -6.74259742e-01
 -6.88485190e-01
 -7.02030179e-01
 -7.14548008e-01
 -7.25731591e-01
 -7.35329720e-01
 -7.43160390e-01
 -7.49120460e-01
 -7.53190957e-01
 -7.55437556e-01
 -7.56006138e-01
 -7.55113691e-01
 -7.53035191e-01
 -7.50087344e-01
 -7.46610284e-01
 -7.42948333e-01
 -7.39430970e-01
 -7.36354999e-01
 -7.33968832e-01
 -7.32459542e-01
 -7.31943315e-01
 -5.93403018e-01
 -5.94927285e-01
 -5.99250889e-01
 -6.05825259e-01
 -6.14115343e-01
 -6.23729738e-01
 -6.34408497e-01
 -6.45955916e-01
 -6.58170988e-01
 -6.70808461e-01
 -6.83572052e-01
 -6.96126956e-01
 -7.08120435e-01
 -7.19204166e-01
 -7.29055558e-01
 -7.37396940e-01
 -7.44011946e-01
 -7.48758450e-01
 -7.51577364e-01
 -7.52496733e-01
 -7.51630816e-01
 -7.49174181e-01
 -7.45391209e-01
 -7.40601734e-01
 -7.35163767e-01
 -7.29454418e-01
 -7.23850162e-01
 -7.18707529e-01
 -7.14345227e-01
 -7.11028462e-01
 -7.08956159e-01
 -7.08251493e-01
 -6.35334324e-01
 -6.35210499e-01
 -6.35624656e-01
 -6.37981574e-01
 -6.42932119e-01
 -6.50210382e-01
 -6.59193211e-01
 -6.69296597e-01
 -6.80060190e-01
 -6.91101077e-01
 -7.02062587e-01
 -7.12591333e-01
 -7.22337547e-01
 -7.30967773e-01
 -7.38182177e-01
 -7.43732114e-01
 -7.47435622e-01
 -7.49189488e-01
 -7.48976993e-01
 -7.46870758e-01
 -7.43030479e-01
 -7.37695663e-01
 -7.31173888e-01
 -7.23825365e-01
 -7.16044820e-01
 -7.08241826e-01
 -7.00820724e-01
 -6.94161209e-01
 -6.88600491e-01
 -6.84417840e-01
 -6.81822047e-01
 -6.80942219e-01
 -6.48458963e-01
 -6.49882376e-01
 -6.53508036e-01
 -6.58335301e-01
 -6.64085203e-01
 -6.70929501e-01
 -6.78888866e-01
 -6.87717344e-01
 -6.97044607e-01
 -7.06481755e-01
 -7.15651662e-01
 -7.24190942e-01
 -7.31752876e-01
 -7.38017511e-01
 -7.42706460e-01
 -7.45598801e-01
 -7.46545363e-01
 -7.45479672e-01
 -7.42424551e-01
 -7.37493734e-01
 -7.30888314e-01
 -7.22888259e-01
 -7.13839572e-01
 -7.04137953e-01
 -6.94209999e-01
 -6.84493099e-01
 -6.75415183e-01
 -6.67375309e-01
 -6.60726021e-01
 -6.55758074e-01
 -6.52688141e-01
 -6.51649792e-01
 -6.69866821e-01
 -6.70334429e-01
 -6.72094949e-01
 -6.75559886e-01
 -6.80586490e-01
 -6.86802869e-01
 -6.93906305e-01
 -7.01617717e-01
 -7.09612934e-01
 -7.17531037e-01
 -7.25002152e-01
 -7.31665519e-01
 -7.37181437e-01
 -7.41243769e-01
 -7.43594419e-01
 -7.44038304e-01
 -7.42456540e-01
 -7.38816246e-01
 -7.33176043e-01
 -7.25686490e-01
 -7.16585364e-01
 -7.06188102e-01
 -6.94873993e-01
 -6.83069153e-01
 -6.71227138e-01
 -6.59808575e-01
 -6.49260816e-01
 -6.39998634e-01
 -6.32386779e-01
 -6.26725075e-01
 -6.23236413e-01
 -6.22058075e-01
 -6.81551216e-01
 -6.82408824e-01
 -6.84772664e-01
 -6.88362098e-01
 -6.93047511e-01
 -6.98661591e-01
 -7.04956689e-01
 -7.11654212e-01
 -7.18444338e-01
 -7.24983881e-01
 -7.30914088e-01
 -7.35881860e-01
 -7.39556919e-01
 -7.41646959e-01
 -7.41912660e-01
 -7.40182279e-01
 -7.36363980e-01
 -7.30454523e-01
 -7.22543856e-01
 -7.12814459e-01
 -7.01535595e-01
 -6.89052874e-01
 -6.75773527e-01
 -6.62149025e-01
 -6.48655072e-01
 -6.35771139e-01
 -6.23960154e-01
 -6.13649255e-01
 -6.05212687e-01
 -5.98957183e-01
 -5.95110401e-01
 -5.93812384e-01
 -6.91262085e-01
 -6.92032121e-01
 -6.94276772e-01
 -6.97742728e-01
 -7.02121912e-01
 -7.07194014e-01
 -7.12755445e-01
 -7.18556422e-01
 -7.24297579e-01
 -7.29643543e-01
 -7.34243122e-01
 -7.37751051e-01
 -7.39846628e-01
 -7.40250426e-01
 -7.38739670e-01
 -7.35162823e-01
 -7.29451204e-01
 -7.21626602e-01
 -7.11805257e-01
 -7.00196245e-01
 -6.87094750e-01
 -6.72871186e-01
 -6.57955232e-01
 -6.42818891e-01
 -6.27955335e-01
 -6.13858806e-01
 -6.01004332e-01
 -5.89828471e-01
 -5.80712603e-01
 -5.73968604e-01
 -5.69827437e-01
 -5.68431079e-01
 -6.98948723e-01
 -6.99633655e-01
 -7.01585244e-01
 -7.04620186e-01
 -7.08522653e-01
 -7.13054691e-01
 -7.17980244e-01
 -7.23036793e-01
 -7.27920574e-01
 -7.32296772e-01
 -7.35818351e-01
 -7.38146540e-01
 -7.38969006e-01
 -7.38017303e-01
 -7.35082266e-01
 -7.30028792e-01
 -7.22806922e-01
 -7.13458319e-01
 -7.02120073e-01
 -6.89022242e-01
 -6.74480124e-01
 -6.58883644e-01
 -6.42679326e-01
 -6.26355255e-01
 -6.10417540e-01
 -5.95371454e-01
 -5.81701112e-01
 -5.69849760e-01
 -5.60203976e-01
 -5.53079311e-01
 -5.48709074e-01
 -5.47236267e-01
 -7.04209647e-01
 -7.04774625e-01
 -7.06472842e-01
 -7.09181137e-01
 -7.12694185e-01
 -7.16791124e-01
 -7.21228588e-01
 -7.25728582e-01
 -7.29977826e-01
 -7.33639305e-01
 -7.36368068e-01
 -7.37830301e-01
 -7.37719995e-01
 -7.35777134e-01
 -7.31802596e-01
 -7.25673453e-01
 -7.17353524e-01
 -7.06898850e-01
 -6.94461602e-01
 -6.80287052e-01
 -6.64704639e-01
 -6.48118624e-01
 -6.30986783e-01
 -6.13809168e-01
 -5.97100448e-01
 -5.81373571e-01
 -5.67119076e-01
 -5.54784460e-01
 -5.44759757e-01
 -5.37363002e-01
 -5.32829038e-01
 -5.31301622e-01
 -7.07182953e-01
 -7.07731247e-01
 -7.09278507e-01
 -7.11756337e-01
 -7.15015022e-01
 -7.18837839e-01
 -7.22972796e-01
 -7.27130270e-01
 -7.30990356e-01
 -7.34214330e-01
 -7.36458388e-01
 -7.37391883e-01
 -7.36712716e-01
 -7.34166184e-01
 -7.29559300e-01
 -7.22776616e-01
 -7.13790410e-01
 -7.02665393e-01
 -6.89562851e-01
 -6.74737324e-01
 -6.58526519e-01
 -6.41343657e-01
 -6.23652662e-01
 -6.05961245e-01
 -5.88788733e-01
 -5.72652608e-01
 -5.58047384e-01
 -5.45422685e-01
 -5.35170641e-01
 -5.27610535e-01
 -5.22978174e-01
 -5.21417881e-01
 -7.08134000e-01
 -7.08648557e-01
 -7.10161378e-01
 -7.12580801e-01
 -7.15757061e-01
 -7.19486809e-01
 -7.23519119e-01
 -7.27560971e-01
 -7.31289925e-01
 -7.34366641e-01
 -7.36447632e-01
 -7.37203375e-01
 -7.36333070e-01
 -7.33583843e-01
 -7.28764757e-01
 -7.21762897e-01
 -7.12553387e-01
 -7.01203839e-01
 -6.87878580e-01
 -6.72835278e-01
 -6.56414333e-01
 -6.39032052e-01
 -6.21154252e-01
 -6.03291337e-01
 -5.85964057e-01
 -5.69691414e-01
 -5.54969272e-01
 -5.42247887e-01
 -5.31920067e-01
 -5.24305557e-01
 -5.19640321e-01
 -5.18069000e-01
