 3.03620000e+00
 3.03385993e+00
 3.02726536e+00
 3.01754289e+00
 3.00612803e+00
 2.99416165e+00
 2.98208689e+00
 2.96993713e+00
 2.95836640e+00
 2.94948713e+00
 2.94609700e+00
 3.03191005e+00
 3.02962403e+00
 3.02314525e+00
 3.01365428e+00
 3.00252817e+00
 2.99087178e+00
 2.97890759e+00
 2.96664235e+00
 2.95674422e+00
 2.95931154e+00
 2.96892474e+00
 3.02050976e+00
 3.01835419e+00
 3.01230346e+00
 3.00352314e+00
 2.99334391e+00
 2.98263081e+00
 2.97112149e+00
 2.95794768e+00
 2.94604680e+00
 2.94729836e+00
 2.95459120e+00
 3.00600332e+00
 3.00410360e+00
 2.99886937e+00
 2.99140306e+00
 2.98295866e+00
 2.97407177e+00
 2.96398472e+00
 2.95017399e+00
 2.92757577e+00
 2.89218057e+00
 2.86968078e+00
 2.99368516e+00
 2.99221384e+00
 2.98821651e+00
 2.98277068e+00
 2.97695094e+00
 2.97112229e+00
 2.96455361e+00
 2.95631655e+00
 2.94849766e+00
 2.94836516e+00
 2.95224546e+00
 2.98789767e+00
 2.98697706e+00
 2.98461611e+00
 2.98176621e+00
 2.97934210e+00
 2.97750709e+00
 2.97567484e+00
 2.97351794e+00
 2.97141062e+00
 2.96843881e+00
 2.96600991e+00
 2.98997210e+00
 2.98966568e+00
 2.98908376e+00
 2.98905408e+00
 2.99030487e+00
 2.99260856e+00
 2.99483139e+00
 2.99652737e+00
 2.99776102e+00
 2.99940752e+00
 3.00078059e+00
 2.99782956e+00
 2.99805398e+00
 2.99907233e+00
 3.00159019e+00
 3.00626823e+00
 3.01254781e+00
 3.01713141e+00
 3.02065369e+00
 3.02282538e+00
 3.02279498e+00
 3.02205872e+00
 3.00741686e+00
 3.00784141e+00
 3.01002076e+00
 3.01467282e+00
 3.02155761e+00
 3.03281394e+00
 3.03683409e+00
 3.04092531e+00
 3.04402027e+00
 3.04445501e+00
 3.04388996e+00
 3.01481226e+00
 3.01461373e+00
 3.01743158e+00
 3.02484271e+00
 3.03074961e+00
 3.04949343e+00
 3.04897030e+00
 3.05404434e+00
 3.05814839e+00
 3.06406259e+00
 3.06639958e+00
 3.01754600e+00
 3.01663929e+00
 3.01961826e+00
 3.02909353e+00
 3.03310024e+00
 3.05660733e+00
 3.05251232e+00
 3.05868512e+00
 3.06190314e+00
 3.07030127e+00
 3.07590300e+00
