 -5.60976000e-01
 -5.93725237e-01
 -6.87869389e-01
 -8.31374062e-01
 -1.00546869e+00
 -1.18756822e+00
 -1.35591173e+00
 -1.49446165e+00
 -1.59588925e+00
 -1.66118826e+00
 -1.69622169e+00
 -1.70706200e+00
 -6.17202089e-01
 -6.54616497e-01
 -7.52454653e-01
 -8.93876039e-01
 -1.06347340e+00
 -1.23973685e+00
 -1.40136599e+00
 -1.53307637e+00
 -1.62861153e+00
 -1.69049934e+00
 -1.72725184e+00
 -1.74171281e+00
 -8.12651194e-01
 -8.47787777e-01
 -9.38133742e-01
 -1.06812961e+00
 -1.22295770e+00
 -1.38084530e+00
 -1.52165838e+00
 -1.63244282e+00
 -1.70979775e+00
 -1.75891288e+00
 -1.78933746e+00
 -1.80150738e+00
 -1.12360486e+00
 -1.13999093e+00
 -1.20350833e+00
 -1.31215874e+00
 -1.44087601e+00
 -1.56636315e+00
 -1.67120189e+00
 -1.74642285e+00
 -1.79270597e+00
 -1.81650510e+00
 -1.82335892e+00
 -1.82258460e+00
 -1.36275317e+00
 -1.39646450e+00
 -1.47225604e+00
 -1.56161432e+00
 -1.65249089e+00
 -1.73137904e+00
 -1.78597744e+00
 -1.81214673e+00
 -1.81581075e+00
 -1.80988818e+00
 -1.80689779e+00
 -1.80759257e+00
 -1.69566001e+00
 -1.69694052e+00
 -1.71391536e+00
 -1.75075867e+00
 -1.78948927e+00
 -1.81149380e+00
 -1.80670545e+00
 -1.77558352e+00
 -1.72768088e+00
 -1.67695359e+00
 -1.63725127e+00
 -1.62170214e+00
 -1.78769456e+00
 -1.79539956e+00
 -1.80886846e+00
 -1.81549328e+00
 -1.80575375e+00
 -1.77061334e+00
 -1.70680211e+00
 -1.62014074e+00
 -1.52450185e+00
 -1.43706592e+00
 -1.37463119e+00
 -1.35167638e+00
 -1.79039958e+00
 -1.78931159e+00
 -1.78203324e+00
 -1.75691307e+00
 -1.70397986e+00
 -1.61939523e+00
 -1.50622866e+00
 -1.37460300e+00
 -1.24303122e+00
 -1.13331127e+00
 -1.06267029e+00
 -1.03901759e+00
 -1.71588984e+00
 -1.70696333e+00
 -1.67624361e+00
 -1.61868024e+00
 -1.53023794e+00
 -1.40797416e+00
 -1.26109462e+00
 -1.09834807e+00
 -9.40498390e-01
 -8.14292130e-01
 -7.32235663e-01
 -7.02305244e-01
 -1.60297034e+00
 -1.58607098e+00
 -1.53935413e+00
 -1.45738553e+00
 -1.34922492e+00
 -1.19967710e+00
 -1.03759973e+00
 -8.57011917e-01
 -6.78119426e-01
 -5.43040604e-01
 -4.71742316e-01
 -4.52832935e-01
 -1.48038925e+00
 -1.47495820e+00
 -1.43553556e+00
 -1.32775211e+00
 -1.22097912e+00
 -1.04787149e+00
 -8.87473384e-01
 -6.98570203e-01
 -5.02351603e-01
 -3.52785106e-01
 -2.76910760e-01
 -2.58917801e-01
 -1.42582300e+00
 -1.43364837e+00
 -1.40144294e+00
 -1.27594440e+00
 -1.17696268e+00
 -9.91406793e-01
 -8.35846343e-01
 -6.44237912e-01
 -4.41150766e-01
 -2.83391917e-01
 -2.01467882e-01
 -1.79139000e-01
