 2.93674600e+00
 2.94037025e+00
 2.94645943e+00
 2.95662331e+00
 2.97381265e+00
 2.95635130e+00
 3.07396181e+00
 3.13290948e+00
 3.19813900e+00
 3.23809696e+00
 3.24800200e+00
 2.92533132e+00
 2.93264723e+00
 2.94247654e+00
 2.95461545e+00
 2.96832657e+00
 2.96602222e+00
 3.06423546e+00
 3.12931114e+00
 3.19267930e+00
 3.23419039e+00
 3.24566988e+00
 2.91419121e+00
 2.92182158e+00
 2.93545084e+00
 2.94902797e+00
 2.96135075e+00
 2.98009434e+00
 3.04833714e+00
 3.11750009e+00
 3.18177506e+00
 3.22883674e+00
 3.24542990e+00
 2.92770531e+00
 2.92915102e+00
 2.93535898e+00
 2.94623257e+00
 2.96075596e+00
 2.98720903e+00
 3.03874604e+00
 3.10277257e+00
 3.16691565e+00
 3.21867286e+00
 3.23983657e+00
 2.93065511e+00
 2.93284935e+00
 2.93934269e+00
 2.94996521e+00
 2.96594274e+00
 2.99288018e+00
 3.03641775e+00
 3.09155548e+00
 3.14377733e+00
 3.17742238e+00
 3.18786510e+00
 2.93480997e+00
 2.93836076e+00
 2.94665664e+00
 2.95804350e+00
 2.97463295e+00
 3.00085234e+00
 3.04057375e+00
 3.09060251e+00
 3.13903244e+00
 3.17184985e+00
 3.18267497e+00
 2.95258615e+00
 2.95241441e+00
 2.95577143e+00
 2.96595331e+00
 2.98277515e+00
 3.00842956e+00
 3.04687772e+00
 3.09574023e+00
 3.14615513e+00
 3.18812017e+00
 3.20615908e+00
 2.93893968e+00
 2.94363325e+00
 2.95459720e+00
 2.96921724e+00
 2.98732482e+00
 3.01094487e+00
 3.04957097e+00
 3.09825788e+00
 3.14199473e+00
 3.16583575e+00
 3.17033928e+00
 2.93589990e+00
 2.94084646e+00
 2.95299739e+00
 2.96985033e+00
 2.99025236e+00
 3.00578128e+00
 3.04713714e+00
 3.10010583e+00
 3.14765586e+00
 3.18410978e+00
 3.20060538e+00
 2.93608613e+00
 2.94173585e+00
 2.95321916e+00
 2.96802584e+00
 2.99593751e+00
 2.99439148e+00
 3.04308978e+00
 3.10071428e+00
 3.15088864e+00
 3.18037774e+00
 3.19225038e+00
 2.93546900e+00
 2.94200387e+00
 2.95396615e+00
 2.96587784e+00
 3.00027557e+00
 2.98741267e+00
 3.04163259e+00
 3.10043506e+00
 3.15259237e+00
 3.17349734e+00
 3.17426000e+00
