 5.54973000e-01
 5.46783124e-01
 5.26806156e-01
 5.06224352e-01
 4.95370227e-01
 4.92450381e-01
 4.74611067e-01
 4.26193583e-01
 4.01575853e-01
 3.57018371e-01
 3.45425050e-01
 2.99591604e-01
 2.64880593e-01
 2.14342227e-01
 1.71173405e-01
 1.22018630e-01
 6.79132310e-02
 5.04968461e-02
 7.09171511e-02
 2.73314933e-03
 -8.55718928e-03
 -6.14967356e-02
 -6.26704774e-02
 -1.11788572e-01
 -1.00002561e-01
 -1.21943942e-01
 -1.36299022e-01
 -1.55081871e-01
 -1.68354929e-01
 -1.73300953e-01
 -1.73295750e-01
 -1.72678000e-01
 5.43699404e-01
 5.38587919e-01
 5.22427612e-01
 5.03893727e-01
 4.92259397e-01
 4.87326095e-01
 4.68506405e-01
 4.23367974e-01
 3.96756689e-01
 3.54477097e-01
 3.39898547e-01
 2.95845742e-01
 2.60161252e-01
 2.10722098e-01
 1.67230226e-01
 1.18627397e-01
 6.59252645e-02
 4.84377324e-02
 6.40319597e-02
 1.12230128e-03
 -1.35687389e-02
 -6.25083526e-02
 -6.77035634e-02
 -1.11813149e-01
 -1.04753157e-01
 -1.24504564e-01
 -1.39632525e-01
 -1.57096571e-01
 -1.69840298e-01
 -1.74516074e-01
 -1.75445521e-01
 -1.75007993e-01
 5.16119155e-01
 5.14808943e-01
 5.07389840e-01
 4.94569925e-01
 4.82162855e-01
 4.72506587e-01
 4.51781937e-01
 4.13513491e-01
 3.83303384e-01
 3.45624688e-01
 3.24468791e-01
 2.84145136e-01
 2.46565895e-01
 1.99647375e-01
 1.55703765e-01
 1.08551040e-01
 5.96699139e-02
 4.13816697e-02
 4.56030811e-02
 -5.26330511e-03
 -2.69272737e-02
 -6.72261022e-02
 -8.06357909e-02
 -1.14263283e-01
 -1.16930047e-01
 -1.32821418e-01
 -1.48636403e-01
 -1.63524562e-01
 -1.74700617e-01
 -1.79471056e-01
 -1.81614466e-01
 -1.81878044e-01
 4.86992439e-01
 4.87100677e-01
 4.84608957e-01
 4.76429468e-01
 4.63865212e-01
 4.49432036e-01
 4.27167685e-01
 3.94657666e-01
 3.62625798e-01
 3.28440239e-01
 3.01226024e-01
 2.63932488e-01
 2.25183529e-01
 1.80905258e-01
 1.37215357e-01
 9.21202724e-02
 4.82629952e-02
 2.78399650e-02
 2.01162597e-02
 -1.89418376e-02
 -4.56963455e-02
 -7.82889437e-02
 -9.78701945e-02
 -1.22848888e-01
 -1.33246743e-01
 -1.47041178e-01
 -1.61934402e-01
 -1.74600912e-01
 -1.84042316e-01
 -1.89270318e-01
 -1.92135988e-01
 -1.92931894e-01
 4.68249507e-01
 4.66777275e-01
 4.61584424e-01
 4.51682721e-01
 4.37272873e-01
 4.19311703e-01
 3.96018001e-01
 3.66644094e-01
 3.34884874e-01
 3.02270078e-01
 2.71386845e-01
 2.35565181e-01
 1.96860441e-01
 1.54824692e-01
 1.12348989e-01
 6.97885684e-02
 3.06318921e-02
 7.36008839e-03
 -9.13178173e-03
 -4.04033144e-02
 -6.83978218e-02
 -9.62219827e-02
 -1.17951057e-01
 -1.38412512e-01
 -1.52406192e-01
 -1.65718624e-01
 -1.78927299e-01
 -1.89917762e-01
 -1.98150262e-01
 -2.03498409e-01
 -2.06600845e-01
 -2.07587529e-01
 4.51800584e-01
 4.47428604e-01
 4.36067882e-01
 4.20736377e-01
 4.02865250e-01
 3.82412531e-01
 3.58433437e-01
 3.30484993e-01
 2.99756464e-01
 2.67777069e-01
 2.35311273e-01
 2.00100676e-01
 1.62240386e-01
 1.22212429e-01
 8.16695552e-02
 4.19325913e-02
 6.32685712e-03
 -1.93257732e-02
 -4.08829333e-02
 -6.80711273e-02
 -9.47838238e-02
 -1.19718959e-01
 -1.41022289e-01
 -1.59433187e-01
 -1.74260414e-01
 -1.87265094e-01
 -1.98987007e-01
 -2.08655487e-01
 -2.16007270e-01
 -2.21078890e-01
 -2.24071355e-01
 -2.25054871e-01
 4.02512118e-01
 3.99451382e-01
 3.90496470e-01
 3.76555917e-01
 3.58855158e-01
 3.38067058e-01
 3.14177464e-01
 2.87139877e-01
 2.57468777e-01
 2.26057451e-01
 1.93329696e-01
 1.58695258e-01
 1.22085129e-01
 8.40690024e-02
 4.58555146e-02
 8.95846678e-03
 -2.41130258e-02
 -5.09895842e-02
 -7.48163689e-02
 -9.98617646e-02
 -1.24460210e-01
 -1.47124525e-01
 -1.66986588e-01
 -1.84013395e-01
 -1.98354725e-01
 -2.10634204e-01
 -2.21122158e-01
 -2.29659386e-01
 -2.36186822e-01
 -2.40758945e-01
 -2.43466594e-01
 -2.44361936e-01
 3.39715349e-01
 3.37664891e-01
 3.31423157e-01
 3.20752476e-01
 3.05588036e-01
 2.86294292e-01
 2.63415135e-01
 2.37434028e-01
 2.08863329e-01
 1.78296151e-01
 1.46136147e-01
 1.12439013e-01
 7.73648981e-02
 4.14761021e-02
 5.76913056e-03
 -2.84180528e-02
 -5.94266966e-02
 -8.63117481e-02
 -1.10561020e-01
 -1.34041275e-01
 -1.56448744e-01
 -1.76936665e-01
 -1.94995644e-01
 -2.10540073e-01
 -2.23747115e-01
 -2.34905422e-01
 -2.44186039e-01
 -2.51635427e-01
 -2.57306005e-01
 -2.61275814e-01
 -2.63622297e-01
 -2.64398173e-01
 2.75942548e-01
 2.74559342e-01
 2.69795661e-01
 2.60633383e-01
 2.46791466e-01
 2.28739650e-01
 2.07113862e-01
 1.82431021e-01
 1.55158677e-01
 1.25793210e-01
 9.47841123e-02
 6.24707349e-02
 2.92214968e-02
 -4.38512835e-03
 -3.75007713e-02
 -6.90683582e-02
 -9.80286555e-02
 -1.23926352e-01
 -1.47383470e-01
 -1.69209493e-01
 -1.89437268e-01
 -2.07707196e-01
 -2.23760709e-01
 -2.37564900e-01
 -2.49251949e-01
 -2.59006967e-01
 -2.66983750e-01
 -2.73299580e-01
 -2.78062677e-01
 -2.81375899e-01
 -2.83325668e-01
 -2.83968902e-01
 2.25340238e-01
 2.21858402e-01
 2.12561508e-01
 1.99664552e-01
 1.84472276e-01
 1.66967264e-01
 1.46709934e-01
 1.23577336e-01
 9.78505762e-02
 7.00173182e-02
 4.05976774e-02
 1.00762198e-02
 -2.10536431e-02
 -5.22006382e-02
 -8.26362044e-02
 -1.11551450e-01
 -1.38239784e-01
 -1.62396281e-01
 -1.84228619e-01
 -2.04077637e-01
 -2.22029897e-01
 -2.37983731e-01
 -2.51859378e-01
 -2.63688640e-01
 -2.73596482e-01
 -2.81746105e-01
 -2.88299774e-01
 -2.93408182e-01
 -2.97210083e-01
 -2.99827551e-01
 -3.01356737e-01
 -3.01859405e-01
 1.31145407e-01
 1.30835627e-01
 1.29193474e-01
 1.24599425e-01
 1.15664843e-01
 1.02001298e-01
 8.40877597e-02
 6.27213576e-02
 3.86688537e-02
 1.25946527e-02
 -1.49117545e-02
 -4.33027637e-02
 -7.20346706e-02
 -1.00526686e-01
 -1.28149002e-01
 -1.54272033e-01
 -1.78385235e-01
 -2.00235825e-01
 -2.19848502e-01
 -2.37360859e-01
 -2.52856474e-01
 -2.66357153e-01
 -2.77897493e-01
 -2.87569622e-01
 -2.95518996e-01
 -3.01918933e-01
 -3.06948727e-01
 -3.10781234e-01
 -3.13574744e-01
 -3.15464567e-01
 -3.16554738e-01
 -3.16910665e-01
 7.34763983e-02
 7.31353659e-02
 7.09981732e-02
 6.51085818e-02
 5.46653215e-02
 4.01448347e-02
 2.23590362e-02
 1.94796132e-03
 -2.05929663e-02
 -4.47890826e-02
 -7.01402269e-02
 -9.61246632e-02
 -1.22207270e-01
 -1.47841232e-01
 -1.72479507e-01
 -1.95615672e-01
 -2.16854320e-01
 -2.35975606e-01
 -2.52935912e-01
 -2.67793533e-01
 -2.80630446e-01
 -2.91531391e-01
 -3.00602515e-01
 -3.07986503e-01
 -3.13859090e-01
 -3.18414811e-01
 -3.21852077e-01
 -3.24361145e-01
 -3.26113986e-01
 -3.27255308e-01
 -3.27894534e-01
 -3.28099901e-01
 5.27763647e-02
 4.71122004e-02
 3.28225446e-02
 1.51585090e-02
 -2.58665586e-03
 -2.00631903e-02
 -3.81544039e-02
 -5.75503394e-02
 -7.84120960e-02
 -1.00527366e-01
 -1.23495594e-01
 -1.46837754e-01
 -1.70050115e-01
 -1.92631386e-01
 -2.14105780e-01
 -2.34055931e-01
 -2.52164703e-01
 -2.68246906e-01
 -2.82247300e-01
 -2.94204594e-01
 -3.04210539e-01
 -3.12389391e-01
 -3.18895148e-01
 -3.23910959e-01
 -3.27642560e-01
 -3.30307020e-01
 -3.32120503e-01
 -3.33286947e-01
 -3.33988102e-01
 -3.34374835e-01
 -3.34560196e-01
 -3.34614085e-01
 -7.28944180e-02
 -7.09342283e-02
 -6.75356462e-02
 -6.73280689e-02
 -7.27701482e-02
 -8.34384644e-02
 -9.78462447e-02
 -1.14756900e-01
 -1.33370022e-01
 -1.53111345e-01
 -1.73476440e-01
 -1.93976579e-01
 -2.14134319e-01
 -2.33495497e-01
 -2.51647937e-01
 -2.68245653e-01
 -2.83034506e-01
 -2.95869033e-01
 -3.06710501e-01
 -3.15607313e-01
 -3.22670437e-01
 -3.28055299e-01
 -3.31951247e-01
 -3.34573384e-01
 -3.36153070e-01
 -3.36926878e-01
 -3.37125293e-01
 -3.36962196e-01
 -3.36625561e-01
 -3.36269733e-01
 -3.36009222e-01
 -3.35914473e-01
 -9.54579559e-02
 -9.86914428e-02
 -1.06739268e-01
 -1.16698997e-01
 -1.27318603e-01
 -1.39022132e-01
 -1.52394365e-01
 -1.67465526e-01
 -1.83871201e-01
 -2.01126654e-01
 -2.18743773e-01
 -2.36255651e-01
 -2.53222506e-01
 -2.69241212e-01
 -2.83960010e-01
 -2.97096178e-01
 -3.08452627e-01
 -3.17927503e-01
 -3.25512242e-01
 -3.31278993e-01
 -3.35363405e-01
 -3.37948562e-01
 -3.39251815e-01
 -3.39513208e-01
 -3.38984102e-01
 -3.37915790e-01
 -3.36548653e-01
 -3.35102368e-01
 -3.33767618e-01
 -3.32699343e-01
 -3.32011750e-01
 -3.31774706e-01
 -1.66287826e-01
 -1.66122502e-01
 -1.66913623e-01
 -1.70791138e-01
 -1.78350745e-01
 -1.88744635e-01
 -2.00974460e-01
 -2.14426851e-01
 -2.28706954e-01
 -2.43440083e-01
 -2.58225789e-01
 -2.72658902e-01
 -2.86354535e-01
 -2.98966462e-01
 -3.10202703e-01
 -3.19840020e-01
 -3.27735650e-01
 -3.33833094e-01
 -3.38159825e-01
 -3.40817608e-01
 -3.41968640e-01
 -3.41820869e-01
 -3.40614143e-01
 -3.38607289e-01
 -3.36065857e-01
 -3.33250592e-01
 -3.30407000e-01
 -3.27756409e-01
 -3.25488676e-01
 -3.23756634e-01
 -3.22672015e-01
 -3.22302867e-01
 -1.90559520e-01
 -1.93920639e-01
 -2.02281998e-01
 -2.12449708e-01
 -2.22672745e-01
 -2.32955906e-01
 -2.43764249e-01
 -2.55241838e-01
 -2.67200940e-01
 -2.79307836e-01
 -2.91195206e-01
 -3.02505217e-01
 -3.12907759e-01
 -3.22114123e-01
 -3.29890455e-01
 -3.36069969e-01
 -3.40561769e-01
 -3.43354294e-01
 -3.44512370e-01
 -3.44168514e-01
 -3.42510555e-01
 -3.39767852e-01
 -3.36197565e-01
 -3.32071507e-01
 -3.27663739e-01
 -3.23239216e-01
 -3.19043912e-01
 -3.15296731e-01
 -3.12183345e-01
 -3.09851755e-01
 -3.08409407e-01
 -3.07921361e-01
 -2.71283821e-01
 -2.69505680e-01
 -2.66061167e-01
 -2.64492402e-01
 -2.66712622e-01
 -2.72403380e-01
 -2.80338145e-01
 -2.89419620e-01
 -2.98910765e-01
 -3.08321344e-01
 -3.17280908e-01
 -3.25474176e-01
 -3.32623669e-01
 -3.38494932e-01
 -3.42908288e-01
 -3.45749439e-01
 -3.46976030e-01
 -3.46619163e-01
 -3.44779531e-01
 -3.41618725e-01
 -3.37347318e-01
 -3.32211687e-01
 -3.26480871e-01
 -3.20433937e-01
 -3.14348022e-01
 -3.08487424e-01
 -3.03094321e-01
 -2.98381558e-01
 -2.94527567e-01
 -2.91673187e-01
 -2.89919817e-01
 -2.89328562e-01
 -2.66341819e-01
 -2.69237458e-01
 -2.76444308e-01
 -2.85141831e-01
 -2.93592066e-01
 -3.01506214e-01
 -3.09109877e-01
 -3.16524504e-01
 -3.23682708e-01
 -3.30404202e-01
 -3.36457604e-01
 -3.41599149e-01
 -3.45601867e-01
 -3.48278551e-01
 -3.49497743e-01
 -3.49192829e-01
 -3.47365784e-01
 -3.44086735e-01
 -3.39489122e-01
 -3.33760420e-01
 -3.27129894e-01
 -3.19855733e-01
 -3.12212946e-01
 -3.04482031e-01
 -2.96938060e-01
 -2.89840402e-01
 -2.83423940e-01
 -2.77892543e-01
 -2.73414991e-01
 -2.70122927e-01
 -2.68110251e-01
 -2.67433128e-01
 -3.09083614e-01
 -3.09768950e-01
 -3.12096550e-01
 -3.16210883e-01
 -3.21481024e-01
 -3.27022806e-01
 -3.32339049e-01
 -3.37294782e-01
 -3.41827618e-01
 -3.45802047e-01
 -3.49013128e-01
 -3.51235702e-01
 -3.52267670e-01
 -3.51957168e-01
 -3.50215281e-01
 -3.47018910e-01
 -3.42409731e-01
 -3.36492235e-01
 -3.29428747e-01
 -3.21429131e-01
 -3.12737023e-01
 -3.03616685e-01
 -2.94342511e-01
 -2.85190223e-01
 -2.76427914e-01
 -2.68306552e-01
 -2.61051283e-01
 -2.54855124e-01
 -2.49875608e-01
 -2.46233868e-01
 -2.44015169e-01
 -2.43270030e-01
 -3.47515957e-01
 -3.47633655e-01
 -3.47749794e-01
 -3.47698136e-01
 -3.47854745e-01
 -3.48653644e-01
 -3.50109707e-01
 -3.51906482e-01
 -3.53642440e-01
 -3.54944767e-01
 -3.55490979e-01
 -3.55015750e-01
 -3.53321771e-01
 -3.50288181e-01
 -3.45869127e-01
 -3.40083570e-01
 -3.33007540e-01
 -3.24773782e-01
 -3.15569615e-01
 -3.05625008e-01
 -2.95194610e-01
 -2.84542820e-01
 -2.73935741e-01
 -2.63637052e-01
 -2.53902880e-01
 -2.44973336e-01
 -2.37062906e-01
 -2.30353303e-01
 -2.24990327e-01
 -2.21084004e-01
 -2.18710523e-01
 -2.17914476e-01
 -3.74960848e-01
 -3.73415761e-01
 -3.69790209e-01
 -3.65973266e-01
 -3.63104370e-01
 -3.61354996e-01
 -3.60444048e-01
 -3.59952766e-01
 -3.59430784e-01
 -3.58455196e-01
 -3.56669238e-01
 -3.53802068e-01
 -3.49678487e-01
 -3.44222088e-01
 -3.37441690e-01
 -3.29400258e-01
 -3.20199309e-01
 -3.09990332e-01
 -2.98982493e-01
 -2.87427208e-01
 -2.75589497e-01
 -2.63728241e-01
 -2.52091797e-01
 -2.40921986e-01
 -2.30457025e-01
 -2.20925091e-01
 -2.12531468e-01
 -2.05448242e-01
 -1.99810482e-01
 -1.95717452e-01
 -1.93236109e-01
 -1.92404833e-01
 -3.62983092e-01
 -3.63783519e-01
 -3.65330626e-01
 -3.66213647e-01
 -3.65971670e-01
 -3.64978548e-01
 -3.63637658e-01
 -3.62035062e-01
 -3.60004151e-01
 -3.57268866e-01
 -3.53550685e-01
 -3.48633378e-01
 -3.42393218e-01
 -3.34820672e-01
 -3.26005121e-01
 -3.16057587e-01
 -3.05084920e-01
 -2.93241075e-01
 -2.80755961e-01
 -2.67911643e-01
 -2.54987731e-01
 -2.42232605e-01
 -2.29865690e-01
 -2.18091455e-01
 -2.07120846e-01
 -1.97171276e-01
 -1.88444393e-01
 -1.81107276e-01
 -1.75286746e-01
 -1.71072344e-01
 -1.68522230e-01
 -1.67668752e-01
 -3.68328820e-01
 -3.67745699e-01
 -3.66519302e-01
 -3.65422172e-01
 -3.64541179e-01
 -3.63493146e-01
 -3.61943144e-01
 -3.59711431e-01
 -3.56652645e-01
 -3.52576570e-01
 -3.47285550e-01
 -3.40643455e-01
 -3.32582220e-01
 -3.23171970e-01
 -3.12638376e-01
 -3.01143955e-01
 -2.88751995e-01
 -2.75595116e-01
 -2.61925444e-01
 -2.48081339e-01
 -2.34366852e-01
 -2.21013743e-01
 -2.08205676e-01
 -1.96081772e-01
 -1.84805757e-01
 -1.74590933e-01
 -1.65649085e-01
 -1.58151111e-01
 -1.52219188e-01
 -1.47934094e-01
 -1.45345467e-01
 -1.44479816e-01
 -3.59845617e-01
 -3.59967415e-01
 -3.60187400e-01
 -3.60265316e-01
 -3.59990093e-01
 -3.59097085e-01
 -3.57343587e-01
 -3.54599174e-01
 -3.50759308e-01
 -3.45631256e-01
 -3.39039850e-01
 -3.30966168e-01
 -3.21349858e-01
 -3.10310435e-01
 -2.98354958e-01
 -2.85688931e-01
 -2.72216651e-01
 -2.58037805e-01
 -2.43418285e-01
 -2.28816342e-01
 -2.14571920e-01
 -2.00876719e-01
 -1.87908986e-01
 -1.75684580e-01
 -1.64268024e-01
 -1.53894857e-01
 -1.44815774e-01
 -1.37218883e-01
 -1.31225802e-01
 -1.26907245e-01
 -1.24302724e-01
 -1.23432488e-01
 -3.49431614e-01
 -3.50182171e-01
 -3.51945578e-01
 -3.53601010e-01
 -3.54193831e-01
 -3.53384161e-01
 -3.51261110e-01
 -3.47988312e-01
 -3.43552062e-01
 -3.37603425e-01
 -3.29866297e-01
 -3.20651884e-01
 -3.09743705e-01
 -2.97148781e-01
 -2.84051242e-01
 -2.70629583e-01
 -2.56372749e-01
 -2.41438492e-01
 -2.26016066e-01
 -2.10845565e-01
 -1.96306740e-01
 -1.82437373e-01
 -1.69596353e-01
 -1.57539445e-01
 -1.46086802e-01
 -1.35604612e-01
 -1.26420223e-01
 -1.18750521e-01
 -1.12727974e-01
 -1.08405693e-01
 -1.05804857e-01
 -1.04936493e-01
 -3.49865713e-01
 -3.50106991e-01
 -3.50520823e-01
 -3.50514806e-01
 -3.49630694e-01
 -3.47651410e-01
 -3.44660632e-01
 -3.40811956e-01
 -3.36039344e-01
 -3.29548383e-01
 -3.20597862e-01
 -3.10609437e-01
 -2.98742683e-01
 -2.84427149e-01
 -2.70485832e-01
 -2.56802988e-01
 -2.41939067e-01
 -2.26542962e-01
 -2.10333994e-01
 -1.94735850e-01
 -1.80169308e-01
 -1.66096708e-01
 -1.53703949e-01
 -1.42158270e-01
 -1.30633849e-01
 -1.20053512e-01
 -1.10757718e-01
 -1.02985771e-01
 -9.69493245e-02
 -9.26613402e-02
 -9.00946727e-02
 -8.92385033e-02
 -3.52556651e-01
 -3.51936052e-01
 -3.50367101e-01
 -3.48214665e-01
 -3.45484609e-01
 -3.42007004e-01
 -3.38046678e-01
 -3.33735811e-01
 -3.28989141e-01
 -3.22445132e-01
 -3.11775198e-01
 -3.01581803e-01
 -2.89238550e-01
 -2.72703651e-01
 -2.58295514e-01
 -2.44945010e-01
 -2.29410754e-01
 -2.13980114e-01
 -1.96823187e-01
 -1.80893695e-01
 -1.66709473e-01
 -1.52044657e-01
 -1.40488713e-01
 -1.29976285e-01
 -1.17998733e-01
 -1.07436106e-01
 -9.80000129e-02
 -8.99778790e-02
 -8.39222558e-02
 -7.97377056e-02
 -7.72732963e-02
 -7.64509292e-02
 -3.52113185e-01
 -3.51184094e-01
 -3.48788458e-01
 -3.45534065e-01
 -3.41520352e-01
 -3.36633480e-01
 -3.31897208e-01
 -3.27366653e-01
 -3.22877474e-01
 -3.17177446e-01
 -3.03691871e-01
 -2.94156416e-01
 -2.81925344e-01
 -2.62441331e-01
 -2.48035079e-01
 -2.35644612e-01
 -2.19074589e-01
 -2.04236695e-01
 -1.85810635e-01
 -1.69599725e-01
 -1.56412244e-01
 -1.40365350e-01
 -1.30044100e-01
 -1.21362054e-01
 -1.07913038e-01
 -9.79263683e-02
 -8.82416011e-02
 -7.96525748e-02
 -7.35427482e-02
 -6.95648898e-02
 -6.73361911e-02
 -6.65875475e-02
 -3.48533529e-01
 -3.47625423e-01
 -3.45682826e-01
 -3.42735676e-01
 -3.38125697e-01
 -3.31985082e-01
 -3.26781672e-01
 -3.22359421e-01
 -3.17939836e-01
 -3.14245305e-01
 -2.96698559e-01
 -2.88760303e-01
 -2.77087033e-01
 -2.54197371e-01
 -2.40209947e-01
 -2.29217511e-01
 -2.11163264e-01
 -1.97549593e-01
 -1.77578783e-01
 -1.61110120e-01
 -1.49504970e-01
 -1.31287441e-01
 -1.22368032e-01
 -1.16396678e-01
 -9.99724146e-02
 -9.17059840e-02
 -8.14304016e-02
 -7.19946777e-02
 -6.57430384e-02
 -6.20402958e-02
 -6.02321258e-02
 -5.96075837e-02
 -3.44503216e-01
 -3.44362629e-01
 -3.43624789e-01
 -3.41157368e-01
 -3.35975270e-01
 -3.28770163e-01
 -3.23327686e-01
 -3.19254583e-01
 -3.14516508e-01
 -3.13280706e-01
 -2.91640006e-01
 -2.85580225e-01
 -2.74503542e-01
 -2.48732567e-01
 -2.35276004e-01
 -2.25594002e-01
 -2.06063810e-01
 -1.93794685e-01
 -1.72435040e-01
 -1.55764062e-01
 -1.45744535e-01
 -1.25370886e-01
 -1.17550307e-01
 -1.14399362e-01
 -9.43816923e-02
 -8.85902542e-02
 -7.73652718e-02
 -6.72292924e-02
 -6.07185210e-02
 -5.72531540e-02
 -5.58875926e-02
 -5.54520910e-02
 -3.42786000e-01
 -3.42952722e-01
 -3.42765034e-01
 -3.40606204e-01
 -3.35210757e-01
 -3.27603236e-01
 -3.22091891e-01
 -3.18227168e-01
 -3.13248248e-01
 -3.13174961e-01
 -2.89743459e-01
 -2.84548696e-01
 -2.73718167e-01
 -2.46802596e-01
 -2.33585053e-01
 -2.24448615e-01
 -2.04280646e-01
 -1.92610181e-01
 -1.70676498e-01
 -1.53926831e-01
 -1.44587113e-01
 -1.23295467e-01
 -1.15880957e-01
 -1.13993178e-01
 -9.22682486e-02
 -8.77430792e-02
 -7.59878142e-02
 -6.56179534e-02
 -5.89437484e-02
 -5.55876137e-02
 -5.43401514e-02
 -5.40730000e-02
