 9.61410000e-01
 9.58612156e-01
 9.53559163e-01
 9.53903900e-01
 9.64826951e-01
 9.78766783e-01
 9.75738855e-01
 1.00161797e+00
 1.04877670e+00
 1.02033585e+00
 1.09659310e+00
 1.09024085e+00
 1.12710700e+00
 1.13541180e+00
 1.15916645e+00
 1.16215603e+00
 1.15010088e+00
 1.16775818e+00
 1.17530977e+00
 1.18108782e+00
 1.14038170e+00
 1.15489839e+00
 1.15910378e+00
 1.19007930e+00
 1.15474755e+00
 1.13318880e+00
 1.11617426e+00
 1.11381843e+00
 1.11416634e+00
 1.11218372e+00
 1.10906935e+00
 1.10760300e+00
 9.64464399e-01
 9.62749694e-01
 9.58682645e-01
 9.59211366e-01
 9.68894062e-01
 9.81710708e-01
 9.81140098e-01
 1.00634644e+00
 1.04860571e+00
 1.02782217e+00
 1.09606178e+00
 1.09424617e+00
 1.12809430e+00
 1.13773711e+00
 1.15989460e+00
 1.16301397e+00
 1.15232128e+00
 1.16827315e+00
 1.17571828e+00
 1.17971399e+00
 1.14284457e+00
 1.15456888e+00
 1.15960887e+00
 1.18571665e+00
 1.15413298e+00
 1.13246472e+00
 1.11650058e+00
 1.11309089e+00
 1.11268262e+00
 1.11027049e+00
 1.10750949e+00
 1.10619358e+00
 9.73544587e-01
 9.73112441e-01
 9.71791347e-01
 9.73278421e-01
 9.80752975e-01
 9.91358844e-01
 9.96077128e-01
 1.01908279e+00
 1.05100253e+00
 1.04644754e+00
 1.09696102e+00
 1.10453713e+00
 1.13176795e+00
 1.14395754e+00
 1.16229681e+00
 1.16562155e+00
 1.15815969e+00
 1.16992339e+00
 1.17651148e+00
 1.17657402e+00
 1.14854089e+00
 1.15404852e+00
 1.15973933e+00
 1.17490910e+00
 1.15126179e+00
 1.13035493e+00
 1.11628240e+00
 1.11073151e+00
 1.10833325e+00
 1.10522910e+00
 1.10283693e+00
 1.10183622e+00
 9.88310992e-01
 9.88741770e-01
 9.89902806e-01
 9.92968580e-01
 9.99387484e-01
 1.00858555e+00
 1.01770971e+00
 1.03738301e+00
 1.06051316e+00
 1.06928133e+00
 1.10333877e+00
 1.11800766e+00
 1.13906885e+00
 1.15256421e+00
 1.16663558e+00
 1.16990384e+00
 1.16572213e+00
 1.17262367e+00
 1.17692125e+00
 1.17332673e+00
 1.15404086e+00
 1.15356167e+00
 1.15719989e+00
 1.16168492e+00
 1.14471792e+00
 1.12621584e+00
 1.11335299e+00
 1.10590509e+00
 1.10128972e+00
 1.09749476e+00
 1.09504394e+00
 1.09415608e+00
 1.00790911e+00
 1.00883499e+00
 1.01152499e+00
 1.01619379e+00
 1.02313137e+00
 1.03230341e+00
 1.04343412e+00
 1.05985768e+00
 1.07790344e+00
 1.09254604e+00
 1.11614231e+00
 1.13288740e+00
 1.14963199e+00
 1.16233444e+00
 1.17263112e+00
 1.17534197e+00
 1.17307117e+00
 1.17559369e+00
 1.17643997e+00
 1.17038665e+00
 1.15667454e+00
 1.15187250e+00
 1.15102830e+00
 1.14793183e+00
 1.13429964e+00
 1.11850457e+00
 1.10613079e+00
 1.09732219e+00
 1.09100267e+00
 1.08638181e+00
 1.08354210e+00
 1.08256904e+00
 1.03058160e+00
 1.03191809e+00
 1.03592576e+00
 1.04233295e+00
 1.05055105e+00
 1.06025937e+00
 1.07163105e+00
 1.08552155e+00
 1.10060231e+00
 1.11568125e+00
 1.13329695e+00
 1.14855390e+00
 1.16196413e+00
 1.17235264e+00
 1.17934074e+00
 1.18084471e+00
 1.17870110e+00
 1.17748911e+00
 1.17454817e+00
 1.16665693e+00
 1.15506870e+00
 1.14703111e+00
 1.14114809e+00
 1.13307042e+00
 1.12015447e+00
 1.10593005e+00
 1.09360742e+00
 1.08379470e+00
 1.07625697e+00
 1.07079741e+00
 1.06746488e+00
 1.06633886e+00
 1.05583208e+00
 1.05816614e+00
 1.06420081e+00
 1.07217973e+00
 1.08105054e+00
 1.09062063e+00
 1.10112866e+00
 1.11286393e+00
 1.12546433e+00
 1.13851108e+00
 1.15199963e+00
 1.16418870e+00
 1.17428178e+00
 1.18155750e+00
 1.18535640e+00
 1.18492410e+00
 1.18140110e+00
 1.17680916e+00
 1.17025164e+00
 1.16037530e+00
 1.14842490e+00
 1.13745589e+00
 1.12715949e+00
 1.11550165e+00
 1.10182918e+00
 1.08779032e+00
 1.07508654e+00
 1.06440104e+00
 1.05591287e+00
 1.04971492e+00
 1.04592777e+00
 1.04465173e+00
 1.09986475e+00
 1.10063794e+00
 1.10324259e+00
 1.10792397e+00
 1.11433680e+00
 1.12196374e+00
 1.13053273e+00
 1.13992173e+00
 1.14986943e+00
 1.15999368e+00
 1.16980048e+00
 1.17835655e+00
 1.18483020e+00
 1.18856550e+00
 1.18902482e+00
 1.18595440e+00
 1.18000179e+00
 1.17209618e+00
 1.16211583e+00
 1.14978855e+00
 1.13599246e+00
 1.12207880e+00
 1.10813161e+00
 1.09354141e+00
 1.07837189e+00
 1.06354546e+00
 1.05004083e+00
 1.03845969e+00
 1.02913674e+00
 1.02229798e+00
 1.01811736e+00
 1.01671019e+00
 1.13775064e+00
 1.13844942e+00
 1.14031532e+00
 1.14308229e+00
 1.14684415e+00
 1.15176405e+00
 1.15775589e+00
 1.16450188e+00
 1.17156415e+00
 1.17844678e+00
 1.18458135e+00
 1.18927971e+00
 1.19186327e+00
 1.19177517e+00
 1.18862953e+00
 1.18234201e+00
 1.17328439e+00
 1.16197016e+00
 1.14860512e+00
 1.13339337e+00
 1.11696905e+00
 1.10006583e+00
 1.08296988e+00
 1.06574775e+00
 1.04874123e+00
 1.03260063e+00
 1.01799655e+00
 1.00544622e+00
 9.95320617e-01
 9.87891561e-01
 9.83354261e-01
 9.81828317e-01
 1.17518054e+00
 1.17455488e+00
 1.17333690e+00
 1.17282075e+00
 1.17383661e+00
 1.17641788e+00
 1.18010831e+00
 1.18431310e+00
 1.18845739e+00
 1.19200328e+00
 1.19441644e+00
 1.19514596e+00
 1.19366662e+00
 1.18955202e+00
 1.18254271e+00
 1.17262208e+00
 1.16004205e+00
 1.14517728e+00
 1.12836591e+00
 1.10998989e+00
 1.09058208e+00
 1.07069174e+00
 1.05072544e+00
 1.03103483e+00
 1.01207345e+00
 9.94393290e-01
 9.78537064e-01
 9.64964646e-01
 9.54039992e-01
 9.46040124e-01
 9.41161560e-01
 9.39522271e-01
 1.18199641e+00
 1.18272229e+00
 1.18464273e+00
 1.18721666e+00
 1.18999718e+00
 1.19274115e+00
 1.19527729e+00
 1.19737532e+00
 1.19871798e+00
 1.19892789e+00
 1.19759567e+00
 1.19430530e+00
 1.18867387e+00
 1.18040628e+00
 1.16935113e+00
 1.15554425e+00
 1.13920828e+00
 1.12068564e+00
 1.10037037e+00
 1.07871033e+00
 1.05621524e+00
 1.03340204e+00
 1.01074872e+00
 9.88722346e-01
 9.67819743e-01
 9.48554785e-01
 9.31412700e-01
 9.16815138e-01
 9.05107077e-01
 8.96555057e-01
 8.91348440e-01
 8.89600346e-01
 1.19028330e+00
 1.19124819e+00
 1.19371528e+00
 1.19675620e+00
 1.19954319e+00
 1.20158658e+00
 1.20263182e+00
 1.20249763e+00
 1.20097911e+00
 1.19782007e+00
 1.19272837e+00
 1.18540922e+00
 1.17560552e+00
 1.16314160e+00
 1.14796383e+00
 1.13016682e+00
 1.10999071e+00
 1.08778766e+00
 1.06398372e+00
 1.03905903e+00
 1.01353123e+00
 9.87927685e-01
 9.62766866e-01
 9.38561209e-01
 9.15820411e-01
 8.95037327e-01
 8.76664235e-01
 8.61093915e-01
 8.48649919e-01
 8.39583371e-01
 8.34072559e-01
 8.32223858e-01
 1.20517778e+00
 1.20493498e+00
 1.20448072e+00
 1.20420109e+00
 1.20401116e+00
 1.20341456e+00
 1.20186718e+00
 1.19894354e+00
 1.19431365e+00
 1.18769439e+00
 1.17883305e+00
 1.16751504e+00
 1.15358396e+00
 1.13696732e+00
 1.11770121e+00
 1.09594494e+00
 1.07197806e+00
 1.04618017e+00
 1.01900445e+00
 9.90954508e-01
 9.62563652e-01
 9.34374946e-01
 9.06927127e-01
 8.80747102e-01
 8.56341861e-01
 8.34185358e-01
 8.14703728e-01
 7.98263828e-01
 7.85166959e-01
 7.75646558e-01
 7.69868395e-01
 7.67931373e-01
 1.20188113e+00
 1.20204208e+00
 1.20209719e+00
 1.20131533e+00
 1.19937733e+00
 1.19627662e+00
 1.19190733e+00
 1.18596924e+00
 1.17810007e+00
 1.16798458e+00
 1.15538726e+00
 1.14015302e+00
 1.12220841e+00
 1.10157030e+00
 1.07835682e+00
 1.05279319e+00
 1.02520673e+00
 9.96011401e-01
 9.65686632e-01
 9.34755643e-01
 9.03765373e-01
 8.73268792e-01
 8.43810691e-01
 8.15916245e-01
 7.90079976e-01
 7.66754359e-01
 7.46339625e-01
 7.29176682e-01
 7.15543526e-01
 7.05654526e-01
 6.99661132e-01
 6.97653393e-01
 1.19777944e+00
 1.19639521e+00
 1.19294602e+00
 1.18865900e+00
 1.18400473e+00
 1.17859973e+00
 1.17180628e+00
 1.16309892e+00
 1.15210880e+00
 1.13858283e+00
 1.12235875e+00
 1.10335797e+00
 1.08158726e+00
 1.05714429e+00
 1.03022226e+00
 1.00110970e+00
 9.70182750e-01
 9.37890466e-01
 9.04736205e-01
 8.71258147e-01
 8.38010889e-01
 8.05548910e-01
 7.74412201e-01
 7.45113743e-01
 7.18128373e-01
 6.93883229e-01
 6.72750599e-01
 6.55043752e-01
 6.41015690e-01
 6.30859959e-01
 6.24712722e-01
 6.22654715e-01
 1.15692366e+00
 1.15773285e+00
 1.15910119e+00
 1.15900682e+00
 1.15619856e+00
 1.15045873e+00
 1.14193237e+00
 1.13069393e+00
 1.11670703e+00
 1.09989843e+00
 1.08021644e+00
 1.05766594e+00
 1.03232928e+00
 1.00437707e+00
 9.74070715e-01
 9.41757527e-01
 9.07859467e-01
 8.72857439e-01
 8.37273787e-01
 8.01655044e-01
 7.66555705e-01
 7.32523124e-01
 7.00083649e-01
 6.69730308e-01
 6.41912495e-01
 6.17028202e-01
 5.95419204e-01
 5.77369272e-01
 5.63104834e-01
 5.52797333e-01
 5.46566099e-01
 5.44481321e-01
 1.14649280e+00
 1.14445116e+00
 1.13926656e+00
 1.13253548e+00
 1.12479373e+00
 1.11550969e+00
 1.10398554e+00
 1.08980327e+00
 1.07277238e+00
 1.05280752e+00
 1.02988908e+00
 1.00407142e+00
 9.75496374e-01
 9.44398430e-01
 9.11101009e-01
 8.76005452e-01
 8.39574906e-01
 8.02316290e-01
 7.64763443e-01
 7.27462624e-01
 6.90959420e-01
 6.55785767e-01
 6.22447055e-01
 5.91410381e-01
 5.63095208e-01
 5.37867160e-01
 5.16035176e-01
 4.97851636e-01
 4.83514867e-01
 4.73172940e-01
 4.66928008e-01
 4.64839801e-01
 1.09532709e+00
 1.09553061e+00
 1.09490703e+00
 1.09128101e+00
 1.08370692e+00
 1.07253726e+00
 1.05833038e+00
 1.04129728e+00
 1.02139266e+00
 9.98528026e-01
 9.72685790e-01
 9.43953212e-01
 9.12524923e-01
 8.78695798e-01
 8.42848548e-01
 8.05435605e-01
 7.66956792e-01
 7.27937676e-01
 6.88913549e-01
 6.50419514e-01
 6.12982535e-01
 5.77111494e-01
 5.43285108e-01
 5.11940317e-01
 4.83463561e-01
 4.58185930e-01
 4.36382018e-01
 4.18271877e-01
 4.04025043e-01
 3.93765748e-01
 3.87578005e-01
 3.85510184e-01
 1.07782821e+00
 1.07388425e+00
 1.06383130e+00
 1.05098809e+00
 1.03718214e+00
 1.02230032e+00
 1.00552305e+00
 9.86181967e-01
 9.63914806e-01
 9.38587642e-01
 9.10227000e-01
 8.78985664e-01
 8.45125662e-01
 8.09006986e-01
 7.71073235e-01
 7.31828374e-01
 6.91806229e-01
 6.51542647e-01
 6.11560931e-01
 5.72370781e-01
 5.34469715e-01
 4.98337192e-01
 4.64421872e-01
 4.33128458e-01
 4.04808882e-01
 3.79758651e-01
 3.58217421e-01
 3.40372507e-01
 3.26364464e-01
 3.16293492e-01
 3.10225937e-01
 3.08199355e-01
 9.85118444e-01
 9.85903970e-01
 9.86511125e-01
 9.83754980e-01
 9.75998798e-01
 9.63408011e-01
 9.46647395e-01
 9.26157502e-01
 9.02163016e-01
 8.74833621e-01
 8.44369918e-01
 8.11034929e-01
 7.75169548e-01
 7.37200855e-01
 6.97636449e-01
 6.57037265e-01
 6.15972961e-01
 5.74980658e-01
 5.34552107e-01
 4.95151055e-01
 4.57233238e-01
 4.21245263e-01
 3.87606362e-01
 3.56689816e-01
 3.28813112e-01
 3.04236148e-01
 2.83163953e-01
 2.65751898e-01
 2.52112392e-01
 2.42322467e-01
 2.36430871e-01
 2.34464221e-01
 9.49827209e-01
 9.46913308e-01
 9.39511151e-01
 9.29766707e-01
 9.18167812e-01
 9.03805819e-01
 8.85820827e-01
 8.63957885e-01
 8.38357871e-01
 8.09294780e-01
 7.77074918e-01
 7.42034414e-01
 7.04568187e-01
 6.65158530e-01
 6.24380460e-01
 5.82866714e-01
 5.41235080e-01
 5.00015415e-01
 4.59635828e-01
 4.20480489e-01
 3.82949360e-01
 3.47459978e-01
 3.14410276e-01
 2.84146591e-01
 2.56952772e-01
 2.33053022e-01
 2.12618547e-01
 1.95774273e-01
 1.82606178e-01
 1.73169348e-01
 1.67496308e-01
 1.65603601e-01
 8.75476825e-01
 8.75780943e-01
 8.75045218e-01
 8.70345047e-01
 8.60280833e-01
 8.45088273e-01
 8.25427509e-01
 8.01791132e-01
 7.74517872e-01
 7.43900944e-01
 7.10238733e-01
 6.73860542e-01
 6.35165502e-01
 5.94669815e-01
 5.53023976e-01
 5.10964927e-01
 4.69193967e-01
 4.28230281e-01
 3.88379712e-01
 3.49885038e-01
 3.13076898e-01
 2.78365044e-01
 2.46147820e-01
 2.16752934e-01
 1.90429332e-01
 1.67362925e-01
 1.47691419e-01
 1.31512234e-01
 1.18888234e-01
 1.09855364e-01
 1.04431090e-01
 1.02622449e-01
 8.50931060e-01
 8.47317118e-01
 8.37724441e-01
 8.24308903e-01
 8.08066657e-01
 7.88919301e-01
 7.66606953e-01
 7.41026368e-01
 7.12218550e-01
 6.80332589e-01
 6.45586669e-01
 6.08243566e-01
 5.68657036e-01
 5.27356805e-01
 4.85085964e-01
 4.42742232e-01
 4.01191468e-01
 3.60961439e-01
 3.22121083e-01
 2.84647901e-01
 2.48801957e-01
 2.15045978e-01
 1.83821848e-01
 1.55448819e-01
 1.30131626e-01
 1.08007274e-01
 8.91783653e-02
 7.37199633e-02
 6.16780210e-02
 5.30734658e-02
 4.79116671e-02
 4.61914187e-02
 7.95149861e-01
 7.92578420e-01
 7.84657997e-01
 7.71505824e-01
 7.54059320e-01
 7.33260830e-01
 7.09456731e-01
 6.82627500e-01
 6.52774412e-01
 6.20046706e-01
 5.84641091e-01
 5.46719388e-01
 5.06538457e-01
 4.64627481e-01
 4.21846759e-01
 3.79325404e-01
 3.38251836e-01
 2.99262167e-01
 2.61958850e-01
 2.25790746e-01
 1.91006283e-01
 1.58258013e-01
 1.28098258e-01
 1.00844653e-01
 7.66323604e-02
 5.55196582e-02
 3.75674297e-02
 2.28413486e-02
 1.13828429e-02
 3.20495536e-03
 -1.69641228e-03
 -3.32896673e-03
 7.38910987e-01
 7.35959674e-01
 7.27708447e-01
 7.15160444e-01
 6.98799883e-01
 6.78735204e-01
 6.55035451e-01
 6.27839046e-01
 5.97449726e-01
 5.64313653e-01
 5.28712417e-01
 4.90601507e-01
 4.50070880e-01
 4.07650913e-01
 3.64349724e-01
 3.21562321e-01
 2.81048683e-01
 2.43895331e-01
 2.08790058e-01
 1.74068192e-01
 1.40253527e-01
 1.08421955e-01
 7.93126058e-02
 5.32337277e-02
 3.02171841e-02
 1.01645890e-02
 -6.92728269e-03
 -2.09618776e-02
 -3.18746090e-02
 -3.96529388e-02
 -4.43100411e-02
 -4.58603592e-02
 6.77717459e-01
 6.76055354e-01
 6.70767403e-01
 6.61292248e-01
 6.47259048e-01
 6.28620181e-01
 6.05488969e-01
 5.78168425e-01
 5.47401177e-01
 5.14166388e-01
 4.78891063e-01
 4.40953826e-01
 4.00251972e-01
 3.57338611e-01
 3.13433596e-01
 2.70094153e-01
 2.29905261e-01
 1.95342065e-01
 1.63390638e-01
 1.29933610e-01
 9.68009496e-02
 6.56510407e-02
 3.75236439e-02
 1.26180925e-02
 -9.05925262e-03
 -2.79898953e-02
 -4.43188231e-02
 -5.77800220e-02
 -6.82270760e-02
 -7.56468308e-02
 -8.00821450e-02
 -8.15565434e-02
 6.27581823e-01
 6.26784930e-01
 6.23474080e-01
 6.15909229e-01
 6.03186860e-01
 5.85478523e-01
 5.62664534e-01
 5.34851301e-01
 5.03512624e-01
 4.70316023e-01
 4.36078134e-01
 3.98545348e-01
 3.57801132e-01
 3.14320608e-01
 2.69766102e-01
 2.25489525e-01
 1.84869729e-01
 1.53803037e-01
 1.26524159e-01
 9.34128385e-02
 6.06912771e-02
 2.97819835e-02
 2.65995055e-03
 -2.12971923e-02
 -4.12883704e-02
 -5.89747435e-02
 -7.48079268e-02
 -8.79421451e-02
 -9.80527093e-02
 -1.05128629e-01
 -1.09337132e-01
 -1.10728242e-01
 6.00756267e-01
 5.98825468e-01
 5.92622152e-01
 5.82019154e-01
 5.67769059e-01
 5.50504546e-01
 5.27800199e-01
 4.98570356e-01
 4.66474457e-01
 4.33101475e-01
 4.01082811e-01
 3.63761896e-01
 3.23191808e-01
 2.78922300e-01
 2.33851375e-01
 1.88354608e-01
 1.45955122e-01
 1.19182183e-01
 9.89905312e-02
 6.38892391e-02
 3.20097453e-02
 3.23210483e-04
 -2.51675957e-02
 -4.92145290e-02
 -6.65464610e-02
 -8.28853174e-02
 -9.87516236e-02
 -1.11982374e-01
 -1.21998126e-01
 -1.28641752e-01
 -1.32530135e-01
 -1.33780230e-01
 5.83369422e-01
 5.79681793e-01
 5.69086324e-01
 5.54319692e-01
 5.38874275e-01
 5.23900427e-01
 5.01782248e-01
 4.69345889e-01
 4.37137188e-01
 4.02530453e-01
 3.74676169e-01
 3.36533950e-01
 2.96728021e-01
 2.51183790e-01
 2.06023143e-01
 1.59264094e-01
 1.13569314e-01
 9.11624949e-02
 8.13425378e-02
 4.01146076e-02
 1.11590413e-02
 -2.36217636e-02
 -4.53341581e-02
 -7.23441185e-02
 -8.46331487e-02
 -1.00142093e-01
 -1.16540873e-01
 -1.30476501e-01
 -1.40928047e-01
 -1.46889837e-01
 -1.50200592e-01
 -1.51145674e-01
 5.69172103e-01
 5.63931150e-01
 5.48885226e-01
 5.30643180e-01
 5.15988650e-01
 5.05814467e-01
 4.85097962e-01
 4.46856800e-01
 4.16569501e-01
 3.78704178e-01
 3.57262992e-01
 3.16560517e-01
 2.78509242e-01
 2.31025355e-01
 1.86424900e-01
 1.38529081e-01
 8.88273595e-02
 6.96532273e-02
 7.29385264e-02
 2.11031961e-02
 -1.54366482e-03
 -4.28196254e-02
 -5.71809715e-02
 -9.17155028e-02
 -9.52267595e-02
 -1.11883716e-01
 -1.28370995e-01
 -1.43825845e-01
 -1.55452963e-01
 -1.60551006e-01
 -1.62893106e-01
 -1.63223240e-01
 5.58836305e-01
 5.51663273e-01
 5.32883719e-01
 5.12906918e-01
 5.00718497e-01
 4.95668944e-01
 4.76855351e-01
 4.31725415e-01
 4.05094943e-01
 3.62768822e-01
 3.48118703e-01
 3.03971015e-01
 2.68168149e-01
 2.18587311e-01
 1.74930753e-01
 1.26141675e-01
 7.32338200e-02
 5.55242404e-02
 7.08837951e-02
 7.73126754e-03
 -7.20616804e-03
 -5.63907037e-02
 -6.18244790e-02
 -1.06161416e-01
 -9.93131262e-02
 -1.19256423e-01
 -1.34552926e-01
 -1.52158998e-01
 -1.65015818e-01
 -1.69773666e-01
 -1.70753026e-01
 -1.70332074e-01
 5.54973000e-01
 5.46783124e-01
 5.26806156e-01
 5.06224352e-01
 4.95370227e-01
 4.92450381e-01
 4.74611067e-01
 4.26193583e-01
 4.01575853e-01
 3.57018371e-01
 3.45425050e-01
 2.99591604e-01
 2.64880593e-01
 2.14342227e-01
 1.71173405e-01
 1.22018630e-01
 6.79132310e-02
 5.04968461e-02
 7.09171511e-02
 2.73314933e-03
 -8.55718927e-03
 -6.14967356e-02
 -6.26704774e-02
 -1.11788572e-01
 -1.00002561e-01
 -1.21943942e-01
 -1.36299022e-01
 -1.55081871e-01
 -1.68354929e-01
 -1.73300953e-01
 -1.73295750e-01
 -1.72678000e-01
