 -1.47802600e+00
 -1.47818983e+00
 -1.47705682e+00
 -1.47103011e+00
 -1.45819605e+00
 -1.44385492e+00
 -1.44066607e+00
 -1.42190988e+00
 -1.31320574e+00
 -1.34433604e+00
 -1.28807117e+00
 -1.24121154e+00
 -1.12322995e+00
 -1.02507717e+00
 -1.00979992e+00
 -9.79809143e-01
 -8.85367130e-01
 -8.76458313e-01
 -7.52138272e-01
 -7.91644270e-01
 -6.22511100e-01
 -5.40786540e-01
 -4.80867495e-01
 -4.80176450e-01
 -4.53247728e-01
 -3.96365066e-01
 -3.29855919e-01
 -3.05321120e-01
 -2.88995859e-01
 -2.67729928e-01
 -2.47763644e-01
 -2.39557000e-01
 -1.47056165e+00
 -1.47103881e+00
 -1.47169970e+00
 -1.46615591e+00
 -1.45424790e+00
 -1.43963587e+00
 -1.43453837e+00
 -1.41200336e+00
 -1.31439490e+00
 -1.33477986e+00
 -1.28202005e+00
 -1.23210750e+00
 -1.11853150e+00
 -1.02243181e+00
 -1.00356775e+00
 -9.70826419e-01
 -8.81395991e-01
 -8.65174511e-01
 -7.50170455e-01
 -7.76100979e-01
 -6.18537995e-01
 -5.34932684e-01
 -4.76901485e-01
 -4.71143058e-01
 -4.43464579e-01
 -3.87519816e-01
 -3.25268033e-01
 -2.98630466e-01
 -2.80976897e-01
 -2.59655404e-01
 -2.41952519e-01
 -2.34359164e-01
 -1.45373288e+00
 -1.45513311e+00
 -1.45721950e+00
 -1.45266141e+00
 -1.44178478e+00
 -1.42649442e+00
 -1.41578134e+00
 -1.38635483e+00
 -1.31226255e+00
 -1.30929201e+00
 -1.26263640e+00
 -1.20656755e+00
 -1.10362500e+00
 -1.01316411e+00
 -9.84753558e-01
 -9.45490652e-01
 -8.67100221e-01
 -8.34524862e-01
 -7.39947354e-01
 -7.34828357e-01
 -6.03814186e-01
 -5.17913564e-01
 -4.63004121e-01
 -4.45433638e-01
 -4.15012884e-01
 -3.62277538e-01
 -3.09034195e-01
 -2.78816211e-01
 -2.58008908e-01
 -2.37493086e-01
 -2.23508215e-01
 -2.18319717e-01
 -1.43962405e+00
 -1.43976202e+00
 -1.43893706e+00
 -1.43266158e+00
 -1.42029571e+00
 -1.40307535e+00
 -1.38487464e+00
 -1.35128040e+00
 -1.29689941e+00
 -1.27290513e+00
 -1.22850188e+00
 -1.16790264e+00
 -1.07694475e+00
 -9.93879447e-01
 -9.53320580e-01
 -9.06795114e-01
 -8.38208718e-01
 -7.90283360e-01
 -7.13656853e-01
 -6.78190117e-01
 -5.73619503e-01
 -4.89648390e-01
 -4.35580187e-01
 -4.05506412e-01
 -3.70574965e-01
 -3.22600191e-01
 -2.77518810e-01
 -2.45999489e-01
 -2.23428426e-01
 -2.05550611e-01
 -1.94448590e-01
 -1.90424065e-01
 -1.43364486e+00
 -1.43050250e+00
 -1.42146856e+00
 -1.40733662e+00
 -1.38944611e+00
 -1.36817603e+00
 -1.34337815e+00
 -1.30835064e+00
 -1.26374016e+00
 -1.22698718e+00
 -1.18035663e+00
 -1.11813011e+00
 -1.03728261e+00
 -9.60899911e-01
 -9.09393281e-01
 -8.56425455e-01
 -7.92752017e-01
 -7.35277853e-01
 -6.67689113e-01
 -6.12747534e-01
 -5.26317346e-01
 -4.48117784e-01
 -3.92659232e-01
 -3.52804653e-01
 -3.13274123e-01
 -2.69393743e-01
 -2.29830630e-01
 -1.99527616e-01
 -1.77491227e-01
 -1.61880556e-01
 -1.52889613e-01
 -1.50014913e-01
 -1.41457376e+00
 -1.40772821e+00
 -1.39076308e+00
 -1.36946433e+00
 -1.34635358e+00
 -1.32092630e+00
 -1.29161295e+00
 -1.25558792e+00
 -1.21352911e+00
 -1.17014328e+00
 -1.11983849e+00
 -1.05757640e+00
 -9.83902324e-01
 -9.12052085e-01
 -8.52782357e-01
 -7.94428124e-01
 -7.31451570e-01
 -6.69089529e-01
 -6.03569130e-01
 -5.39507150e-01
 -4.63242113e-01
 -3.91277169e-01
 -3.34148288e-01
 -2.87831147e-01
 -2.44835394e-01
 -2.03150237e-01
 -1.66803438e-01
 -1.38734445e-01
 -1.19460479e-01
 -1.07505611e-01
 -1.00654951e-01
 -9.81944155e-02
 -1.33361896e+00
 -1.33131940e+00
 -1.32321193e+00
 -1.30807981e+00
 -1.28666096e+00
 -1.26001690e+00
 -1.22828654e+00
 -1.19090515e+00
 -1.14817673e+00
 -1.10107702e+00
 -1.04774192e+00
 -9.85761112e-01
 -9.16437477e-01
 -8.46995670e-01
 -7.82983756e-01
 -7.20300897e-01
 -6.55863556e-01
 -5.90769178e-01
 -5.24455914e-01
 -4.57203617e-01
 -3.86282999e-01
 -3.18915086e-01
 -2.60918513e-01
 -2.10908121e-01
 -1.65656714e-01
 -1.24425459e-01
 -8.89274647e-02
 -6.08647400e-02
 -4.15213812e-02
 -3.17695026e-02
 -3.00138888e-02
 -3.06655337e-02
 -1.25610342e+00
 -1.25349802e+00
 -1.24575481e+00
 -1.23235004e+00
 -1.21228039e+00
 -1.18535628e+00
 -1.15215898e+00
 -1.11321322e+00
 -1.06888762e+00
 -1.01935850e+00
 -9.63994349e-01
 -9.02103616e-01
 -8.34971125e-01
 -7.66494103e-01
 -6.99729997e-01
 -6.33797164e-01
 -5.67315482e-01
 -5.00321113e-01
 -4.32839056e-01
 -3.64921674e-01
 -2.96948729e-01
 -2.32466714e-01
 -1.74424641e-01
 -1.22691908e-01
 -7.61049822e-02
 -3.43601125e-02
 2.05333940e-03
 3.29741429e-02
 5.93655481e-02
 8.26426944e-02
 1.01221265e-01
 1.08797746e-01
 -1.17512200e+00
 -1.17298153e+00
 -1.16527967e+00
 -1.15013703e+00
 -1.12736215e+00
 -1.09794251e+00
 -1.06275375e+00
 -1.02216996e+00
 -9.76280418e-01
 -9.25064574e-01
 -8.68387688e-01
 -8.06348448e-01
 -7.40063271e-01
 -6.71774387e-01
 -6.03388741e-01
 -5.35219839e-01
 -4.66951693e-01
 -3.98610224e-01
 -3.30416169e-01
 -2.62774828e-01
 -1.96680577e-01
 -1.34104517e-01
 -7.66193531e-02
 -2.45065447e-02
 2.25549383e-02
 6.47334460e-02
 1.01875388e-01
 1.33321496e-01
 1.57357711e-01
 1.71743303e-01
 1.76891240e-01
 1.77516885e-01
 -1.10966291e+00
 -1.10235836e+00
 -1.08321145e+00
 -1.05747755e+00
 -1.02830943e+00
 -9.95930280e-01
 -9.59368509e-01
 -9.17812340e-01
 -8.70910190e-01
 -8.18624039e-01
 -7.61108307e-01
 -6.98809503e-01
 -6.32716849e-01
 -5.64321555e-01
 -4.95004266e-01
 -4.25488298e-01
 -3.56055894e-01
 -2.86983759e-01
 -2.18679689e-01
 -1.51761017e-01
 -8.71991245e-02
 -2.62343917e-02
 3.01685011e-02
 8.16279591e-02
 1.28121198e-01
 1.69717680e-01
 2.06586648e-01
 2.39224789e-01
 2.68548614e-01
 2.94829634e-01
 3.15116030e-01
 3.23093067e-01
 -9.39658186e-01
 -9.38626958e-01
 -9.34026939e-01
 -9.22994104e-01
 -9.03849236e-01
 -8.76619913e-01
 -8.42084775e-01
 -8.00973489e-01
 -7.53795875e-01
 -7.00969687e-01
 -6.42969076e-01
 -5.80453898e-01
 -5.14370068e-01
 -4.45898581e-01
 -3.76189015e-01
 -3.06106321e-01
 -2.36250155e-01
 -1.67136005e-01
 -9.93303091e-02
 -3.35284428e-02
 2.94208942e-02
 8.86314066e-02
 1.43405077e-01
 1.93330569e-01
 2.38170621e-01
 2.77672325e-01
 3.11376328e-01
 3.38408332e-01
 3.57460969e-01
 3.67718526e-01
 3.70841315e-01
 3.71052791e-01
 -8.15264202e-01
 -8.13486394e-01
 -8.07357250e-01
 -7.95228986e-01
 -7.75898338e-01
 -7.49066495e-01
 -7.14979094e-01
 -6.74053933e-01
 -6.26771313e-01
 -5.73685527e-01
 -5.15454851e-01
 -4.52875005e-01
 -3.86898905e-01
 -3.18593235e-01
 -2.49013274e-01
 -1.79078562e-01
 -1.09551620e-01
 -4.11080600e-02
 2.55818144e-02
 8.98049939e-02
 1.50813412e-01
 2.07899899e-01
 2.60496010e-01
 3.08204177e-01
 3.50740814e-01
 3.87848214e-01
 4.19271610e-01
 4.44918736e-01
 4.65147501e-01
 4.80586632e-01
 4.91017088e-01
 4.94850590e-01
 -7.12396621e-01
 -7.06697373e-01
 -6.91543005e-01
 -6.70556082e-01
 -6.45585497e-01
 -6.16153272e-01
 -5.81090900e-01
 -5.39758139e-01
 -4.92203762e-01
 -4.38917824e-01
 -3.80625504e-01
 -3.18191583e-01
 -2.52580714e-01
 -1.84815706e-01
 -1.15910733e-01
 -4.68048669e-02
 2.16627791e-02
 8.87309576e-02
 1.53677929e-01
 2.15798903e-01
 2.74416918e-01
 3.28925051e-01
 3.78833741e-01
 4.23795226e-01
 4.63605825e-01
 4.98201055e-01
 5.27620107e-01
 5.51864317e-01
 5.70675015e-01
 5.83608156e-01
 5.90712195e-01
 5.92874199e-01
 -5.28688289e-01
 -5.29217701e-01
 -5.28176029e-01
 -5.20551545e-01
 -5.03457926e-01
 -4.76980263e-01
 -4.42346043e-01
 -4.00631884e-01
 -3.52643728e-01
 -2.99135546e-01
 -2.40921784e-01
 -1.78892935e-01
 -1.14001643e-01
 -4.72355875e-02
 2.04230900e-02
 8.80396290e-02
 1.54750767e-01
 2.19764908e-01
 2.82350054e-01
 3.41826713e-01
 3.97575867e-01
 4.49059340e-01
 4.95840960e-01
 5.37601956e-01
 5.74160454e-01
 6.05512988e-01
 6.31895821e-01
 6.53804265e-01
 6.71822302e-01
 6.86115483e-01
 6.95833495e-01
 6.99363613e-01
 -4.46945003e-01
 -4.40291098e-01
 -4.22834160e-01
 -3.99193872e-01
 -3.71698796e-01
 -3.39869310e-01
 -3.02571436e-01
 -2.59387851e-01
 -2.10612083e-01
 -1.56876094e-01
 -9.89452415e-02
 -3.76609780e-02
 2.60759631e-02
 9.13277793e-02
 1.57152714e-01
 2.22640219e-01
 2.86937031e-01
 3.49259461e-01
 4.08896237e-01
 4.65210246e-01
 5.17644108e-01
 5.65727611e-01
 6.09080178e-01
 6.47402265e-01
 6.80453217e-01
 7.08018248e-01
 7.29886029e-01
 7.45904031e-01
 7.56201592e-01
 7.61547202e-01
 7.63505240e-01
 7.63880282e-01
 -2.68051486e-01
 -2.67847050e-01
 -2.64604736e-01
 -2.53423896e-01
 -2.31851677e-01
 -2.00745150e-01
 -1.62141432e-01
 -1.17638750e-01
 -6.82053998e-02
 -1.45298811e-02
 4.27169234e-02
 1.02787993e-01
 1.64855401e-01
 2.28038456e-01
 2.91441566e-01
 3.54191271e-01
 4.15465854e-01
 4.74514871e-01
 5.30670508e-01
 5.83354856e-01
 6.32085771e-01
 6.76480644e-01
 7.16255169e-01
 7.51215022e-01
 7.81242098e-01
 8.06281719e-01
 8.26338841e-01
 8.41491458e-01
 8.51954020e-01
 8.58237867e-01
 8.61274691e-01
 8.62125023e-01
 -2.00173102e-01
 -1.91614646e-01
 -1.68762742e-01
 -1.37440796e-01
 -1.01952963e-01
 -6.35704991e-02
 -2.19170209e-02
 2.35075489e-02
 7.27928842e-02
 1.25652531e-01
 1.81554317e-01
 2.39810208e-01
 2.99632881e-01
 3.60180233e-01
 4.20596316e-01
 4.80048534e-01
 5.37758327e-01
 5.93023909e-01
 6.45235928e-01
 6.93888197e-01
 7.38585289e-01
 7.79047915e-01
 8.15116695e-01
 8.46756287e-01
 8.74065210e-01
 8.97301981e-01
 9.16934000e-01
 9.33658439e-01
 9.48191782e-01
 9.60598535e-01
 9.69573423e-01
 9.72938619e-01
 -2.75819969e-03
 8.79260197e-05
 9.23471420e-03
 2.58074819e-02
 5.02358871e-02
 8.19312368e-02
 1.19837565e-01
 1.62934385e-01
 2.10356785e-01
 2.61332859e-01
 3.15108747e-01
 3.70905706e-01
 4.27909902e-01
 4.85286200e-01
 5.42205109e-01
 5.97873051e-01
 6.51559683e-01
 7.02619916e-01
 7.50510639e-01
 7.94802634e-01
 8.35188429e-01
 8.71487165e-01
 9.03647373e-01
 9.31745610e-01
 9.55969159e-01
 9.76549985e-01
 9.93601781e-01
 1.00688641e+00
 1.01580921e+00
 1.02012639e+00
 1.02103537e+00
 1.02090881e+00
 1.60773677e-01
 1.61632924e-01
 1.65738178e-01
 1.76130389e-01
 1.94829384e-01
 2.21955380e-01
 2.56387645e-01
 2.96684207e-01
 3.41566418e-01
 3.89984247e-01
 4.41022267e-01
 4.93814410e-01
 5.47507071e-01
 6.01259008e-01
 6.54260015e-01
 7.05754526e-01
 7.55062992e-01
 8.01600321e-01
 8.44891698e-01
 8.84583978e-01
 9.20451000e-01
 9.52393226e-01
 9.80432679e-01
 1.00470357e+00
 1.02544041e+00
 1.04297687e+00
 1.05778992e+00
 1.07059373e+00
 1.08225375e+00
 1.09304223e+00
 1.10150731e+00
 1.10483687e+00
 2.41197978e-01
 2.47743539e-01
 2.65126735e-01
 2.89032334e-01
 3.16735743e-01
 3.47757464e-01
 3.82521569e-01
 4.21262667e-01
 4.63733144e-01
 5.09325704e-01
 5.57252831e-01
 6.06659813e-01
 6.56681125e-01
 7.06475109e-01
 7.55253360e-01
 8.02302430e-01
 8.46996839e-01
 8.88811744e-01
 9.27338686e-01
 9.62296941e-01
 9.93534648e-01
 1.02102028e+00
 1.04482617e+00
 1.06510443e+00
 1.08205507e+00
 1.09588127e+00
 1.10670464e+00
 1.11441027e+00
 1.11859875e+00
 1.11918633e+00
 1.11758356e+00
 1.11654349e+00
 3.98500644e-01
 4.00145124e-01
 4.06607660e-01
 4.20130721e-01
 4.40915250e-01
 4.67753231e-01
 4.99533769e-01
 5.35544794e-01
 5.75165659e-01
 6.17680769e-01
 6.62274347e-01
 7.08078853e-01
 7.54219474e-01
 7.99858059e-01
 8.44236250e-01
 8.86694813e-01
 9.26668087e-01
 9.63687723e-01
 9.97405706e-01
 1.02760993e+00
 1.05422002e+00
 1.07727056e+00
 1.09688648e+00
 1.11325220e+00
 1.12657642e+00
 1.13706816e+00
 1.14499072e+00
 1.15088586e+00
 1.15578819e+00
 1.16070379e+00
 1.16519138e+00
 1.16712965e+00
 5.05828139e-01
 5.10148458e-01
 5.21020814e-01
 5.35560773e-01
 5.53705850e-01
 5.76734424e-01
 6.05027199e-01
 6.37960612e-01
 6.74582234e-01
 7.13943855e-01
 7.55141220e-01
 7.97284804e-01
 8.39486996e-01
 8.80907165e-01
 9.20830001e-01
 9.58678702e-01
 9.93956886e-01
 1.02623789e+00
 1.05522209e+00
 1.08076406e+00
 1.10285568e+00
 1.12160211e+00
 1.13719368e+00
 1.14987970e+00
 1.15995075e+00
 1.16770106e+00
 1.17330779e+00
 1.17659854e+00
 1.17697436e+00
 1.17420776e+00
 1.17002806e+00
 1.16797661e+00
 6.39084020e-01
 6.36133306e-01
 6.32276386e-01
 6.35600397e-01
 6.48724676e-01
 6.69766858e-01
 6.96415484e-01
 7.27228902e-01
 7.61242241e-01
 7.97604223e-01
 8.35490573e-01
 8.74064376e-01
 9.12420254e-01
 9.49678292e-01
 9.85187066e-01
 1.01852168e+00
 1.04926854e+00
 1.07699466e+00
 1.10142953e+00
 1.12250153e+00
 1.14027500e+00
 1.15492911e+00
 1.16672464e+00
 1.17596888e+00
 1.18303557e+00
 1.18843459e+00
 1.19288646e+00
 1.19737862e+00
 1.20301082e+00
 1.21011971e+00
 1.21690315e+00
 1.21981231e+00
 6.27153182e-01
 6.38831144e-01
 6.65987132e-01
 6.95477002e-01
 7.22083650e-01
 7.47500445e-01
 7.74294817e-01
 8.03566054e-01
 8.35245358e-01
 8.68764050e-01
 9.03482207e-01
 9.38714842e-01
 9.73478542e-01
 1.00672434e+00
 1.03790425e+00
 1.06691996e+00
 1.09345518e+00
 1.11692730e+00
 1.13708385e+00
 1.15396656e+00
 1.16769632e+00
 1.17852794e+00
 1.18680667e+00
 1.19285897e+00
 1.19698668e+00
 1.19959211e+00
 1.20121076e+00
 1.20233784e+00
 1.20316491e+00
 1.20354109e+00
 1.20343712e+00
 1.20329225e+00
 7.96412750e-01
 7.91716265e-01
 7.84695173e-01
 7.85908473e-01
 7.97636860e-01
 8.16836244e-01
 8.40746431e-01
 8.67883803e-01
 8.97250850e-01
 9.27992862e-01
 9.59649747e-01
 9.91930992e-01
 1.02356705e+00
 1.05300849e+00
 1.07989675e+00
 1.10487311e+00
 1.12772826e+00
 1.14733211e+00
 1.16352700e+00
 1.17659085e+00
 1.18661027e+00
 1.19392239e+00
 1.19901704e+00
 1.20227183e+00
 1.20376813e+00
 1.20359212e+00
 1.20199693e+00
 1.19912583e+00
 1.19495746e+00
 1.18986066e+00
 1.18528314e+00
 1.18338833e+00
 8.14114064e-01
 8.19341090e-01
 8.30395946e-01
 8.42060156e-01
 8.55553020e-01
 8.73298166e-01
 8.95434896e-01
 9.20857498e-01
 9.48194064e-01
 9.76185730e-01
 1.00469447e+00
 1.03467754e+00
 1.06393749e+00
 1.08979903e+00
 1.11225393e+00
 1.13353993e+00
 1.15358537e+00
 1.16969943e+00
 1.18223569e+00
 1.19198064e+00
 1.19865970e+00
 1.20276218e+00
 1.20499336e+00
 1.20603376e+00
 1.20560200e+00
 1.20330293e+00
 1.19961728e+00
 1.19545452e+00
 1.19179376e+00
 1.18960799e+00
 1.18910478e+00
 1.18921229e+00
 8.78967970e-01
 8.77296482e-01
 8.77164878e-01
 8.84440443e-01
 8.98618662e-01
 9.17073201e-01
 9.38860872e-01
 9.63430767e-01
 9.89245657e-01
 1.01455699e+00
 1.03924207e+00
 1.06811636e+00
 1.09602866e+00
 1.11854231e+00
 1.13612147e+00
 1.15410086e+00
 1.17275191e+00
 1.18555244e+00
 1.19466760e+00
 1.20182487e+00
 1.20550119e+00
 1.20675157e+00
 1.20625901e+00
 1.20580341e+00
 1.20446771e+00
 1.20060676e+00
 1.19501960e+00
 1.18947277e+00
 1.18468588e+00
 1.18062372e+00
 1.17746885e+00
 1.17617971e+00
 8.79177199e-01
 8.84138938e-01
 8.96850177e-01
 9.13657184e-01
 9.32072998e-01
 9.50960912e-01
 9.72288839e-01
 9.96872121e-01
 1.02150592e+00
 1.04476306e+00
 1.06360883e+00
 1.09366150e+00
 1.12116657e+00
 1.14070506e+00
 1.15266594e+00
 1.16768646e+00
 1.18706275e+00
 1.19627780e+00
 1.20215299e+00
 1.20782293e+00
 1.20862275e+00
 1.20764947e+00
 1.20414130e+00
 1.20298916e+00
 1.20213844e+00
 1.19716740e+00
 1.18910181e+00
 1.18214835e+00
 1.17708119e+00
 1.17355135e+00
 1.17160273e+00
 1.17099735e+00
 8.85091713e-01
 8.93928812e-01
 9.15823355e-01
 9.39651273e-01
 9.59728440e-01
 9.76440608e-01
 9.96301078e-01
 1.02267121e+00
 1.04538718e+00
 1.06892038e+00
 1.07787995e+00
 1.11302950e+00
 1.14016166e+00
 1.15757584e+00
 1.16312525e+00
 1.17547170e+00
 1.19812512e+00
 1.20303687e+00
 1.20588963e+00
 1.21156136e+00
 1.20918273e+00
 1.20722565e+00
 1.19981843e+00
 1.19883521e+00
 1.19998624e+00
 1.19459824e+00
 1.18245560e+00
 1.17421520e+00
 1.16926659e+00
 1.16584562e+00
 1.16455192e+00
 1.16432555e+00
 9.19140901e-01
 9.28339814e-01
 9.48217205e-01
 9.66782166e-01
 9.82087845e-01
 9.94117166e-01
 1.01101036e+00
 1.04234468e+00
 1.06059563e+00
 1.08869465e+00
 1.08294184e+00
 1.12772053e+00
 1.15321827e+00
 1.16997456e+00
 1.16887395e+00
 1.17892554e+00
 1.20674669e+00
 1.20683469e+00
 1.20705709e+00
 1.21420881e+00
 1.20811170e+00
 1.20691066e+00
 1.19455801e+00
 1.19462566e+00
 1.19855843e+00
 1.19410015e+00
 1.17544190e+00
 1.16694582e+00
 1.16276336e+00
 1.15773949e+00
 1.15462248e+00
 1.15367911e+00
 9.59616707e-01
 9.64040000e-01
 9.74883365e-01
 9.85944348e-01
 9.96170838e-01
 1.00458896e+00
 1.01758722e+00
 1.05595369e+00
 1.06776242e+00
 1.10322176e+00
 1.08218855e+00
 1.13776671e+00
 1.16053885e+00
 1.17791242e+00
 1.17140614e+00
 1.17986892e+00
 1.21259737e+00
 1.20860952e+00
 1.20693441e+00
 1.21611104e+00
 1.20652846e+00
 1.20716138e+00
 1.19005808e+00
 1.19161299e+00
 1.19769751e+00
 1.19539047e+00
 1.16921046e+00
 1.16190444e+00
 1.15911269e+00
 1.15261125e+00
 1.14615534e+00
 1.14358389e+00
 9.77294000e-01
 9.79401799e-01
 9.85120666e-01
 9.92885699e-01
 1.00088515e+00
 1.00814462e+00
 1.01911981e+00
 1.06108478e+00
 1.06955280e+00
 1.10883026e+00
 1.08099228e+00
 1.14149419e+00
 1.16282075e+00
 1.18070701e+00
 1.17205974e+00
 1.17995710e+00
 1.21471677e+00
 1.20910515e+00
 1.20671865e+00
 1.21685588e+00
 1.20577641e+00
 1.20740316e+00
 1.18824728e+00
 1.19054964e+00
 1.19736538e+00
 1.19631402e+00
 1.16654484e+00
 1.16017163e+00
 1.15809483e+00
 1.15134202e+00
 1.14311399e+00
 1.13946000e+00
