 3.40342200e+00
 3.40520781e+00
 3.42022942e+00
 3.45530110e+00
 3.48841127e+00
 3.53913373e+00
 3.56147476e+00
 3.55885598e+00
 3.58283949e+00
 3.57816591e+00
 3.56757800e+00
 3.37853989e+00
 3.39220590e+00
 3.41938826e+00
 3.45670549e+00
 3.49364781e+00
 3.54077116e+00
 3.56381392e+00
 3.56688339e+00
 3.58448202e+00
 3.58354290e+00
 3.57983696e+00
 3.35911467e+00
 3.37802369e+00
 3.41650906e+00
 3.45987628e+00
 3.50354386e+00
 3.54573144e+00
 3.57090694e+00
 3.58252796e+00
 3.59393115e+00
 3.60009316e+00
 3.60293821e+00
 3.37324891e+00
 3.38013079e+00
 3.41093369e+00
 3.45995784e+00
 3.50970776e+00
 3.55136587e+00
 3.57932942e+00
 3.59587822e+00
 3.60650412e+00
 3.61242416e+00
 3.61411831e+00
 3.31303797e+00
 3.33982992e+00
 3.39581887e+00
 3.45489135e+00
 3.50893750e+00
 3.55282058e+00
 3.58381749e+00
 3.60303618e+00
 3.61358578e+00
 3.61887229e+00
 3.62074517e+00
 3.37835633e+00
 3.38069062e+00
 3.40221523e+00
 3.44778979e+00
 3.50090342e+00
 3.54760878e+00
 3.58254635e+00
 3.60492195e+00
 3.61560075e+00
 3.61724550e+00
 3.61622956e+00
 3.31927156e+00
 3.33566919e+00
 3.37552162e+00
 3.42844869e+00
 3.48527234e+00
 3.53632820e+00
 3.57720261e+00
 3.60570825e+00
 3.62305760e+00
 3.63253437e+00
 3.63573807e+00
 3.29655697e+00
 3.30954255e+00
 3.34861967e+00
 3.40545436e+00
 3.46624795e+00
 3.52085115e+00
 3.57023768e+00
 3.60554887e+00
 3.62747037e+00
 3.64145609e+00
 3.64673489e+00
 3.27485265e+00
 3.29031497e+00
 3.33147181e+00
 3.38678513e+00
 3.45074254e+00
 3.50127916e+00
 3.56536825e+00
 3.60614560e+00
 3.62574161e+00
 3.63626325e+00
 3.63982811e+00
 3.25534708e+00
 3.27866206e+00
 3.32745838e+00
 3.37111876e+00
 3.44573635e+00
 3.47798853e+00
 3.56672807e+00
 3.60851109e+00
 3.62433615e+00
 3.62857045e+00
 3.62770929e+00
 3.24800200e+00
 3.27937966e+00
 3.33133795e+00
 3.36266725e+00
 3.44731542e+00
 3.46522981e+00
 3.56978656e+00
 3.60948513e+00
 3.62473325e+00
 3.62587154e+00
 3.62133100e+00
