 3.17426000e+00
 3.19612763e+00
 3.23148858e+00
 3.24861139e+00
 3.30475325e+00
 3.33492086e+00
 3.38085215e+00
 3.38836104e+00
 3.42437904e+00
 3.40823611e+00
 3.38480400e+00
 3.18052018e+00
 3.19422012e+00
 3.22331173e+00
 3.24793245e+00
 3.29760409e+00
 3.33132339e+00
 3.37128124e+00
 3.38436961e+00
 3.40859443e+00
 3.39806265e+00
 3.38751564e+00
 3.17898111e+00
 3.18517083e+00
 3.20711612e+00
 3.23931918e+00
 3.28053928e+00
 3.31625507e+00
 3.34706197e+00
 3.36421751e+00
 3.37667676e+00
 3.37929324e+00
 3.37973273e+00
 3.15319808e+00
 3.16405619e+00
 3.18856765e+00
 3.22049532e+00
 3.25609148e+00
 3.28741455e+00
 3.31016436e+00
 3.32335470e+00
 3.33094344e+00
 3.33602934e+00
 3.33862601e+00
 3.15173905e+00
 3.15333716e+00
 3.16710844e+00
 3.19448282e+00
 3.22434996e+00
 3.24750852e+00
 3.26006151e+00
 3.26379455e+00
 3.26438181e+00
 3.26426287e+00
 3.26338122e+00
 3.08568678e+00
 3.10233064e+00
 3.13510093e+00
 3.16566217e+00
 3.18904648e+00
 3.20161514e+00
 3.20104464e+00
 3.18911222e+00
 3.17377722e+00
 3.16757948e+00
 3.16916313e+00
 3.12746237e+00
 3.12616797e+00
 3.13128091e+00
 3.14479400e+00
 3.15618446e+00
 3.15697728e+00
 3.14377411e+00
 3.11612906e+00
 3.07405299e+00
 3.02167820e+00
 2.99298622e+00
 3.10634628e+00
 3.11108707e+00
 3.11940083e+00
 3.12672623e+00
 3.12869960e+00
 3.11931507e+00
 3.09808898e+00
 3.06645106e+00
 3.03698507e+00
 3.02837272e+00
 3.03290070e+00
 3.10294162e+00
 3.10395283e+00
 3.10868496e+00
 3.11201589e+00
 3.10888004e+00
 3.09033719e+00
 3.06629651e+00
 3.03036037e+00
 2.99632438e+00
 2.97299437e+00
 2.96239817e+00
 3.09237268e+00
 3.09658947e+00
 3.10414919e+00
 3.10166159e+00
 3.09897522e+00
 3.06983536e+00
 3.04944558e+00
 3.00751225e+00
 2.96603122e+00
 2.93709896e+00
 2.92294853e+00
 3.08104300e+00
 3.09177455e+00
 3.10378581e+00
 3.09705217e+00
 3.09692165e+00
 3.06150160e+00
 3.04502233e+00
 2.99987129e+00
 2.95651349e+00
 2.93265444e+00
 2.92564000e+00
