 2.54465100e+00
 2.54231738e+00
 2.53222742e+00
 2.50907098e+00
 2.47561009e+00
 2.43614297e+00
 2.43505261e+00
 2.41756297e+00
 2.40361774e+00
 2.39341752e+00
 2.38859300e+00
 2.53411140e+00
 2.53204312e+00
 2.52190132e+00
 2.49992022e+00
 2.46787212e+00
 2.43314289e+00
 2.42704821e+00
 2.41147951e+00
 2.39784019e+00
 2.38841765e+00
 2.38450513e+00
 2.51166969e+00
 2.50820083e+00
 2.49621804e+00
 2.47540443e+00
 2.44765179e+00
 2.42095129e+00
 2.40801011e+00
 2.39498954e+00
 2.38349837e+00
 2.37624397e+00
 2.37373350e+00
 2.48582745e+00
 2.47897085e+00
 2.46299801e+00
 2.44276917e+00
 2.42008353e+00
 2.39939631e+00
 2.38511718e+00
 2.37427649e+00
 2.36626163e+00
 2.36172564e+00
 2.36031972e+00
 2.43902572e+00
 2.43568915e+00
 2.42512998e+00
 2.40903241e+00
 2.39121259e+00
 2.37540067e+00
 2.36386132e+00
 2.35629543e+00
 2.35195405e+00
 2.35006632e+00
 2.34960685e+00
 2.40971826e+00
 2.40587147e+00
 2.39562414e+00
 2.38188011e+00
 2.36802175e+00
 2.35679345e+00
 2.34954356e+00
 2.34611084e+00
 2.34543900e+00
 2.34602511e+00
 2.34642390e+00
 2.39349439e+00
 2.38907171e+00
 2.37832562e+00
 2.36595183e+00
 2.35536279e+00
 2.34838880e+00
 2.34557936e+00
 2.34631616e+00
 2.34907886e+00
 2.35190295e+00
 2.35307369e+00
 2.38247474e+00
 2.37921089e+00
 2.37090716e+00
 2.36123669e+00
 2.35380986e+00
 2.35051800e+00
 2.35155741e+00
 2.35586859e+00
 2.36151781e+00
 2.36620204e+00
 2.36801226e+00
 2.38223889e+00
 2.37954006e+00
 2.37267057e+00
 2.36492272e+00
 2.35984272e+00
 2.35926090e+00
 2.36312829e+00
 2.37006483e+00
 2.37782450e+00
 2.38386766e+00
 2.38614585e+00
 2.38715592e+00
 2.38462272e+00
 2.37808250e+00
 2.37113636e+00
 2.36734265e+00
 2.36833245e+00
 2.37386873e+00
 2.38236104e+00
 2.39137954e+00
 2.39823494e+00
 2.40079244e+00
 2.39022100e+00
 2.38743488e+00
 2.38075109e+00
 2.37400279e+00
 2.37060734e+00
 2.37210392e+00
 2.37818209e+00
 2.38718566e+00
 2.39661754e+00
 2.40374228e+00
 2.40639200e+00
