 2.55410900e+00
 2.54355457e+00
 2.51556243e+00
 2.47949171e+00
 2.44607706e+00
 2.42151674e+00
 2.40611651e+00
 2.39737820e+00
 2.39277385e+00
 2.39061629e+00
 2.38998700e+00
 2.54721111e+00
 2.54306197e+00
 2.52130597e+00
 2.48660685e+00
 2.45298443e+00
 2.42805424e+00
 2.41255709e+00
 2.40418961e+00
 2.40051227e+00
 2.39923516e+00
 2.39874757e+00
 2.56647197e+00
 2.56317079e+00
 2.54432857e+00
 2.51038932e+00
 2.47579748e+00
 2.44976248e+00
 2.43389605e+00
 2.42644907e+00
 2.42531167e+00
 2.42735574e+00
 2.42860015e+00
 2.64272111e+00
 2.62806720e+00
 2.59512156e+00
 2.55614592e+00
 2.51922296e+00
 2.49134796e+00
 2.47451875e+00
 2.46741975e+00
 2.46820495e+00
 2.47393768e+00
 2.47757506e+00
 2.69898250e+00
 2.69056070e+00
 2.66373549e+00
 2.62472243e+00
 2.58596560e+00
 2.55605771e+00
 2.53757867e+00
 2.52887981e+00
 2.52622179e+00
 2.52561463e+00
 2.52537933e+00
 2.79306269e+00
 2.78048668e+00
 2.74945099e+00
 2.71026735e+00
 2.67182176e+00
 2.64119932e+00
 2.62152232e+00
 2.61181482e+00
 2.60797580e+00
 2.60557767e+00
 2.60420295e+00
 2.85976256e+00
 2.85273514e+00
 2.83105624e+00
 2.79916540e+00
 2.76531213e+00
 2.73621583e+00
 2.71666558e+00
 2.70824885e+00
 2.70855403e+00
 2.71404466e+00
 2.71776812e+00
 2.92855048e+00
 2.92136936e+00
 2.90362541e+00
 2.88005828e+00
 2.85311108e+00
 2.82621559e+00
 2.80629255e+00
 2.80006134e+00
 2.80072539e+00
 2.80177034e+00
 2.80151420e+00
 2.97150179e+00
 2.96780314e+00
 2.95665224e+00
 2.94477028e+00
 2.92453515e+00
 2.89881654e+00
 2.87363637e+00
 2.87405953e+00
 2.87737105e+00
 2.88100976e+00
 2.88417779e+00
 3.00822156e+00
 2.99788256e+00
 2.98331337e+00
 2.98962400e+00
 2.97062325e+00
 2.94762968e+00
 2.90864133e+00
 2.92364625e+00
 2.92680291e+00
 2.92551206e+00
 2.92794985e+00
 3.02504800e+00
 3.00656109e+00
 2.98832664e+00
 3.00747117e+00
 2.98586918e+00
 2.96595396e+00
 2.91710816e+00
 2.94231450e+00
 2.94373821e+00
 2.93795445e+00
 2.93820400e+00
