 3.06820100e+00
 3.08109030e+00
 3.07291507e+00
 3.00290159e+00
 2.96405458e+00
 2.90588525e+00
 2.81725481e+00
 2.72225491e+00
 2.70518001e+00
 2.67105565e+00
 2.64626600e+00
 3.07509630e+00
 3.08423678e+00
 3.07722941e+00
 3.02066491e+00
 2.97611701e+00
 2.91611964e+00
 2.82876951e+00
 2.74075464e+00
 2.70823277e+00
 2.67235121e+00
 2.65339690e+00
 3.12461439e+00
 3.12269903e+00
 3.10606517e+00
 3.06342473e+00
 3.01218575e+00
 2.94776639e+00
 2.86433506e+00
 2.78358147e+00
 2.72897539e+00
 2.69027500e+00
 2.67579325e+00
 3.21163079e+00
 3.19543087e+00
 3.16142889e+00
 3.11945184e+00
 3.06692482e+00
 3.00038467e+00
 2.92020009e+00
 2.83966088e+00
 2.77370509e+00
 2.73024459e+00
 2.71512549e+00
 3.22415399e+00
 3.22310753e+00
 3.21094169e+00
 3.18002227e+00
 3.13134451e+00
 3.06644379e+00
 2.98838899e+00
 2.90663717e+00
 2.83532956e+00
 2.78744863e+00
 2.77074487e+00
 3.29135028e+00
 3.28704528e+00
 3.27249767e+00
 3.24325883e+00
 3.19721135e+00
 3.13507610e+00
 3.05959336e+00
 2.97839936e+00
 2.90520372e+00
 2.85490066e+00
 2.83714039e+00
 3.36550524e+00
 3.35769789e+00
 3.33613943e+00
 3.30290525e+00
 3.25691559e+00
 3.19700424e+00
 3.12450572e+00
 3.04571437e+00
 2.97328966e+00
 2.92261813e+00
 2.90454687e+00
 3.40810212e+00
 3.40127562e+00
 3.38178037e+00
 3.34928710e+00
 3.30428160e+00
 3.24634965e+00
 3.17641339e+00
 3.10098912e+00
 3.03048013e+00
 2.98075402e+00
 2.96295706e+00
 3.43090870e+00
 3.42873712e+00
 3.41361051e+00
 3.38038577e+00
 3.33714773e+00
 3.28130705e+00
 3.21184638e+00
 3.14156094e+00
 3.07085269e+00
 3.02266555e+00
 3.00602897e+00
 3.46423656e+00
 3.45878643e+00
 3.43600448e+00
 3.39641264e+00
 3.35601479e+00
 3.30290197e+00
 3.22960914e+00
 3.16925966e+00
 3.09097795e+00
 3.04455793e+00
 3.03167544e+00
 3.48203900e+00
 3.47248939e+00
 3.44390735e+00
 3.40064632e+00
 3.36206817e+00
 3.31070802e+00
 3.23380074e+00
 3.18072163e+00
 3.09528773e+00
 3.04928935e+00
 3.04009700e+00
