 1.98220800e+00
 1.97887784e+00
 1.96541414e+00
 1.93297708e+00
 1.87150662e+00
 1.77508107e+00
 1.64631161e+00
 1.49765000e+00
 1.34896244e+00
 1.22257839e+00
 1.13804853e+00
 1.10836600e+00
 1.97451277e+00
 1.96979748e+00
 1.95234739e+00
 1.91374172e+00
 1.84454886e+00
 1.73969843e+00
 1.60270396e+00
 1.44683979e+00
 1.29225632e+00
 1.15965055e+00
 1.06261088e+00
 1.02055196e+00
 1.93619445e+00
 1.92755982e+00
 1.89872337e+00
 1.84245961e+00
 1.75131883e+00
 1.62278285e+00
 1.46298039e+00
 1.28739927e+00
 1.11745256e+00
 9.71887744e-01
 8.62557234e-01
 8.17779004e-01
 1.82943047e+00
 1.81482659e+00
 1.76877541e+00
 1.68611280e+00
 1.56275844e+00
 1.40022729e+00
 1.20861765e+00
 1.00644903e+00
 8.18161987e-01
 6.70607203e-01
 5.84918472e-01
 5.59731379e-01
 1.61395798e+00
 1.59231766e+00
 1.52619239e+00
 1.41339357e+00
 1.25432849e+00
 1.05572310e+00
 8.32157559e-01
 6.04555460e-01
 3.96671798e-01
 2.32496804e-01
 1.32240042e-01
 1.00419640e-01
 1.27380936e+00
 1.24547664e+00
 1.16050286e+00
 1.02027124e+00
 8.30455440e-01
 6.03402514e-01
 3.58018746e-01
 1.16703142e-01
 -1.00216337e-01
 -2.80504913e-01
 -4.13926808e-01
 -4.67750661e-01
 8.35703718e-01
 8.02292463e-01
 7.03426844e-01
 5.44193276e-01
 3.35592673e-01
 9.53256674e-02
 -1.54450861e-01
 -3.90094097e-01
 -5.89186583e-01
 -7.30629112e-01
 -8.00725854e-01
 -8.16457511e-01
 3.63899531e-01
 3.27723574e-01
 2.21731329e-01
 5.41923819e-02
 -1.58926627e-01
 -3.94932925e-01
 -6.31582195e-01
 -8.46471363e-01
 -1.02250532e+00
 -1.15122834e+00
 -1.23460257e+00
 -1.26674911e+00
 -6.63406634e-02
 -1.03227273e-01
 -2.09997771e-01
 -3.77089042e-01
 -5.85280059e-01
 -8.01312586e-01
 -1.01426038e+00
 -1.19906879e+00
 -1.34665846e+00
 -1.45274363e+00
 -1.50772071e+00
 -1.52039372e+00
 -3.97339058e-01
 -4.34797586e-01
 -5.37603019e-01
 -6.96515338e-01
 -9.06056735e-01
 -1.08447237e+00
 -1.27883779e+00
 -1.42924008e+00
 -1.54662144e+00
 -1.64245780e+00
 -1.70405456e+00
 -1.73111950e+00
 -6.00415127e-01
 -6.43491781e-01
 -7.41213639e-01
 -8.76142705e-01
 -1.11381567e+00
 -1.23482077e+00
 -1.43340042e+00
 -1.54989070e+00
 -1.64097873e+00
 -1.73743822e+00
 -1.77416449e+00
 -1.78500784e+00
 -6.68177000e-01
 -7.17249968e-01
 -8.12997367e-01
 -9.27743542e-01
 -1.19066889e+00
 -1.27675580e+00
 -1.48594452e+00
 -1.58568330e+00
 -1.66537745e+00
 -1.76738428e+00
 -1.78667321e+00
 -1.77584500e+00
