 3.57651100e+00
 3.58139085e+00
 3.57586787e+00
 3.53601469e+00
 3.49185960e+00
 3.41223041e+00
 3.34297956e+00
 3.27144096e+00
 3.17764291e+00
 3.15450887e+00
 3.16102400e+00
 3.57607552e+00
 3.57747489e+00
 3.56914132e+00
 3.53315827e+00
 3.48631248e+00
 3.41081961e+00
 3.33981018e+00
 3.26606907e+00
 3.18523176e+00
 3.15924298e+00
 3.15760208e+00
 3.58074663e+00
 3.57456012e+00
 3.55554305e+00
 3.52117459e+00
 3.47150673e+00
 3.40231678e+00
 3.32853241e+00
 3.25380062e+00
 3.18916046e+00
 3.15564660e+00
 3.14552729e+00
 3.56668351e+00
 3.55494301e+00
 3.52969540e+00
 3.49562921e+00
 3.44618849e+00
 3.37975643e+00
 3.30457111e+00
 3.23067816e+00
 3.17042999e+00
 3.13286041e+00
 3.12009810e+00
 3.47774364e+00
 3.48167021e+00
 3.47897145e+00
 3.45379580e+00
 3.40498244e+00
 3.33756092e+00
 3.26081897e+00
 3.18679348e+00
 3.12702695e+00
 3.08894861e+00
 3.07593059e+00
 3.46143296e+00
 3.45509515e+00
 3.43568950e+00
 3.39953018e+00
 3.34375560e+00
 3.27161221e+00
 3.19239436e+00
 3.11838641e+00
 3.06004722e+00
 3.02346654e+00
 3.01109008e+00
 3.42369340e+00
 3.41067739e+00
 3.37670878e+00
 3.32684820e+00
 3.26149079e+00
 3.18401422e+00
 3.10334665e+00
 3.03144196e+00
 2.97670861e+00
 2.94308494e+00
 2.93183258e+00
 3.32898328e+00
 3.32074556e+00
 3.29156952e+00
 3.23829698e+00
 3.16797357e+00
 3.08922804e+00
 3.00910138e+00
 2.94205363e+00
 2.89297752e+00
 2.86271796e+00
 2.85260228e+00
 3.26001154e+00
 3.25008886e+00
 3.21741960e+00
 3.15562880e+00
 3.08320882e+00
 3.01006511e+00
 2.92805723e+00
 2.86816697e+00
 2.82726793e+00
 2.79854882e+00
 2.78847250e+00
 3.21402709e+00
 3.20696320e+00
 3.17377229e+00
 3.09646048e+00
 3.02421550e+00
 2.96360672e+00
 2.87204467e+00
 2.82066767e+00
 2.79127314e+00
 2.76104134e+00
 2.74821086e+00
 3.19597600e+00
 3.19459920e+00
 3.16148065e+00
 3.07411428e+00
 3.00271093e+00
 2.95001227e+00
 2.85112941e+00
 2.80425946e+00
 2.78160237e+00
 2.75064584e+00
 2.73467500e+00
