 3.02396000e+00
 3.02738868e+00
 3.03506903e+00
 3.04721285e+00
 3.06298876e+00
 3.05831859e+00
 3.14762106e+00
 3.20744161e+00
 3.27445402e+00
 3.30565272e+00
 3.30976200e+00
 3.01858027e+00
 3.02348355e+00
 3.03201686e+00
 3.04431611e+00
 3.05768315e+00
 3.06299840e+00
 3.13984316e+00
 3.20322025e+00
 3.26620047e+00
 3.29914958e+00
 3.30586694e+00
 3.01324051e+00
 3.01738044e+00
 3.02596436e+00
 3.03695274e+00
 3.04887010e+00
 3.06802124e+00
 3.12548295e+00
 3.19014934e+00
 3.25116267e+00
 3.29230686e+00
 3.30603518e+00
 3.01759423e+00
 3.01835850e+00
 3.02234911e+00
 3.03071753e+00
 3.04358654e+00
 3.06772237e+00
 3.11388360e+00
 3.17380672e+00
 3.23545134e+00
 3.28608685e+00
 3.30725288e+00
 3.01210358e+00
 3.01402700e+00
 3.01961981e+00
 3.02868310e+00
 3.04280586e+00
 3.06729630e+00
 3.10753177e+00
 3.15980454e+00
 3.21064436e+00
 3.24440255e+00
 3.25518308e+00
 3.00888249e+00
 3.01218315e+00
 3.01972633e+00
 3.02999283e+00
 3.04520337e+00
 3.06966543e+00
 3.10701595e+00
 3.15453488e+00
 3.20082866e+00
 3.23207505e+00
 3.24229444e+00
 3.01901934e+00
 3.01860008e+00
 3.02149950e+00
 3.03103416e+00
 3.04724020e+00
 3.07239612e+00
 3.10908871e+00
 3.15538347e+00
 3.20341855e+00
 3.24341202e+00
 3.26050654e+00
 2.99692784e+00
 3.00226123e+00
 3.01399317e+00
 3.02796871e+00
 3.04565496e+00
 3.07204594e+00
 3.10887821e+00
 3.15436046e+00
 3.19591310e+00
 3.21949581e+00
 3.22472138e+00
 2.99318431e+00
 2.99754313e+00
 3.00941047e+00
 3.02404845e+00
 3.04001989e+00
 3.06883000e+00
 3.10445943e+00
 3.15337608e+00
 3.19742919e+00
 3.22917485e+00
 3.24319184e+00
 2.99434251e+00
 2.99671680e+00
 3.00738793e+00
 3.02250397e+00
 3.03189391e+00
 3.06675533e+00
 3.09671563e+00
 3.15331728e+00
 3.19892269e+00
 3.22484974e+00
 3.23617623e+00
 2.99395100e+00
 2.99523184e+00
 3.00620076e+00
 3.02286815e+00
 3.02730447e+00
 3.06685378e+00
 3.09213481e+00
 3.15381045e+00
 3.19967318e+00
 3.21911242e+00
 3.22281000e+00
