 1.08947100e+00
 1.08927192e+00
 1.09020719e+00
 1.09562210e+00
 1.10708923e+00
 1.11898491e+00
 1.12014764e+00
 1.14344821e+00
 1.16793955e+00
 1.21931956e+00
 1.19240684e+00
 1.24057024e+00
 1.27207215e+00
 1.25129957e+00
 1.29285887e+00
 1.32578307e+00
 1.28856029e+00
 1.30669761e+00
 1.34760363e+00
 1.29583724e+00
 1.30341661e+00
 1.29960189e+00
 1.25657095e+00
 1.27552644e+00
 1.25915359e+00
 1.25417899e+00
 1.26632900e+00
 1.24092870e+00
 1.21877484e+00
 1.21508451e+00
 1.22179758e+00
 1.22594700e+00
 1.09501709e+00
 1.09442024e+00
 1.09515808e+00
 1.09995612e+00
 1.11079725e+00
 1.12194972e+00
 1.12530574e+00
 1.14704628e+00
 1.17223035e+00
 1.21880738e+00
 1.19796169e+00
 1.24224073e+00
 1.27227876e+00
 1.25513913e+00
 1.29386404e+00
 1.32437911e+00
 1.29111387e+00
 1.30780956e+00
 1.34430737e+00
 1.29756115e+00
 1.30256896e+00
 1.29755034e+00
 1.25846934e+00
 1.27308567e+00
 1.25847237e+00
 1.25333019e+00
 1.26173254e+00
 1.23903280e+00
 1.21882525e+00
 1.21405592e+00
 1.21679456e+00
 1.21809659e+00
 1.10866088e+00
 1.10804298e+00
 1.10840033e+00
 1.11231504e+00
 1.12159486e+00
 1.13163684e+00
 1.13923263e+00
 1.15806384e+00
 1.18358040e+00
 1.21961784e+00
 1.21223099e+00
 1.24754628e+00
 1.27368512e+00
 1.26519066e+00
 1.29677018e+00
 1.32121668e+00
 1.29752859e+00
 1.31039634e+00
 1.33611962e+00
 1.30111614e+00
 1.30011978e+00
 1.29228932e+00
 1.26204110e+00
 1.26698537e+00
 1.25570069e+00
 1.24974357e+00
 1.25036514e+00
 1.23317531e+00
 1.21708428e+00
 1.20918344e+00
 1.20399398e+00
 1.20118066e+00
 1.12383957e+00
 1.12407775e+00
 1.12575517e+00
 1.13037240e+00
 1.13877136e+00
 1.14860310e+00
 1.15921877e+00
 1.17595454e+00
 1.19943858e+00
 1.22571465e+00
 1.23053855e+00
 1.25668401e+00
 1.27780758e+00
 1.27816461e+00
 1.30120687e+00
 1.31838380e+00
 1.30495529e+00
 1.31279761e+00
 1.32638748e+00
 1.30317788e+00
 1.29607969e+00
 1.28527320e+00
 1.26316759e+00
 1.25900448e+00
 1.24941694e+00
 1.24179278e+00
 1.23599758e+00
 1.22319916e+00
 1.21079165e+00
 1.20111187e+00
 1.19324546e+00
 1.18993453e+00
 1.13735296e+00
 1.13923925e+00
 1.14452796e+00
 1.15217907e+00
 1.16142789e+00
 1.17167437e+00
 1.18339180e+00
 1.19867053e+00
 1.21847214e+00
 1.23832649e+00
 1.24965179e+00
 1.26892190e+00
 1.28525141e+00
 1.29103659e+00
 1.30644411e+00
 1.31705961e+00
 1.31064848e+00
 1.31342975e+00
 1.31707332e+00
 1.30126765e+00
 1.28992059e+00
 1.27670316e+00
 1.25908036e+00
 1.24900335e+00
 1.23860365e+00
 1.22882939e+00
 1.21952909e+00
 1.20919968e+00
 1.20093878e+00
 1.19595714e+00
 1.19330623e+00
 1.19238736e+00
 1.15984732e+00
 1.16305277e+00
 1.17071466e+00
 1.17971792e+00
 1.18899026e+00
 1.19892850e+00
 1.21027697e+00
 1.22388707e+00
 1.23990705e+00
 1.25565209e+00
 1.26832942e+00
 1.28274688e+00
 1.29495693e+00
 1.30203090e+00
 1.31134825e+00
 1.31663339e+00
 1.31288733e+00
 1.31111731e+00
 1.30769857e+00
 1.29447362e+00
 1.28051783e+00
 1.26534428e+00
 1.24883245e+00
 1.23524260e+00
 1.22263981e+00
 1.21058219e+00
 1.19917100e+00
 1.18910048e+00
 1.18267984e+00
 1.18178660e+00
 1.18515746e+00
 1.18746162e+00
 1.21333239e+00
 1.21273917e+00
 1.21243413e+00
 1.21470795e+00
 1.22017760e+00
 1.22820526e+00
 1.23814146e+00
 1.24968132e+00
 1.26237143e+00
 1.27481269e+00
 1.28586326e+00
 1.29633386e+00
 1.30477144e+00
 1.31014396e+00
 1.31445655e+00
 1.31522635e+00
 1.31072163e+00
 1.30483844e+00
 1.29633324e+00
 1.28248647e+00
 1.26649093e+00
 1.24942593e+00
 1.23202812e+00
 1.21589294e+00
 1.20080563e+00
 1.18647789e+00
 1.17291990e+00
 1.16030897e+00
 1.14872280e+00
 1.13794897e+00
 1.12896943e+00
 1.12520387e+00
 1.23819643e+00
 1.23875632e+00
 1.24056096e+00
 1.24398547e+00
 1.24933022e+00
 1.25645307e+00
 1.26491094e+00
 1.27423366e+00
 1.28388349e+00
 1.29307028e+00
 1.30110746e+00
 1.30775480e+00
 1.31233139e+00
 1.31436522e+00
 1.31411304e+00
 1.31061348e+00
 1.30333113e+00
 1.29348320e+00
 1.28081522e+00
 1.26471928e+00
 1.24650608e+00
 1.22732559e+00
 1.20807813e+00
 1.18962311e+00
 1.17222778e+00
 1.15593373e+00
 1.14073838e+00
 1.12655519e+00
 1.11349435e+00
 1.10253461e+00
 1.09536176e+00
 1.09294484e+00
 1.25526207e+00
 1.25710756e+00
 1.26186946e+00
 1.26805729e+00
 1.27472686e+00
 1.28163024e+00
 1.28868589e+00
 1.29569276e+00
 1.30230447e+00
 1.30804582e+00
 1.31243043e+00
 1.31505754e+00
 1.31548724e+00
 1.31339100e+00
 1.30861394e+00
 1.30076700e+00
 1.28970724e+00
 1.27584310e+00
 1.25929669e+00
 1.24020941e+00
 1.21938213e+00
 1.19776696e+00
 1.17621555e+00
 1.15544345e+00
 1.13595776e+00
 1.11819207e+00
 1.10261019e+00
 1.08964525e+00
 1.07949005e+00
 1.07196649e+00
 1.06698666e+00
 1.06515456e+00
 1.28803081e+00
 1.28844155e+00
 1.29006891e+00
 1.29337458e+00
 1.29801783e+00
 1.30314681e+00
 1.30805253e+00
 1.31231485e+00
 1.31562483e+00
 1.31764769e+00
 1.31801469e+00
 1.31636540e+00
 1.31236507e+00
 1.30575285e+00
 1.29634985e+00
 1.28400150e+00
 1.26871683e+00
 1.25073495e+00
 1.23033476e+00
 1.20791302e+00
 1.18414091e+00
 1.15981871e+00
 1.13572164e+00
 1.11254566e+00
 1.09092156e+00
 1.07150862e+00
 1.05510624e+00
 1.04269604e+00
 1.03521026e+00
 1.03273656e+00
 1.03349867e+00
 1.03432286e+00
 1.30524656e+00
 1.30658698e+00
 1.30985844e+00
 1.31363689e+00
 1.31700894e+00
 1.31968594e+00
 1.32155024e+00
 1.32241569e+00
 1.32201425e+00
 1.32002855e+00
 1.31612629e+00
 1.30999488e+00
 1.30136888e+00
 1.29005383e+00
 1.27593593e+00
 1.25898729e+00
 1.23931044e+00
 1.21715652e+00
 1.19288707e+00
 1.16698827e+00
 1.14009151e+00
 1.11290800e+00
 1.08614383e+00
 1.06045449e+00
 1.03643434e+00
 1.01459816e+00
 9.95288454e-01
 9.78517650e-01
 9.63984825e-01
 9.51655643e-01
 9.42694722e-01
 9.39304824e-01
 1.33753809e+00
 1.33672482e+00
 1.33482352e+00
 1.33278673e+00
 1.33102731e+00
 1.32932515e+00
 1.32720754e+00
 1.32417968e+00
 1.31978066e+00
 1.31359980e+00
 1.30528868e+00
 1.29456829e+00
 1.28123436e+00
 1.26516436e+00
 1.24632469e+00
 1.22478078e+00
 1.20071380e+00
 1.17442719e+00
 1.14633713e+00
 1.11696620e+00
 1.08692757e+00
 1.05687972e+00
 1.02747119e+00
 9.99301218e-01
 9.72902710e-01
 9.48744161e-01
 9.27249680e-01
 9.08844112e-01
 8.94010171e-01
 8.83255758e-01
 8.76878962e-01
 8.74798388e-01
 1.34023085e+00
 1.33983164e+00
 1.33844899e+00
 1.33587439e+00
 1.33223674e+00
 1.32775499e+00
 1.32237604e+00
 1.31576180e+00
 1.30747643e+00
 1.29712757e+00
 1.28441226e+00
 1.26911717e+00
 1.25111345e+00
 1.23035784e+00
 1.20689832e+00
 1.18088161e+00
 1.15256008e+00
 1.12229260e+00
 1.09053694e+00
 1.05783592e+00
 1.02479373e+00
 9.92039430e-01
 9.60185473e-01
 9.29791988e-01
 9.01347239e-01
 8.75288330e-01
 8.52099894e-01
 8.32458913e-01
 8.17199109e-01
 8.06866592e-01
 8.01223766e-01
 7.99486044e-01
 1.33129587e+00
 1.33024994e+00
 1.32749029e+00
 1.32366709e+00
 1.31898595e+00
 1.31313580e+00
 1.30564033e+00
 1.29610604e+00
 1.28426036e+00
 1.26990989e+00
 1.25291125e+00
 1.23316956e+00
 1.21065084e+00
 1.18539634e+00
 1.15753378e+00
 1.12728425e+00
 1.09496457e+00
 1.06098389e+00
 1.02583381e+00
 9.90072187e-01
 9.54300449e-01
 9.19135885e-01
 8.85183363e-01
 8.53008945e-01
 8.23107133e-01
 7.95836549e-01
 7.71308413e-01
 7.49329753e-01
 7.29702295e-01
 7.13021191e-01
 7.01253889e-01
 6.96934789e-01
 1.29519740e+00
 1.29569704e+00
 1.29651567e+00
 1.29615344e+00
 1.29327719e+00
 1.28722698e+00
 1.27791555e+00
 1.26549882e+00
 1.25013032e+00
 1.23188170e+00
 1.21076766e+00
 1.18679902e+00
 1.16002695e+00
 1.13057067e+00
 1.09863176e+00
 1.06449911e+00
 1.02854721e+00
 9.91228935e-01
 9.53063390e-01
 9.14619451e-01
 8.76496470e-01
 8.39305065e-01
 8.03653007e-01
 7.70143688e-01
 7.39398036e-01
 7.12107358e-01
 6.89085601e-01
 6.71193637e-01
 6.58964830e-01
 6.52039508e-01
 6.49023488e-01
 6.48262737e-01
 1.28230875e+00
 1.28143487e+00
 1.27860563e+00
 1.27338038e+00
 1.26542930e+00
 1.25466549e+00
 1.24111258e+00
 1.22476662e+00
 1.20557935e+00
 1.18349808e+00
 1.15850083e+00
 1.13061952e+00
 1.09995649e+00
 1.06669511e+00
 1.03110352e+00
 9.93532251e-01
 9.54407037e-01
 9.14217851e-01
 8.73504840e-01
 8.32841956e-01
 7.92820099e-01
 7.54032189e-01
 7.17061495e-01
 6.82472008e-01
 6.50800224e-01
 6.22559604e-01
 5.98286666e-01
 5.78620644e-01
 5.64241990e-01
 5.55395622e-01
 5.51246273e-01
 5.50157067e-01
 1.26796520e+00
 1.26456047e+00
 1.25535258e+00
 1.24251302e+00
 1.22777663e+00
 1.21166786e+00
 1.19385876e+00
 1.17381465e+00
 1.15113059e+00
 1.12558562e+00
 1.09710816e+00
 1.06574514e+00
 1.03164708e+00
 9.95059803e-01
 9.56315779e-01
 9.15823281e-01
 8.74053721e-01
 8.31527779e-01
 7.88800080e-01
 7.46442595e-01
 7.05028575e-01
 6.65119649e-01
 6.27255793e-01
 5.91938601e-01
 5.59580365e-01
 5.30373719e-01
 5.04071900e-01
 4.79868696e-01
 4.56898400e-01
 4.35712123e-01
 4.19622603e-01
 4.13461178e-01
 1.18853535e+00
 1.18780963e+00
 1.18500199e+00
 1.17880509e+00
 1.16833430e+00
 1.15357947e+00
 1.13500056e+00
 1.11300790e+00
 1.08780185e+00
 1.05946083e+00
 1.02805954e+00
 9.93737947e-01
 9.56726467e-01
 9.17346475e-01
 8.75998779e-01
 8.33147642e-01
 7.89304907e-01
 7.45015506e-01
 7.00842600e-01
 6.57350507e-01
 6.15087320e-01
 5.74572602e-01
 5.36296521e-01
 5.00738521e-01
 4.68420955e-01
 4.40020950e-01
 4.16533241e-01
 3.99317613e-01
 3.89589226e-01
 3.87051729e-01
 3.88688654e-01
 3.89984363e-01
 1.13312250e+00
 1.13141878e+00
 1.12619585e+00
 1.11729791e+00
 1.10468837e+00
 1.08837416e+00
 1.06837029e+00
 1.04473766e+00
 1.01758075e+00
 9.87031844e-01
 9.53265176e-01
 9.16524314e-01
 8.77137396e-01
 8.35513573e-01
 7.92126578e-01
 7.47494266e-01
 7.02161721e-01
 6.56690222e-01
 6.11646630e-01
 5.67586144e-01
 5.25029903e-01
 4.84446538e-01
 4.46245344e-01
 4.10785051e-01
 3.78401461e-01
 3.49446640e-01
 3.24295277e-01
 3.03250605e-01
 2.86404616e-01
 2.73743537e-01
 2.65594344e-01
 2.62727418e-01
 1.07321112e+00
 1.07027195e+00
 1.06225141e+00
 1.05055180e+00
 1.03582871e+00
 1.01795278e+00
 9.96602896e-01
 9.71585451e-01
 9.42873112e-01
 9.10576917e-01
 8.74926289e-01
 8.36257652e-01
 7.95001190e-01
 7.51659907e-01
 7.06781938e-01
 6.60932764e-01
 6.14678021e-01
 5.68582642e-01
 5.23213027e-01
 4.79120947e-01
 4.36810282e-01
 3.96707663e-01
 3.59146136e-01
 3.24349645e-01
 2.92400542e-01
 2.63186593e-01
 2.36375457e-01
 2.11572254e-01
 1.88848188e-01
 1.69462530e-01
 1.55969578e-01
 1.51081634e-01
 9.82230528e-01
 9.81928276e-01
 9.79619343e-01
 9.72894672e-01
 9.60755315e-01
 9.43562013e-01
 9.21884105e-01
 8.96027561e-01
 8.66159703e-01
 8.32489215e-01
 7.95339405e-01
 7.55152565e-01
 7.12466948e-01
 6.67882496e-01
 6.22020971e-01
 5.75485694e-01
 5.28840006e-01
 4.82627988e-01
 4.37410448e-01
 3.93752311e-01
 3.52162383e-01
 3.13048857e-01
 2.76716689e-01
 2.43380940e-01
 2.13177801e-01
 1.86200798e-01
 1.62614511e-01
 1.42817759e-01
 1.27433378e-01
 1.16911398e-01
 1.11066325e-01
 1.09240250e-01
 9.34076876e-01
 9.29667016e-01
 9.18555449e-01
 9.04322843e-01
 8.88292763e-01
 8.69648792e-01
 8.47299593e-01
 8.20729454e-01
 7.89913370e-01
 7.55102356e-01
 7.16722192e-01
 6.75329319e-01
 6.31572472e-01
 5.86148236e-01
 5.39752688e-01
 4.93019362e-01
 4.46470671e-01
 4.00577656e-01
 3.55886606e-01
 3.13014915e-01
 2.72510830e-01
 2.34772021e-01
 2.00083425e-01
 1.68692848e-01
 1.40858678e-01
 1.16862228e-01
 9.69803869e-02
 8.13963234e-02
 7.00735474e-02
 6.26847345e-02
 5.86619464e-02
 5.74097487e-02
 8.23585891e-01
 8.25150514e-01
 8.26978832e-01
 8.24063966e-01
 8.14096380e-01
 7.97494284e-01
 7.75276863e-01
 7.48104917e-01
 7.16382956e-01
 6.80524903e-01
 6.41072830e-01
 5.98692974e-01
 5.54139454e-01
 5.08197534e-01
 4.61644441e-01
 4.15160529e-01
 3.69168702e-01
 3.23948462e-01
 2.80013274e-01
 2.38132679e-01
 1.98954067e-01
 1.62835332e-01
 1.29970947e-01
 1.00566817e-01
 7.49058244e-02
 5.33011525e-02
 3.59658983e-02
 2.28023562e-02
 1.32615281e-02
 6.58249745e-03
 2.38948285e-03
 9.12709274e-04
 7.97802364e-01
 7.93335308e-01
 7.82202096e-01
 7.67965180e-01
 7.51582581e-01
 7.32055367e-01
 7.08389487e-01
 6.80174099e-01
 6.47428489e-01
 6.10519994e-01
 5.70081847e-01
 5.26860652e-01
 4.81716445e-01
 4.35494590e-01
 3.89058133e-01
 3.43237513e-01
 2.98284864e-01
 2.54012653e-01
 2.10855941e-01
 1.69996082e-01
 1.32281782e-01
 9.79521459e-02
 6.69664330e-02
 3.93727175e-02
 1.53904666e-02
 -4.70819718e-03
 -2.06554135e-02
 -3.22109815e-02
 -3.93085581e-02
 -4.24612839e-02
 -4.30908974e-02
 -4.30129754e-02
 7.24885486e-01
 7.23626116e-01
 7.18547584e-01
 7.08037092e-01
 6.92273523e-01
 6.72007058e-01
 6.47410315e-01
 6.18269668e-01
 5.84466103e-01
 5.46455769e-01
 5.05116288e-01
 4.61133746e-01
 4.15569347e-01
 3.69236335e-01
 3.23018046e-01
 2.78237657e-01
 2.34929653e-01
 1.91828446e-01
 1.49149463e-01
 1.09159507e-01
 7.29931671e-02
 4.06406900e-02
 1.15856811e-02
 -1.43919836e-02
 -3.71167763e-02
 -5.64731049e-02
 -7.24756075e-02
 -8.52279309e-02
 -9.47624250e-02
 -1.01076151e-01
 -1.04436717e-01
 -1.05441538e-01
 6.76403075e-01
 6.73387016e-01
 6.65416054e-01
 6.53717597e-01
 6.38068802e-01
 6.17949478e-01
 5.93167748e-01
 5.63517336e-01
 5.28598076e-01
 4.89269680e-01
 4.47303583e-01
 4.02482367e-01
 3.56704125e-01
 3.10425319e-01
 2.64211615e-01
 2.20783156e-01
 1.79985282e-01
 1.38309597e-01
 9.52489547e-02
 5.58969945e-02
 2.13155639e-02
 -8.75583532e-03
 -3.57780209e-02
 -6.03428046e-02
 -8.19875239e-02
 -1.00749845e-01
 -1.16824775e-01
 -1.30951566e-01
 -1.43920922e-01
 -1.55635782e-01
 -1.64462447e-01
 -1.67843244e-01
 6.22458523e-01
 6.21300725e-01
 6.16571295e-01
 6.06661206e-01
 5.91441675e-01
 5.71406583e-01
 5.46657108e-01
 5.17029794e-01
 4.80766146e-01
 4.39290556e-01
 3.97793341e-01
 3.51469635e-01
 3.05914168e-01
 2.59976849e-01
 2.13029437e-01
 1.71171034e-01
 1.34057011e-01
 9.43253825e-02
 4.90214369e-02
 1.04048878e-02
 -2.27925533e-02
 -5.00245109e-02
 -7.48879479e-02
 -9.84625810e-02
 -1.18969775e-01
 -1.37115351e-01
 -1.52165755e-01
 -1.64762451e-01
 -1.75919008e-01
 -1.85403096e-01
 -1.91976942e-01
 -1.94347938e-01
 5.90177985e-01
 5.87721062e-01
 5.80506848e-01
 5.68820269e-01
 5.52908361e-01
 5.32979708e-01
 5.08253102e-01
 4.79696163e-01
 4.42044553e-01
 3.95854298e-01
 3.58229315e-01
 3.08062128e-01
 2.63889303e-01
 2.18743498e-01
 1.69669224e-01
 1.29562764e-01
 9.73003732e-02
 6.07557540e-02
 9.74246928e-03
 -2.68218956e-02
 -5.96823706e-02
 -8.30017030e-02
 -1.05649189e-01
 -1.29261404e-01
 -1.47979416e-01
 -1.66397724e-01
 -1.79961840e-01
 -1.89177327e-01
 -1.96455357e-01
 -2.01806790e-01
 -2.04841274e-01
 -2.05782979e-01
 5.66572974e-01
 5.63103790e-01
 5.53014764e-01
 5.38737926e-01
 5.22272049e-01
 5.03199127e-01
 4.77755627e-01
 4.51729013e-01
 4.13997710e-01
 3.57274151e-01
 3.30880987e-01
 2.71605040e-01
 2.31367586e-01
 1.87297706e-01
 1.34363944e-01
 9.62920161e-02
 6.92610920e-02
 3.82168263e-02
 -2.36101078e-02
 -5.47990825e-02
 -8.99305126e-02
 -1.07560446e-01
 -1.28117889e-01
 -1.53792533e-01
 -1.68528910e-01
 -1.89894538e-01
 -2.02100804e-01
 -2.06933284e-01
 -2.10908196e-01
 -2.14121552e-01
 -2.15577280e-01
 -2.15823674e-01
 5.46003381e-01
 5.41524776e-01
 5.29265228e-01
 5.14247485e-01
 4.99401886e-01
 4.82658858e-01
 4.54986966e-01
 4.32281340e-01
 3.97894680e-01
 3.22741444e-01
 3.17008532e-01
 2.41820111e-01
 2.08974749e-01
 1.65586438e-01
 1.07725929e-01
 7.19801577e-02
 4.91662061e-02
 2.61149576e-02
 -5.11246872e-02
 -7.27949071e-02
 -1.13684531e-01
 -1.23871174e-01
 -1.42666499e-01
 -1.73041009e-01
 -1.80125093e-01
 -2.08566032e-01
 -2.19174922e-01
 -2.18847169e-01
 -2.20151801e-01
 -2.23697013e-01
 -2.26509066e-01
 -2.27150715e-01
 5.30807561e-01
 5.26008102e-01
 5.12537419e-01
 4.97563460e-01
 4.85310063e-01
 4.71245857e-01
 4.40559786e-01
 4.20349168e-01
 3.92032741e-01
 2.96090048e-01
 3.13641671e-01
 2.20807292e-01
 1.96481145e-01
 1.52982703e-01
 9.08962496e-02
 5.72306324e-02
 3.67300485e-02
 2.16632552e-02
 -7.04644713e-02
 -8.17714980e-02
 -1.29654121e-01
 -1.32778974e-01
 -1.50315209e-01
 -1.86420382e-01
 -1.84222007e-01
 -2.21753615e-01
 -2.30251581e-01
 -2.25458769e-01
 -2.24270556e-01
 -2.28768471e-01
 -2.34563747e-01
 -2.36683525e-01
 5.25124000e-01
 5.19616497e-01
 5.06075349e-01
 4.91400526e-01
 4.80555367e-01
 4.67702288e-01
 4.35574488e-01
 4.16185386e-01
 3.91154433e-01
 2.85633108e-01
 3.13840723e-01
 2.12973838e-01
 1.92595290e-01
 1.48856504e-01
 8.51067579e-02
 5.23046492e-02
 3.24512469e-02
 2.08449983e-02
 -7.76104347e-02
 -8.42770018e-02
 -1.35412074e-01
 -1.35539549e-01
 -1.52594154e-01
 -1.91413529e-01
 -1.84780355e-01
 -2.26742257e-01
 -2.34094238e-01
 -2.27574884e-01
 -2.25230147e-01
 -2.30111033e-01
 -2.37207872e-01
 -2.40429000e-01
