 -1.77584500e+00
 -1.77592777e+00
 -1.79275134e+00
 -1.84133659e+00
 -1.86243158e+00
 -1.81649202e+00
 -1.80116835e+00
 -1.68912984e+00
 -1.62953188e+00
 -1.52567701e+00
 -1.45025481e+00
 -1.42582300e+00
 -1.78799997e+00
 -1.79490909e+00
 -1.81200598e+00
 -1.84749745e+00
 -1.85766746e+00
 -1.81263770e+00
 -1.77801560e+00
 -1.67068790e+00
 -1.59425001e+00
 -1.49405782e+00
 -1.42118202e+00
 -1.39827038e+00
 -1.83860648e+00
 -1.84319488e+00
 -1.84847580e+00
 -1.85252997e+00
 -1.83517490e+00
 -1.77949442e+00
 -1.70614065e+00
 -1.59508811e+00
 -1.48939818e+00
 -1.38975831e+00
 -1.32236288e+00
 -1.30039031e+00
 -1.88749904e+00
 -1.87404593e+00
 -1.84836630e+00
 -1.81681486e+00
 -1.76357742e+00
 -1.67773344e+00
 -1.56467811e+00
 -1.43135641e+00
 -1.30075638e+00
 -1.19174361e+00
 -1.12199063e+00
 -1.09886538e+00
 -1.76551894e+00
 -1.76453816e+00
 -1.74568591e+00
 -1.69228166e+00
 -1.60188408e+00
 -1.47687576e+00
 -1.32578439e+00
 -1.16361585e+00
 -1.01114256e+00
 -8.88045388e-01
 -8.08232774e-01
 -7.80298498e-01
 -1.62860939e+00
 -1.60898696e+00
 -1.55294028e+00
 -1.46097265e+00
 -1.33191355e+00
 -1.17007100e+00
 -9.87313285e-01
 -8.01611384e-01
 -6.33345465e-01
 -5.00946123e-01
 -4.18162132e-01
 -3.90664015e-01
 -1.35579919e+00
 -1.32824113e+00
 -1.25055689e+00
 -1.13070874e+00
 -9.73308430e-01
 -7.86315048e-01
 -5.84938990e-01
 -3.88517389e-01
 -2.15933486e-01
 -8.13361231e-02
 6.48880735e-03
 3.80036824e-02
 -9.68853329e-01
 -9.45879152e-01
 -8.73608348e-01
 -7.49272727e-01
 -5.80593287e-01
 -3.83927029e-01
 -1.79601730e-01
 1.28800433e-02
 1.76129231e-01
 2.96136844e-01
 3.65228967e-01
 3.86370601e-01
 -6.22385581e-01
 -5.99027759e-01
 -5.22970511e-01
 -3.93172153e-01
 -2.20967520e-01
 -2.55362457e-02
 1.69042949e-01
 3.47190429e-01
 4.95887457e-01
 6.04108443e-01
 6.70295462e-01
 6.93346244e-01
 -3.78949499e-01
 -3.43617406e-01
 -2.52433893e-01
 -1.15605360e-01
 5.55205905e-02
 2.46303083e-01
 4.23758540e-01
 5.83357963e-01
 7.18636202e-01
 8.13073720e-01
 8.67558753e-01
 8.85609303e-01
 -1.85850527e-01
 -1.59436691e-01
 -8.12926588e-02
 5.89063497e-02
 2.23958605e-01
 4.13726948e-01
 5.73308575e-01
 7.17007909e-01
 8.45735153e-01
 9.29332973e-01
 9.70751697e-01
 9.83373312e-01
 -1.06505000e-01
 -9.26063734e-02
 -2.53816008e-02
 1.18906979e-01
 2.79320931e-01
 4.70494192e-01
 6.21770443e-01
 7.59140031e-01
 8.86827594e-01
 9.67158273e-01
 1.00344571e+00
 1.01260800e+00
