 2.99395100e+00
 2.99523184e+00
 3.00620076e+00
 3.02286815e+00
 3.02730447e+00
 3.06685378e+00
 3.09213481e+00
 3.15381045e+00
 3.19967318e+00
 3.21911242e+00
 3.22281000e+00
 2.99290519e+00
 2.99333871e+00
 3.00235618e+00
 3.01765446e+00
 3.02798113e+00
 3.06383708e+00
 3.09439844e+00
 3.15089426e+00
 3.19547792e+00
 3.21865648e+00
 3.22739673e+00
 2.97609584e+00
 2.97844914e+00
 2.98855112e+00
 3.00497032e+00
 3.02473722e+00
 3.05745454e+00
 3.09543442e+00
 3.14402826e+00
 3.18522833e+00
 3.21211531e+00
 3.22297067e+00
 2.94046658e+00
 2.94804858e+00
 2.96494444e+00
 2.98609758e+00
 3.01264200e+00
 3.04759200e+00
 3.08950400e+00
 3.13424635e+00
 3.17103831e+00
 3.19211493e+00
 3.19793041e+00
 2.92364284e+00
 2.92650182e+00
 2.93830721e+00
 2.96067492e+00
 2.99216124e+00
 3.03185449e+00
 3.07710893e+00
 3.12185102e+00
 3.15829292e+00
 3.18198038e+00
 3.19058827e+00
 2.87878861e+00
 2.88513292e+00
 2.90239182e+00
 2.92956113e+00
 2.96675108e+00
 3.01225679e+00
 3.06165993e+00
 3.10814878e+00
 3.14472670e+00
 3.16642399e+00
 3.17296069e+00
 2.84431674e+00
 2.85003265e+00
 2.86818476e+00
 2.89952850e+00
 2.94314252e+00
 2.99482502e+00
 3.04803511e+00
 3.09557363e+00
 3.13306198e+00
 3.15902902e+00
 3.16913503e+00
 2.81422222e+00
 2.82079598e+00
 2.84100555e+00
 2.87681387e+00
 2.92820664e+00
 2.98488381e+00
 3.04025534e+00
 3.08565423e+00
 3.11643527e+00
 3.13348038e+00
 3.13844679e+00
 2.79071784e+00
 2.79879487e+00
 2.82391253e+00
 2.86096889e+00
 2.92514102e+00
 2.98173349e+00
 3.03884692e+00
 3.08190660e+00
 3.10400832e+00
 3.11573463e+00
 3.11959312e+00
 2.75871664e+00
 2.78340029e+00
 2.82428190e+00
 2.84437738e+00
 2.93331520e+00
 2.97916235e+00
 3.04107762e+00
 3.08376347e+00
 3.09642359e+00
 3.10358066e+00
 3.10641451e+00
 2.74227000e+00
 2.78375344e+00
 2.83173276e+00
 2.83341686e+00
 2.94056352e+00
 2.97673017e+00
 3.04284301e+00
 3.08559711e+00
 3.09349738e+00
 3.09747125e+00
 3.10075400e+00
