 3.58294500e+00
 3.59224764e+00
 3.59022657e+00
 3.54926022e+00
 3.51652868e+00
 3.42478173e+00
 3.34969648e+00
 3.28126306e+00
 3.17651188e+00
 3.15160204e+00
 3.16102400e+00
 3.58838809e+00
 3.59064342e+00
 3.58369827e+00
 3.54787204e+00
 3.50856038e+00
 3.42377660e+00
 3.34727449e+00
 3.27433047e+00
 3.18554277e+00
 3.15809641e+00
 3.15760208e+00
 3.59827366e+00
 3.59110249e+00
 3.57156456e+00
 3.53787867e+00
 3.48998236e+00
 3.41559051e+00
 3.33708533e+00
 3.26004141e+00
 3.19125159e+00
 3.15598535e+00
 3.14552729e+00
 3.58315094e+00
 3.57293105e+00
 3.54869783e+00
 3.51386487e+00
 3.46291804e+00
 3.39284609e+00
 3.31357406e+00
 3.23626613e+00
 3.17296808e+00
 3.13348986e+00
 3.12009810e+00
 3.51138758e+00
 3.51161938e+00
 3.50288432e+00
 3.47352358e+00
 3.42149343e+00
 3.35053828e+00
 3.26996902e+00
 3.19234995e+00
 3.12962102e+00
 3.08961612e+00
 3.07593059e+00
 3.48098265e+00
 3.47592490e+00
 3.45712398e+00
 3.41908941e+00
 3.36033215e+00
 3.28476176e+00
 3.20181999e+00
 3.12415341e+00
 3.06275036e+00
 3.02415974e+00
 3.01109008e+00
 3.45017379e+00
 3.43546187e+00
 3.39874750e+00
 3.34631140e+00
 3.27818401e+00
 3.19767902e+00
 3.11341408e+00
 3.03770261e+00
 2.97966431e+00
 2.94384672e+00
 2.93183258e+00
 3.35011761e+00
 3.34266797e+00
 3.31312253e+00
 3.25735739e+00
 3.18464662e+00
 3.10396088e+00
 3.02029968e+00
 2.94919909e+00
 2.89634880e+00
 2.86356919e+00
 2.85260228e+00
 3.28876229e+00
 3.27648610e+00
 3.23990972e+00
 3.17347848e+00
 3.09914967e+00
 3.02695827e+00
 2.94047020e+00
 2.87676935e+00
 2.83095528e+00
 2.79932499e+00
 2.78847250e+00
 3.24052847e+00
 3.23252418e+00
 3.19706914e+00
 3.11220775e+00
 3.03840194e+00
 2.98399193e+00
 2.88451661e+00
 2.83167086e+00
 2.79433465e+00
 2.76099290e+00
 2.74821086e+00
 3.21810300e+00
 3.21858831e+00
 3.18538361e+00
 3.08865493e+00
 3.01572734e+00
 2.97252870e+00
 2.86302461e+00
 2.81691029e+00
 2.78382869e+00
 2.74975419e+00
 2.73467500e+00
