 3.30976200e+00
 3.33544913e+00
 3.38945680e+00
 3.43794301e+00
 3.50899942e+00
 3.54183995e+00
 3.62071072e+00
 3.66050034e+00
 3.67028722e+00
 3.66829457e+00
 3.66372500e+00
 3.30586694e+00
 3.32875567e+00
 3.38004686e+00
 3.43463770e+00
 3.50256417e+00
 3.54503222e+00
 3.61600484e+00
 3.65563044e+00
 3.66574784e+00
 3.66048915e+00
 3.65271455e+00
 3.30603518e+00
 3.32134197e+00
 3.36312999e+00
 3.42215524e+00
 3.48892559e+00
 3.54625441e+00
 3.60590834e+00
 3.64413412e+00
 3.65784754e+00
 3.65581677e+00
 3.65128611e+00
 3.30725288e+00
 3.31436650e+00
 3.34482177e+00
 3.40222766e+00
 3.47207434e+00
 3.53785416e+00
 3.59334042e+00
 3.63128980e+00
 3.65401682e+00
 3.67011269e+00
 3.67777473e+00
 3.25518308e+00
 3.27132504e+00
 3.31489268e+00
 3.37832047e+00
 3.45167698e+00
 3.52104841e+00
 3.57630690e+00
 3.61403923e+00
 3.63714624e+00
 3.64992484e+00
 3.65399037e+00
 3.24229444e+00
 3.25702149e+00
 3.29751902e+00
 3.35793661e+00
 3.42948962e+00
 3.49825627e+00
 3.55263108e+00
 3.58869232e+00
 3.60783532e+00
 3.61408605e+00
 3.61466063e+00
 3.26050654e+00
 3.26622701e+00
 3.29192978e+00
 3.34221307e+00
 3.40724676e+00
 3.47167797e+00
 3.52272336e+00
 3.55689211e+00
 3.57709628e+00
 3.58738235e+00
 3.59052945e+00
 3.22472138e+00
 3.24051761e+00
 3.27740292e+00
 3.32668886e+00
 3.38577975e+00
 3.44493768e+00
 3.48974224e+00
 3.51894396e+00
 3.53835559e+00
 3.55064940e+00
 3.55539464e+00
 3.24319184e+00
 3.24933469e+00
 3.27427311e+00
 3.31423363e+00
 3.36645171e+00
 3.42369996e+00
 3.45996188e+00
 3.47951367e+00
 3.49623110e+00
 3.50066335e+00
 3.50190055e+00
 3.23617623e+00
 3.24619565e+00
 3.27505442e+00
 3.30465878e+00
 3.35110305e+00
 3.41230057e+00
 3.44051170e+00
 3.44616965e+00
 3.47226144e+00
 3.46076136e+00
 3.44905114e+00
 3.22281000e+00
 3.24195617e+00
 3.27698355e+00
 3.30040825e+00
 3.34478635e+00
 3.40930236e+00
 3.43437943e+00
 3.43119789e+00
 3.46872535e+00
 3.45033877e+00
 3.42596100e+00
