 5.19887000e-01
 5.17367838e-01
 5.09591792e-01
 4.96183003e-01
 4.77409010e-01
 4.55390102e-01
 4.32469337e-01
 3.92825493e-01
 3.59121026e-01
 3.55849116e-01
 2.93758292e-01
 2.63598230e-01
 2.22845476e-01
 1.75131035e-01
 1.33342669e-01
 1.12502266e-01
 5.54957058e-02
 1.16656818e-02
 2.21168506e-02
 -3.72543403e-02
 -7.61249652e-02
 -7.29678744e-02
 -1.28382144e-01
 -1.30026731e-01
 -1.83730570e-01
 -2.00573098e-01
 -1.89726162e-01
 -1.94925275e-01
 -2.06410159e-01
 -2.16072142e-01
 -2.21683603e-01
 -2.23443000e-01
 5.16467793e-01
 5.13359320e-01
 5.05012051e-01
 4.91346749e-01
 4.72785092e-01
 4.50852943e-01
 4.27291925e-01
 3.88910558e-01
 3.56216201e-01
 3.48910496e-01
 2.90582819e-01
 2.58862868e-01
 2.18448150e-01
 1.71226307e-01
 1.30006099e-01
 1.07315188e-01
 5.21508356e-02
 9.67600870e-03
 1.58905405e-02
 -4.03280197e-02
 -7.81258582e-02
 -7.88010773e-02
 -1.29632906e-01
 -1.35550976e-01
 -1.84507422e-01
 -2.01587229e-01
 -1.93628899e-01
 -1.98970604e-01
 -2.09850524e-01
 -2.19276006e-01
 -2.24808903e-01
 -2.26788205e-01
 5.04005048e-01
 5.00328000e-01
 4.90900512e-01
 4.76871357e-01
 4.58784320e-01
 4.37095002e-01
 4.12335025e-01
 3.77058914e-01
 3.46257098e-01
 3.30009385e-01
 2.80019007e-01
 2.45134304e-01
 2.05338232e-01
 1.59598337e-01
 1.19617029e-01
 9.25674049e-02
 4.20538121e-02
 2.75814810e-03
 -1.22756049e-03
 -4.97904796e-02
 -8.50527304e-02
 -9.43286792e-02
 -1.35164206e-01
 -1.49765701e-01
 -1.88291609e-01
 -2.05518823e-01
 -2.04217056e-01
 -2.10169141e-01
 -2.19784005e-01
 -2.28427811e-01
 -2.33928883e-01
 -2.36036379e-01
 4.77805808e-01
 4.74603039e-01
 4.65787657e-01
 4.52466183e-01
 4.35229581e-01
 4.14012119e-01
 3.88704467e-01
 3.56854818e-01
 3.27181986e-01
 3.02704689e-01
 2.60401804e-01
 2.23254940e-01
 1.83899055e-01
 1.40375250e-01
 1.01542966e-01
 7.00501014e-02
 2.50851852e-02
 -1.09449889e-02
 -2.58611356e-02
 -6.60529315e-02
 -9.84976635e-02
 -1.15836901e-01
 -1.47685457e-01
 -1.68580184e-01
 -1.97464833e-01
 -2.14168696e-01
 -2.19366884e-01
 -2.26471082e-01
 -2.35011982e-01
 -2.42563795e-01
 -2.47513706e-01
 -2.49291808e-01
 4.36193183e-01
 4.34277853e-01
 4.28359116e-01
 4.17830068e-01
 4.02329864e-01
 3.81974795e-01
 3.57088683e-01
 3.27828462e-01
 2.98364382e-01
 2.69067275e-01
 2.31411735e-01
 1.93752910e-01
 1.54838350e-01
 1.13681145e-01
 7.56970281e-02
 4.13784235e-02
 1.25693939e-03
 -3.24460656e-02
 -5.51886449e-02
 -8.90402725e-02
 -1.18972671e-01
 -1.41005404e-01
 -1.67459586e-01
 -1.90059731e-01
 -2.12762425e-01
 -2.28517260e-01
 -2.37704152e-01
 -2.45904153e-01
 -2.53593437e-01
 -2.59725796e-01
 -2.63563868e-01
 -2.64887569e-01
 3.88829587e-01
 3.88141299e-01
 3.84627707e-01
 3.75978483e-01
 3.61510300e-01
 3.41829585e-01
 3.17733812e-01
 2.90059169e-01
 2.60612221e-01
 2.29429529e-01
 1.94053332e-01
 1.57045480e-01
 1.18935924e-01
 7.98827255e-02
 4.27249993e-02
 7.50470967e-03
 -2.90525392e-02
 -6.12545845e-02
 -8.79245942e-02
 -1.17879647e-01
 -1.45629884e-01
 -1.69157860e-01
 -1.92699484e-01
 -2.14162432e-01
 -2.33291798e-01
 -2.47988073e-01
 -2.58685090e-01
 -2.67415954e-01
 -2.74577996e-01
 -2.79717515e-01
 -2.82559314e-01
 -2.83411276e-01
 3.55744125e-01
 3.52499759e-01
 3.43664252e-01
 3.30724243e-01
 3.14323519e-01
 2.94420258e-01
 2.70972038e-01
 2.44310346e-01
 2.15172639e-01
 1.83765011e-01
 1.49688738e-01
 1.13835265e-01
 7.69660318e-02
 3.97656979e-02
 3.71224971e-03
 -3.09846809e-02
 -6.49826363e-02
 -9.59285454e-02
 -1.23643021e-01
 -1.51182767e-01
 -1.76924645e-01
 -1.99947945e-01
 -2.21418162e-01
 -2.40826653e-01
 -2.57558518e-01
 -2.71056075e-01
 -2.81689566e-01
 -2.90276637e-01
 -2.97224975e-01
 -3.02612465e-01
 -3.06231178e-01
 -3.07550577e-01
 2.98727611e-01
 2.95722466e-01
 2.87344923e-01
 2.74864621e-01
 2.59056199e-01
 2.39955699e-01
 2.17454874e-01
 1.91750397e-01
 1.63308407e-01
 1.32510916e-01
 9.96060842e-02
 6.51553158e-02
 2.98572630e-02
 -5.52395192e-03
 -4.00757859e-02
 -7.33910876e-02
 -1.05275379e-01
 -1.34769838e-01
 -1.61842661e-01
 -1.87436216e-01
 -2.11158322e-01
 -2.32631654e-01
 -2.52064555e-01
 -2.69279789e-01
 -2.83969064e-01
 -2.96022668e-01
 -3.05680040e-01
 -3.13309654e-01
 -3.19156139e-01
 -3.23288286e-01
 -3.25697772e-01
 -3.26471547e-01
 2.19151442e-01
 2.18513881e-01
 2.15646580e-01
 2.08708818e-01
 1.96656021e-01
 1.79656627e-01
 1.58449905e-01
 1.33800680e-01
 1.06354793e-01
 7.66332132e-02
 4.50932205e-02
 1.22712559e-02
 -2.11953965e-02
 -5.46056835e-02
 -8.72617409e-02
 -1.18670668e-01
 -1.48441512e-01
 -1.76105362e-01
 -2.01591193e-01
 -2.25144887e-01
 -2.46683896e-01
 -2.66066614e-01
 -2.83287916e-01
 -2.98280165e-01
 -3.10963764e-01
 -3.21366023e-01
 -3.29610905e-01
 -3.35824224e-01
 -3.40143416e-01
 -3.42841831e-01
 -3.44299589e-01
 -3.44766601e-01
 1.65848232e-01
 1.63855212e-01
 1.57873514e-01
 1.47922819e-01
 1.34099593e-01
 1.16619298e-01
 9.58068568e-02
 7.20531577e-02
 4.57872757e-02
 1.74638313e-02
 -1.24345654e-02
 -4.33722485e-02
 -7.47524979e-02
 -1.05944666e-01
 -1.36345700e-01
 -1.65458339e-01
 -1.92881666e-01
 -2.18301373e-01
 -2.41605322e-01
 -2.62823273e-01
 -2.81935746e-01
 -2.98903357e-01
 -3.13724873e-01
 -3.26417269e-01
 -3.37039649e-01
 -3.45726321e-01
 -3.52660613e-01
 -3.57995101e-01
 -3.61782088e-01
 -3.64040427e-01
 -3.65012500e-01
 -3.65231627e-01
 1.10189024e-01
 1.06835834e-01
 9.76833068e-02
 8.45800467e-02
 6.88619360e-02
 5.09067625e-02
 3.06262263e-02
 7.98715446e-03
 -1.68232232e-02
 -4.34426128e-02
 -7.14056598e-02
 -1.00184091e-01
 -1.29209691e-01
 -1.57903917e-01
 -1.85721921e-01
 -2.12196831e-01
 -2.36958328e-01
 -2.59746717e-01
 -2.80435353e-01
 -2.98994774e-01
 -3.15424796e-01
 -3.29742324e-01
 -3.41994899e-01
 -3.52267978e-01
 -3.60701274e-01
 -3.67509092e-01
 -3.72997036e-01
 -3.77571330e-01
 -3.81671838e-01
 -3.85481613e-01
 -3.88507747e-01
 -3.89708822e-01
 1.93485103e-02
 1.84364957e-02
 1.50832525e-02
 8.14792400e-03
 -2.91735610e-03
 -1.78444976e-02
 -3.60154162e-02
 -5.68339812e-02
 -7.97884611e-02
 -1.04390964e-01
 -1.30133805e-01
 -1.56482023e-01
 -1.82886080e-01
 -2.08806077e-01
 -2.33743563e-01
 -2.57272648e-01
 -2.79061174e-01
 -2.98883099e-01
 -3.16619963e-01
 -3.32239173e-01
 -3.45762422e-01
 -3.57249747e-01
 -3.66796788e-01
 -3.74534271e-01
 -3.80625261e-01
 -3.85251741e-01
 -3.88576858e-01
 -3.90681144e-01
 -3.91546330e-01
 -3.91259372e-01
 -3.90391033e-01
 -3.89925245e-01
 -4.57158580e-02
 -4.73733162e-02
 -5.22347653e-02
 -6.01310307e-02
 -7.10086400e-02
 -8.48254349e-02
 -1.01389849e-01
 -1.20348739e-01
 -1.41254277e-01
 -1.63611300e-01
 -1.86897323e-01
 -2.10576681e-01
 -2.34118040e-01
 -2.57016055e-01
 -2.78815730e-01
 -2.99135607e-01
 -3.17685031e-01
 -3.34272741e-01
 -3.48804475e-01
 -3.61268679e-01
 -3.71717400e-01
 -3.80251625e-01
 -3.87011778e-01
 -3.92168432e-01
 -3.95909598e-01
 -3.98428686e-01
 -3.99933506e-01
 -4.00699577e-01
 -4.01119406e-01
 -4.01577867e-01
 -4.02122277e-01
 -4.02388603e-01
 -1.09076852e-01
 -1.10911492e-01
 -1.16201998e-01
 -1.24457995e-01
 -1.35226598e-01
 -1.48267632e-01
 -1.63459453e-01
 -1.80616317e-01
 -1.99408235e-01
 -2.19388414e-01
 -2.40051118e-01
 -2.60876703e-01
 -2.81360962e-01
 -3.01037198e-01
 -3.19496198e-01
 -3.36404116e-01
 -3.51515657e-01
 -3.64679918e-01
 -3.75837510e-01
 -3.85009976e-01
 -3.92285746e-01
 -3.97807203e-01
 -4.01760184e-01
 -4.04363956e-01
 -4.05858176e-01
 -4.06482565e-01
 -4.06444917e-01
 -4.05881926e-01
 -4.04859661e-01
 -4.03507819e-01
 -4.02243489e-01
 -4.01710117e-01
 -1.78583099e-01
 -1.79550997e-01
 -1.82636111e-01
 -1.88214023e-01
 -1.96525559e-01
 -2.07502219e-01
 -2.20823264e-01
 -2.36044494e-01
 -2.52676709e-01
 -2.70215114e-01
 -2.88153953e-01
 -3.06000751e-01
 -3.23291608e-01
 -3.39607302e-01
 -3.54589631e-01
 -3.67956185e-01
 -3.79510924e-01
 -3.89148335e-01
 -3.96850390e-01
 -4.02677521e-01
 -4.06756508e-01
 -4.09268430e-01
 -4.10438823e-01
 -4.10531088e-01
 -4.09843122e-01
 -4.08704723e-01
 -4.07468963e-01
 -4.06485031e-01
 -4.06028259e-01
 -4.06160816e-01
 -4.06597285e-01
 -4.06831319e-01
 -2.30760032e-01
 -2.31894067e-01
 -2.35326791e-01
 -2.41109840e-01
 -2.49226541e-01
 -2.59516163e-01
 -2.71663798e-01
 -2.85252472e-01
 -2.99824789e-01
 -3.14918590e-01
 -3.30080761e-01
 -3.44875590e-01
 -3.58896245e-01
 -3.71779930e-01
 -3.83224094e-01
 -3.93000630e-01
 -4.00965399e-01
 -4.07061359e-01
 -4.11315061e-01
 -4.13827761e-01
 -4.14763293e-01
 -4.14334873e-01
 -4.12792488e-01
 -4.10412231e-01
 -4.07488548e-01
 -4.04328065e-01
 -4.01237069e-01
 -3.98487829e-01
 -3.96264054e-01
 -3.94636513e-01
 -3.93625733e-01
 -3.93277482e-01
 -2.72049358e-01
 -2.73623984e-01
 -2.78144345e-01
 -2.85110935e-01
 -2.93959152e-01
 -3.04223061e-01
 -3.15549656e-01
 -3.27630514e-01
 -3.40146871e-01
 -3.52754773e-01
 -3.65092960e-01
 -3.76799065e-01
 -3.87529245e-01
 -3.96978724e-01
 -4.04900724e-01
 -4.11121426e-01
 -4.15549043e-01
 -4.18175911e-01
 -4.19073940e-01
 -4.18384977e-01
 -4.16307882e-01
 -4.13083468e-01
 -4.08977560e-01
 -4.04261944e-01
 -3.99193642e-01
 -3.93996355e-01
 -3.88855336e-01
 -3.83944264e-01
 -3.79491195e-01
 -3.75838993e-01
 -3.73409513e-01
 -3.72554747e-01
 -3.16095136e-01
 -3.17387576e-01
 -3.21139639e-01
 -3.27026726e-01
 -3.34620794e-01
 -3.43462433e-01
 -3.53115997e-01
 -3.63203903e-01
 -3.73396904e-01
 -3.83381184e-01
 -3.92839500e-01
 -4.01455979e-01
 -4.08934190e-01
 -4.15018144e-01
 -4.19511185e-01
 -4.22290424e-01
 -4.23314723e-01
 -4.22624964e-01
 -4.20337476e-01
 -4.16633092e-01
 -4.11743911e-01
 -4.05938379e-01
 -3.99504503e-01
 -3.92731101e-01
 -3.85888152e-01
 -3.79211165e-01
 -3.72901177e-01
 -3.67151710e-01
 -3.62192159e-01
 -3.58308121e-01
 -3.55807862e-01
 -3.54941629e-01
 -3.57082910e-01
 -3.57904070e-01
 -3.60414307e-01
 -3.64608515e-01
 -3.70249255e-01
 -3.76934389e-01
 -3.84263432e-01
 -3.91890308e-01
 -3.99490844e-01
 -4.06738665e-01
 -4.13309519e-01
 -4.18897375e-01
 -4.23231378e-01
 -4.26091428e-01
 -4.27322687e-01
 -4.26847903e-01
 -4.24673820e-01
 -4.20888409e-01
 -4.15650454e-01
 -4.09176474e-01
 -4.01728115e-01
 -3.93599710e-01
 -3.85105569e-01
 -3.76568606e-01
 -3.68311809e-01
 -3.60649724e-01
 -3.53870420e-01
 -3.48200574e-01
 -3.43769937e-01
 -3.40614547e-01
 -3.38726130e-01
 -3.38096919e-01
 -3.88992255e-01
 -3.89934257e-01
 -3.92393891e-01
 -3.95689964e-01
 -3.99459485e-01
 -4.03703395e-01
 -4.08430706e-01
 -4.13455009e-01
 -4.18439693e-01
 -4.23005934e-01
 -4.26797893e-01
 -4.29507404e-01
 -4.30882204e-01
 -4.30731454e-01
 -4.28934762e-01
 -4.25454620e-01
 -4.20343475e-01
 -4.13736325e-01
 -4.05832483e-01
 -3.96878595e-01
 -3.87158149e-01
 -3.76982833e-01
 -3.66681784e-01
 -3.56591770e-01
 -3.47053066e-01
 -3.38410091e-01
 -3.31004901e-01
 -3.25138930e-01
 -3.20981837e-01
 -3.18458284e-01
 -3.17230276e-01
 -3.16883680e-01
 -4.25442572e-01
 -4.24559779e-01
 -4.22638464e-01
 -4.21158460e-01
 -4.21116050e-01
 -4.22566390e-01
 -4.25003212e-01
 -4.27824096e-01
 -4.30514239e-01
 -4.32654106e-01
 -4.33898002e-01
 -4.33965124e-01
 -4.32636081e-01
 -4.29750530e-01
 -4.25214509e-01
 -4.19022263e-01
 -4.11272234e-01
 -4.02151534e-01
 -3.91899964e-01
 -3.80785684e-01
 -3.69101953e-01
 -3.57166611e-01
 -3.45308928e-01
 -3.33849246e-01
 -3.23080993e-01
 -3.13257072e-01
 -3.04582407e-01
 -2.97218362e-01
 -2.91299817e-01
 -2.86951925e-01
 -2.84288402e-01
 -2.83390792e-01
 -4.22157516e-01
 -4.22915494e-01
 -4.24910818e-01
 -4.27487726e-01
 -4.30037336e-01
 -4.32275106e-01
 -4.34144101e-01
 -4.35587902e-01
 -4.36448781e-01
 -4.36493566e-01
 -4.35476871e-01
 -4.33187062e-01
 -4.29458891e-01
 -4.24164385e-01
 -4.17218755e-01
 -4.08631308e-01
 -3.98552693e-01
 -3.87239974e-01
 -3.74978068e-01
 -3.62041727e-01
 -3.48714820e-01
 -3.35313700e-01
 -3.22168750e-01
 -3.09586270e-01
 -2.97819940e-01
 -2.87049536e-01
 -2.77369701e-01
 -2.68817957e-01
 -2.61475555e-01
 -2.55611239e-01
 -2.51724309e-01
 -2.50350181e-01
 -4.24521915e-01
 -4.25914082e-01
 -4.29212803e-01
 -4.32742446e-01
 -4.35456060e-01
 -4.37173497e-01
 -4.38044650e-01
 -4.38143618e-01
 -4.37386600e-01
 -4.35598086e-01
 -4.32595157e-01
 -4.28241626e-01
 -4.22444341e-01
 -4.15107082e-01
 -4.06113466e-01
 -3.95446251e-01
 -3.83330440e-01
 -3.70138378e-01
 -3.56213002e-01
 -3.41805954e-01
 -3.27153794e-01
 -3.12569627e-01
 -2.98406287e-01
 -2.84979438e-01
 -2.72550177e-01
 -2.61333662e-01
 -2.51506040e-01
 -2.43215677e-01
 -2.36588641e-01
 -2.31730423e-01
 -2.28743871e-01
 -2.27732185e-01
 -4.50226189e-01
 -4.48704472e-01
 -4.45298495e-01
 -4.42091842e-01
 -4.40092521e-01
 -4.39018007e-01
 -4.38125035e-01
 -4.36776941e-01
 -4.34546277e-01
 -4.31145249e-01
 -4.26396470e-01
 -4.20250440e-01
 -4.12717600e-01
 -4.03744955e-01
 -3.93102498e-01
 -3.80636457e-01
 -3.66718478e-01
 -3.51929245e-01
 -3.36694448e-01
 -3.21186782e-01
 -3.05508071e-01
 -2.89979783e-01
 -2.75030689e-01
 -2.60991779e-01
 -2.48123440e-01
 -2.36683318e-01
 -2.26925477e-01
 -2.19098806e-01
 -2.13407148e-01
 -2.09858128e-01
 -2.08110330e-01
 -2.07619415e-01
 -4.38803509e-01
 -4.38913890e-01
 -4.38915398e-01
 -4.38440548e-01
 -4.37583817e-01
 -4.36457326e-01
 -4.34878938e-01
 -4.32526730e-01
 -4.29096658e-01
 -4.24314524e-01
 -4.18014277e-01
 -4.10303301e-01
 -4.01345600e-01
 -3.91193048e-01
 -3.79379172e-01
 -3.65303018e-01
 -3.49727692e-01
 -3.33574569e-01
 -3.17393345e-01
 -3.01202288e-01
 -2.84753856e-01
 -2.68432973e-01
 -2.52887540e-01
 -2.38425905e-01
 -2.25219995e-01
 -2.13533896e-01
 -2.03578586e-01
 -1.95427731e-01
 -1.89054649e-01
 -1.84420938e-01
 -1.81565367e-01
 -1.80594236e-01
 -4.28707502e-01
 -4.29064698e-01
 -4.30101574e-01
 -4.31363959e-01
 -4.32003167e-01
 -4.31460466e-01
 -4.29625588e-01
 -4.26539235e-01
 -4.22168555e-01
 -4.16247239e-01
 -4.08501776e-01
 -3.99407228e-01
 -3.89275056e-01
 -3.78423175e-01
 -3.66117303e-01
 -3.50394388e-01
 -3.33231674e-01
 -3.15881913e-01
 -2.99112832e-01
 -2.82769004e-01
 -2.65729626e-01
 -2.48613021e-01
 -2.32648217e-01
 -2.17985158e-01
 -2.04484530e-01
 -1.92534707e-01
 -1.82408316e-01
 -1.74072006e-01
 -1.67360250e-01
 -1.62200491e-01
 -1.58797107e-01
 -1.57582631e-01
 -4.21002442e-01
 -4.22104607e-01
 -4.24501459e-01
 -4.26550503e-01
 -4.27203701e-01
 -4.26217616e-01
 -4.23718501e-01
 -4.19849024e-01
 -4.14759899e-01
 -4.08029736e-01
 -3.98761886e-01
 -3.88475379e-01
 -3.77336212e-01
 -3.66139085e-01
 -3.54513367e-01
 -3.36578403e-01
 -3.17997091e-01
 -2.99509668e-01
 -2.82452505e-01
 -2.66703955e-01
 -2.49121409e-01
 -2.30961241e-01
 -2.14797600e-01
 -2.00305774e-01
 -1.86430352e-01
 -1.74154051e-01
 -1.64000653e-01
 -1.55948427e-01
 -1.49837822e-01
 -1.45617181e-01
 -1.43224076e-01
 -1.42470507e-01
 -4.24853282e-01
 -4.25002592e-01
 -4.25247745e-01
 -4.25044769e-01
 -4.23773542e-01
 -4.21378317e-01
 -4.17951741e-01
 -4.13199610e-01
 -4.07625793e-01
 -4.00698722e-01
 -3.89478144e-01
 -3.78330223e-01
 -3.66343643e-01
 -3.54641630e-01
 -3.45819804e-01
 -3.24093265e-01
 -3.04789182e-01
 -2.84994103e-01
 -2.67817832e-01
 -2.53692240e-01
 -2.35440758e-01
 -2.15702680e-01
 -1.99631350e-01
 -1.86005815e-01
 -1.71351939e-01
 -1.58626237e-01
 -1.48421935e-01
 -1.40762055e-01
 -1.35152203e-01
 -1.31341404e-01
 -1.29233757e-01
 -1.28581657e-01
 -4.29851053e-01
 -4.29160413e-01
 -4.27216089e-01
 -4.24441538e-01
 -4.20829791e-01
 -4.16890473e-01
 -4.12905128e-01
 -4.07157936e-01
 -4.01244805e-01
 -3.95174444e-01
 -3.81127536e-01
 -3.69674361e-01
 -3.57199597e-01
 -3.43899394e-01
 -3.41109072e-01
 -3.12807347e-01
 -2.94427355e-01
 -2.72779956e-01
 -2.55535500e-01
 -2.44157646e-01
 -2.24978912e-01
 -2.03008313e-01
 -1.87281516e-01
 -1.75663599e-01
 -1.59251321e-01
 -1.46225108e-01
 -1.35678682e-01
 -1.28599046e-01
 -1.23428091e-01
 -1.19342862e-01
 -1.16872194e-01
 -1.16094893e-01
 -4.31576154e-01
 -4.30465111e-01
 -4.27535060e-01
 -4.23419613e-01
 -4.18038703e-01
 -4.12851340e-01
 -4.09168885e-01
 -4.02257479e-01
 -3.95961155e-01
 -3.91950150e-01
 -3.74188378e-01
 -3.63047357e-01
 -3.50719975e-01
 -3.34158020e-01
 -3.40465635e-01
 -3.02835500e-01
 -2.87521599e-01
 -2.63305268e-01
 -2.46044116e-01
 -2.38069046e-01
 -2.17761254e-01
 -1.93238335e-01
 -1.77852184e-01
 -1.69513432e-01
 -1.49941521e-01
 -1.37432655e-01
 -1.25787961e-01
 -1.19810670e-01
 -1.15523621e-01
 -1.10823705e-01
 -1.07350723e-01
 -1.06147524e-01
 -4.30987204e-01
 -4.30064628e-01
 -4.27235541e-01
 -4.22517652e-01
 -4.15953107e-01
 -4.09808416e-01
 -4.07067493e-01
 -3.99022807e-01
 -3.92291840e-01
 -3.90691968e-01
 -3.69407493e-01
 -3.58854495e-01
 -3.47149888e-01
 -3.26778402e-01
 -3.42125131e-01
 -2.95398114e-01
 -2.83956960e-01
 -2.57152327e-01
 -2.39955250e-01
 -2.34899797e-01
 -2.13592842e-01
 -1.86994345e-01
 -1.71708724e-01
 -1.66886657e-01
 -1.43635891e-01
 -1.32533333e-01
 -1.19097571e-01
 -1.14589023e-01
 -1.11423926e-01
 -1.06333985e-01
 -1.01575387e-01
 -9.97299580e-02
 -4.30428000e-01
 -4.29659441e-01
 -4.27071461e-01
 -4.22160177e-01
 -4.15181661e-01
 -4.08634378e-01
 -4.06434439e-01
 -3.97885532e-01
 -3.90946999e-01
 -3.90450753e-01
 -3.67673218e-01
 -3.57411583e-01
 -3.46069486e-01
 -3.23941351e-01
 -3.43176540e-01
 -2.92557946e-01
 -2.82933639e-01
 -2.54993229e-01
 -2.37846335e-01
 -2.33951808e-01
 -2.12236547e-01
 -1.84839986e-01
 -1.69531343e-01
 -1.66295397e-01
 -1.41312906e-01
 -1.31055380e-01
 -1.16636383e-01
 -1.12887578e-01
 -1.10236112e-01
 -1.05139457e-01
 -9.97851257e-02
 -9.75120000e-02
