 2.38998700e+00
 2.38942118e+00
 2.38805823e+00
 2.38670241e+00
 2.38619391e+00
 2.38722872e+00
 2.39029203e+00
 2.39534988e+00
 2.40138336e+00
 2.40640389e+00
 2.40836600e+00
 2.40035481e+00
 2.39786668e+00
 2.39439571e+00
 2.39220871e+00
 2.39148993e+00
 2.39262635e+00
 2.39588193e+00
 2.40122683e+00
 2.40846127e+00
 2.41904736e+00
 2.42709896e+00
 2.42342931e+00
 2.42021621e+00
 2.41446747e+00
 2.41070711e+00
 2.40964672e+00
 2.41118347e+00
 2.41519418e+00
 2.42118789e+00
 2.42891764e+00
 2.43971319e+00
 2.44669846e+00
 2.45537347e+00
 2.45382155e+00
 2.44999898e+00
 2.44667644e+00
 2.44615147e+00
 2.44901191e+00
 2.45489415e+00
 2.46247017e+00
 2.46819139e+00
 2.46628660e+00
 2.46195208e+00
 2.50891763e+00
 2.50807954e+00
 2.50617289e+00
 2.50497587e+00
 2.50686870e+00
 2.51305163e+00
 2.52301879e+00
 2.53516544e+00
 2.54827428e+00
 2.56231965e+00
 2.57008853e+00
 2.58779638e+00
 2.58720928e+00
 2.58622900e+00
 2.58762069e+00
 2.59418076e+00
 2.60666341e+00
 2.62366009e+00
 2.64190116e+00
 2.65638184e+00
 2.66238785e+00
 2.66248242e+00
 2.68224316e+00
 2.68111076e+00
 2.68121869e+00
 2.68747003e+00
 2.70187959e+00
 2.72375352e+00
 2.75022766e+00
 2.77723528e+00
 2.79968001e+00
 2.81490937e+00
 2.82096904e+00
 2.76112694e+00
 2.76405133e+00
 2.77245380e+00
 2.78828651e+00
 2.81311737e+00
 2.84580591e+00
 2.88053190e+00
 2.91561434e+00
 2.94419898e+00
 2.96264085e+00
 2.96777145e+00
 2.83373824e+00
 2.83543601e+00
 2.84708951e+00
 2.87337498e+00
 2.90604551e+00
 2.95043105e+00
 2.98582357e+00
 3.02942379e+00
 3.05379037e+00
 3.08513414e+00
 3.10340085e+00
 2.87433551e+00
 2.87401085e+00
 2.88992396e+00
 2.93247948e+00
 2.96251138e+00
 3.02350241e+00
 3.04521361e+00
 3.11020860e+00
 3.10195103e+00
 3.12572919e+00
 3.15047758e+00
 2.88611400e+00
 2.88381536e+00
 2.90149991e+00
 2.95558392e+00
 2.97928947e+00
 3.05171323e+00
 3.06081564e+00
 3.14406427e+00
 3.10970138e+00
 3.12397147e+00
 3.15310000e+00
