 2.59912300e+00
 2.60474488e+00
 2.62042237e+00
 2.64264542e+00
 2.66608687e+00
 2.68544633e+00
 2.69762662e+00
 2.70261394e+00
 2.70277826e+00
 2.70126904e+00
 2.70047600e+00
 2.61599491e+00
 2.61604359e+00
 2.62508102e+00
 2.64384665e+00
 2.66484073e+00
 2.68185096e+00
 2.69176641e+00
 2.69478248e+00
 2.69344961e+00
 2.69102283e+00
 2.68991156e+00
 2.64008108e+00
 2.63715286e+00
 2.63843314e+00
 2.64987827e+00
 2.66415069e+00
 2.67430998e+00
 2.67757718e+00
 2.67480207e+00
 2.66907397e+00
 2.66396164e+00
 2.66197239e+00
 2.64759483e+00
 2.65136230e+00
 2.65859468e+00
 2.66615190e+00
 2.67150737e+00
 2.67109125e+00
 2.66385093e+00
 2.65189349e+00
 2.63926052e+00
 2.62996193e+00
 2.62658588e+00
 2.69152980e+00
 2.69372286e+00
 2.69861418e+00
 2.70059185e+00
 2.69526535e+00
 2.68154726e+00
 2.66088120e+00
 2.63722850e+00
 2.61584878e+00
 2.60130480e+00
 2.59620304e+00
 2.76638622e+00
 2.76806246e+00
 2.76777289e+00
 2.75903734e+00
 2.73992406e+00
 2.71102000e+00
 2.67537201e+00
 2.63875433e+00
 2.60781241e+00
 2.58757230e+00
 2.58059630e+00
 2.88415540e+00
 2.87700600e+00
 2.85958246e+00
 2.83458522e+00
 2.80057028e+00
 2.75689935e+00
 2.70651204e+00
 2.65725374e+00
 2.61727911e+00
 2.59171686e+00
 2.58299555e+00
 2.96809597e+00
 2.96182455e+00
 2.94158373e+00
 2.90792402e+00
 2.86398532e+00
 2.80953785e+00
 2.74596438e+00
 2.68554576e+00
 2.63918698e+00
 2.60965653e+00
 2.59951030e+00
 3.03594008e+00
 3.02811852e+00
 3.00598382e+00
 2.96449501e+00
 2.91696723e+00
 2.85805480e+00
 2.78234442e+00
 2.71108917e+00
 2.66575529e+00
 2.63364834e+00
 2.62151235e+00
 3.06427540e+00
 3.06610077e+00
 3.05262705e+00
 2.99533993e+00
 2.95163550e+00
 2.89304546e+00
 2.80767278e+00
 2.72210533e+00
 2.69197238e+00
 2.65779756e+00
 2.63944109e+00
 3.06820100e+00
 3.08109030e+00
 3.07291507e+00
 3.00290159e+00
 2.96405458e+00
 2.90588525e+00
 2.81725481e+00
 2.72225491e+00
 2.70518001e+00
 2.67105565e+00
 2.64626600e+00
