 3.05423800e+00
 3.05624946e+00
 3.06235505e+00
 3.07410835e+00
 3.08545999e+00
 3.08863432e+00
 3.07384086e+00
 3.06643704e+00
 3.04805140e+00
 3.05653360e+00
 3.06806900e+00
 3.04955828e+00
 3.05169875e+00
 3.05814039e+00
 3.06869939e+00
 3.07865615e+00
 3.08017850e+00
 3.06719795e+00
 3.05768667e+00
 3.04376713e+00
 3.04723986e+00
 3.05125439e+00
 3.03413847e+00
 3.03647400e+00
 3.04271105e+00
 3.05080014e+00
 3.05693685e+00
 3.05530178e+00
 3.04455914e+00
 3.03340064e+00
 3.02362958e+00
 3.01838726e+00
 3.01559824e+00
 3.00590700e+00
 3.00788319e+00
 3.01271142e+00
 3.01767072e+00
 3.01936761e+00
 3.01496664e+00
 3.00549005e+00
 2.99577105e+00
 2.98840341e+00
 2.98401750e+00
 2.98270223e+00
 2.96642452e+00
 2.96764669e+00
 2.97031857e+00
 2.97205055e+00
 2.97054428e+00
 2.96523554e+00
 2.95817747e+00
 2.95254253e+00
 2.94973178e+00
 2.94877986e+00
 2.94842091e+00
 2.92323119e+00
 2.92371338e+00
 2.92449070e+00
 2.92413777e+00
 2.92183804e+00
 2.91830073e+00
 2.91529567e+00
 2.91432117e+00
 2.91580874e+00
 2.91924419e+00
 2.92146749e+00
 2.88532461e+00
 2.88533904e+00
 2.88512426e+00
 2.88436153e+00
 2.88346130e+00
 2.88339460e+00
 2.88434652e+00
 2.88635663e+00
 2.88806632e+00
 2.88649421e+00
 2.88450291e+00
 2.85720292e+00
 2.85704318e+00
 2.85660706e+00
 2.85649844e+00
 2.85783283e+00
 2.86176378e+00
 2.86523861e+00
 2.86755304e+00
 2.87564899e+00
 2.88228118e+00
 2.88504971e+00
 2.83877865e+00
 2.83886621e+00
 2.83837493e+00
 2.83909314e+00
 2.84212947e+00
 2.85012683e+00
 2.85707834e+00
 2.84611831e+00
 2.87003388e+00
 2.87907209e+00
 2.87824528e+00
 2.82849762e+00
 2.82940520e+00
 2.82890562e+00
 2.82915616e+00
 2.83414098e+00
 2.84264107e+00
 2.86345133e+00
 2.81021193e+00
 2.88041926e+00
 2.89253891e+00
 2.87783079e+00
 2.82520100e+00
 2.82621404e+00
 2.82651870e+00
 2.82538654e+00
 2.83234360e+00
 2.83845221e+00
 2.87203615e+00
 2.78572182e+00
 2.89318509e+00
 2.91000540e+00
 2.88035900e+00
