 3.48203900e+00
 3.47248939e+00
 3.44390735e+00
 3.40064632e+00
 3.36206817e+00
 3.31070802e+00
 3.23380074e+00
 3.18072163e+00
 3.09528773e+00
 3.04928935e+00
 3.04009700e+00
 3.48388878e+00
 3.47583041e+00
 3.45023105e+00
 3.40983560e+00
 3.36935228e+00
 3.31646458e+00
 3.24371218e+00
 3.18419766e+00
 3.10678176e+00
 3.06097393e+00
 3.04831057e+00
 3.49195393e+00
 3.48658627e+00
 3.46731282e+00
 3.43254679e+00
 3.38916545e+00
 3.33421116e+00
 3.26687106e+00
 3.19980034e+00
 3.13247304e+00
 3.08666619e+00
 3.07084173e+00
 3.51655751e+00
 3.51170098e+00
 3.49392330e+00
 3.46118954e+00
 3.41633265e+00
 3.36041284e+00
 3.29504167e+00
 3.22639630e+00
 3.16289799e+00
 3.11804290e+00
 3.10191394e+00
 3.55869370e+00
 3.54908221e+00
 3.52458752e+00
 3.48954056e+00
 3.44397115e+00
 3.38770322e+00
 3.32273071e+00
 3.25459987e+00
 3.19283968e+00
 3.14937306e+00
 3.13371050e+00
 3.56572491e+00
 3.55983154e+00
 3.54144834e+00
 3.51014716e+00
 3.46594033e+00
 3.40964934e+00
 3.34443768e+00
 3.27669979e+00
 3.21618431e+00
 3.17404103e+00
 3.15893563e+00
 3.56685579e+00
 3.56320972e+00
 3.54994024e+00
 3.52279827e+00
 3.47991160e+00
 3.42281244e+00
 3.35636399e+00
 3.28818062e+00
 3.22852129e+00
 3.18769370e+00
 3.17315422e+00
 3.57514716e+00
 3.57149802e+00
 3.55824376e+00
 3.53105244e+00
 3.48692689e+00
 3.42679848e+00
 3.35792328e+00
 3.28797161e+00
 3.22832789e+00
 3.18950343e+00
 3.17597528e+00
 3.58406740e+00
 3.57940762e+00
 3.56535761e+00
 3.53584778e+00
 3.48943802e+00
 3.42331333e+00
 3.35248975e+00
 3.27966900e+00
 3.21541347e+00
 3.18140014e+00
 3.17094866e+00
 3.58058947e+00
 3.58055282e+00
 3.57181247e+00
 3.53682851e+00
 3.49084259e+00
 3.41614790e+00
 3.34589841e+00
 3.27265558e+00
 3.19191880e+00
 3.16580416e+00
 3.16408079e+00
 3.57651100e+00
 3.58139085e+00
 3.57586787e+00
 3.53601469e+00
 3.49185960e+00
 3.41223041e+00
 3.34297956e+00
 3.27144096e+00
 3.17764291e+00
 3.15450887e+00
 3.16102400e+00
