 2.40836600e+00
 2.41045304e+00
 2.41728089e+00
 2.43035368e+00
 2.45141071e+00
 2.48074735e+00
 2.51535728e+00
 2.54924519e+00
 2.57642363e+00
 2.59341799e+00
 2.59912300e+00
 2.42709896e+00
 2.42322488e+00
 2.42480403e+00
 2.43713839e+00
 2.45836080e+00
 2.48766550e+00
 2.52183582e+00
 2.55525314e+00
 2.58334971e+00
 2.60530699e+00
 2.61599491e+00
 2.44669846e+00
 2.44426362e+00
 2.44674636e+00
 2.46017864e+00
 2.48224476e+00
 2.51137813e+00
 2.54411626e+00
 2.57555389e+00
 2.60344099e+00
 2.62815116e+00
 2.64008108e+00
 2.46195208e+00
 2.47161055e+00
 2.48898180e+00
 2.50752934e+00
 2.53095006e+00
 2.55937638e+00
 2.58902183e+00
 2.61509110e+00
 2.63457116e+00
 2.64517900e+00
 2.64759483e+00
 2.57008853e+00
 2.56883885e+00
 2.57368687e+00
 2.58967948e+00
 2.61293540e+00
 2.63905374e+00
 2.66310477e+00
 2.68051587e+00
 2.68914677e+00
 2.69128825e+00
 2.69152980e+00
 2.66248242e+00
 2.67027873e+00
 2.68702139e+00
 2.70693946e+00
 2.72875038e+00
 2.74965690e+00
 2.76575549e+00
 2.77426575e+00
 2.77481036e+00
 2.76986369e+00
 2.76638622e+00
 2.82096904e+00
 2.82363686e+00
 2.83348530e+00
 2.84826132e+00
 2.86331931e+00
 2.87547531e+00
 2.88220988e+00
 2.88340950e+00
 2.88225088e+00
 2.88282062e+00
 2.88415540e+00
 2.96777145e+00
 2.97173616e+00
 2.97840474e+00
 2.98455038e+00
 2.98893690e+00
 2.99127841e+00
 2.98917036e+00
 2.98307680e+00
 2.97645768e+00
 2.97074963e+00
 2.96809597e+00
 3.10340085e+00
 3.09733025e+00
 3.09230311e+00
 3.08967537e+00
 3.08225215e+00
 3.07825878e+00
 3.07009653e+00
 3.05754225e+00
 3.04868260e+00
 3.03887231e+00
 3.03594008e+00
 3.15047758e+00
 3.15208562e+00
 3.15934163e+00
 3.15416518e+00
 3.13486692e+00
 3.13033401e+00
 3.11971260e+00
 3.09974260e+00
 3.09858650e+00
 3.07683134e+00
 3.06427540e+00
 3.15310000e+00
 3.16512272e+00
 3.18249888e+00
 3.17608544e+00
 3.15086379e+00
 3.14756029e+00
 3.13676606e+00
 3.11174688e+00
 3.11921411e+00
 3.09098299e+00
 3.06820100e+00
