 3.10075400e+00
 3.11311143e+00
 3.12750638e+00
 3.12335392e+00
 3.13032947e+00
 3.10356705e+00
 3.08355027e+00
 3.03223765e+00
 2.98449499e+00
 2.95781270e+00
 2.95015900e+00
 3.10413845e+00
 3.11120052e+00
 3.12229418e+00
 3.12155354e+00
 3.12318149e+00
 3.09882705e+00
 3.07363474e+00
 3.02468594e+00
 2.97919474e+00
 2.95367279e+00
 2.94615691e+00
 3.10730894e+00
 3.10892836e+00
 3.11275737e+00
 3.11289253e+00
 3.10622681e+00
 3.08288582e+00
 3.04924529e+00
 3.00307294e+00
 2.96249247e+00
 2.94043513e+00
 2.93387190e+00
 3.09934508e+00
 3.09994518e+00
 3.10042441e+00
 3.09688531e+00
 3.08414869e+00
 3.05757122e+00
 3.01790388e+00
 2.97034168e+00
 2.92835795e+00
 2.90397250e+00
 2.89754256e+00
 3.08517240e+00
 3.08523441e+00
 3.08326416e+00
 3.07570564e+00
 3.05873603e+00
 3.02863195e+00
 2.98498501e+00
 2.93317689e+00
 2.88303607e+00
 2.84321859e+00
 2.82628630e+00
 3.06936253e+00
 3.06666505e+00
 3.06034116e+00
 3.05013844e+00
 3.03176186e+00
 3.00083131e+00
 2.95599654e+00
 2.90197149e+00
 2.85138815e+00
 2.82066131e+00
 2.81278273e+00
 3.03021412e+00
 3.03092486e+00
 3.02978753e+00
 3.02254035e+00
 3.00620643e+00
 2.97762679e+00
 2.93513924e+00
 2.88144358e+00
 2.82388994e+00
 2.77267997e+00
 2.74947609e+00
 3.00900068e+00
 3.00812813e+00
 3.00590660e+00
 2.99993174e+00
 2.98615086e+00
 2.96134823e+00
 2.92378511e+00
 2.87637642e+00
 2.83036031e+00
 2.80249890e+00
 2.79596939e+00
 2.98971252e+00
 2.99069957e+00
 2.99054915e+00
 2.98558264e+00
 2.97363746e+00
 2.95216524e+00
 2.91933047e+00
 2.87737639e+00
 2.83542271e+00
 2.80412083e+00
 2.79165202e+00
 2.98422734e+00
 2.98482807e+00
 2.98378839e+00
 2.97862503e+00
 2.96763103e+00
 2.94827196e+00
 2.91848697e+00
 2.87958374e+00
 2.83871127e+00
 2.80579035e+00
 2.79215826e+00
 2.98519200e+00
 2.98454708e+00
 2.98216425e+00
 2.97668549e+00
 2.96596863e+00
 2.94732788e+00
 2.91858574e+00
 2.88077514e+00
 2.84093023e+00
 2.81044107e+00
 2.79902000e+00
