 2.38998700e+00
 2.38942118e+00
 2.38805823e+00
 2.38670241e+00
 2.38619391e+00
 2.38722872e+00
 2.39029203e+00
 2.39534988e+00
 2.40138336e+00
 2.40640389e+00
 2.40836600e+00
 2.39874757e+00
 2.39806443e+00
 2.39584501e+00
 2.39362263e+00
 2.39275368e+00
 2.39384209e+00
 2.39711599e+00
 2.40249568e+00
 2.40997934e+00
 2.42211697e+00
 2.43171223e+00
 2.42860015e+00
 2.42622703e+00
 2.42082311e+00
 2.41622215e+00
 2.41454411e+00
 2.41591109e+00
 2.42000679e+00
 2.42606343e+00
 2.43348676e+00
 2.44463495e+00
 2.45261268e+00
 2.47757506e+00
 2.47290555e+00
 2.46413361e+00
 2.45804197e+00
 2.45646475e+00
 2.45909215e+00
 2.46525404e+00
 2.47339983e+00
 2.47881982e+00
 2.47329374e+00
 2.46552329e+00
 2.52537933e+00
 2.52487439e+00
 2.52324659e+00
 2.52186202e+00
 2.52343477e+00
 2.52952667e+00
 2.53998460e+00
 2.55368799e+00
 2.57071153e+00
 2.59256088e+00
 2.60570871e+00
 2.60420295e+00
 2.60552773e+00
 2.60772866e+00
 2.61072148e+00
 2.61744584e+00
 2.62970903e+00
 2.64693443e+00
 2.66603889e+00
 2.68049527e+00
 2.68279331e+00
 2.67942183e+00
 2.71776812e+00
 2.71533894e+00
 2.71356777e+00
 2.71870556e+00
 2.73210967e+00
 2.75288227e+00
 2.77881078e+00
 2.80664045e+00
 2.83176199e+00
 2.85275751e+00
 2.86295746e+00
 2.80151420e+00
 2.80476876e+00
 2.81275139e+00
 2.82685791e+00
 2.84972732e+00
 2.88004598e+00
 2.91248396e+00
 2.94808308e+00
 2.97617369e+00
 2.99171768e+00
 2.99437550e+00
 2.88417779e+00
 2.88466063e+00
 2.89430094e+00
 2.91741056e+00
 2.94771212e+00
 2.98924280e+00
 3.01769178e+00
 3.06560124e+00
 3.08784671e+00
 3.11698852e+00
 3.13541094e+00
 2.92794985e+00
 2.92695619e+00
 2.94201534e+00
 2.97961990e+00
 3.00690525e+00
 3.06758097e+00
 3.07190657e+00
 3.15328481e+00
 3.13770399e+00
 3.15846124e+00
 3.18547393e+00
 2.93820400e+00
 2.93749675e+00
 2.95551023e+00
 3.00371284e+00
 3.02416680e+00
 3.09896854e+00
 3.08321147e+00
 3.19195255e+00
 3.14483148e+00
 3.15378508e+00
 3.18607600e+00
