 3.06320600e+00
 3.17835653e+00
 3.12099366e+00
 2.66321897e+00
 2.91899142e+00
 3.20620275e+00
 3.19266860e+00
 3.30887340e+00
 3.35624084e+00
 3.38591010e+00
 3.40342200e+00
 3.00215779e+00
 3.07934709e+00
 3.05792938e+00
 2.75535289e+00
 2.93376188e+00
 3.17937203e+00
 3.20183437e+00
 3.30072696e+00
 3.35126747e+00
 3.37356331e+00
 3.37853989e+00
 2.98309069e+00
 3.00509812e+00
 2.99443290e+00
 2.89799828e+00
 2.97574679e+00
 3.13460693e+00
 3.20756651e+00
 3.28609290e+00
 3.33832896e+00
 3.35787012e+00
 3.35911467e+00
 3.09161573e+00
 3.05735181e+00
 3.00255414e+00
 2.97222905e+00
 3.01278359e+00
 3.10852169e+00
 3.19482912e+00
 3.26881670e+00
 3.32221640e+00
 3.35734720e+00
 3.37324891e+00
 2.93623926e+00
 2.94910440e+00
 2.96612105e+00
 2.98151826e+00
 3.02025253e+00
 3.09016135e+00
 3.17192254e+00
 3.24697231e+00
 3.29807335e+00
 3.31467776e+00
 3.31303797e+00
 2.92133989e+00
 2.92551329e+00
 2.94114086e+00
 2.96686028e+00
 3.00620709e+00
 3.06632415e+00
 3.14352728e+00
 3.22445383e+00
 3.29649993e+00
 3.35344635e+00
 3.37835633e+00
 2.91210458e+00
 2.91828946e+00
 2.93267249e+00
 2.95425196e+00
 2.98745980e+00
 3.03938745e+00
 3.11198062e+00
 3.19295993e+00
 3.26347672e+00
 3.30675085e+00
 3.31927156e+00
 2.92709385e+00
 2.92750556e+00
 2.93387270e+00
 2.94908588e+00
 2.97342600e+00
 3.01520247e+00
 3.08484821e+00
 3.16362671e+00
 3.23266464e+00
 3.27950069e+00
 3.29655697e+00
 2.92311891e+00
 2.92819997e+00
 2.93755735e+00
 2.95088047e+00
 2.96722820e+00
 2.99308078e+00
 3.06980132e+00
 3.14557530e+00
 3.21205951e+00
 3.25870486e+00
 3.27485265e+00
 2.93076733e+00
 2.93509302e+00
 2.94304452e+00
 2.95511399e+00
 2.96983690e+00
 2.96935476e+00
 3.06973215e+00
 3.13648983e+00
 3.20027181e+00
 3.24217806e+00
 3.25534708e+00
 2.93674600e+00
 2.94037025e+00
 2.94645943e+00
 2.95662331e+00
 2.97381265e+00
 2.95635130e+00
 3.07396181e+00
 3.13290948e+00
 3.19813900e+00
 3.23809696e+00
 3.24800200e+00
