 -1.79139000e-01
 -1.78296349e-01
 -1.25897377e-01
 2.51639047e-02
 1.57407821e-01
 3.37691179e-01
 4.97969262e-01
 6.48075656e-01
 7.84851653e-01
 8.46611861e-01
 8.87968186e-01
 9.05768000e-01
 -1.17959726e-01
 -1.10859950e-01
 -5.77494581e-02
 7.68619238e-02
 2.14829806e-01
 3.87760211e-01
 5.46140044e-01
 6.91694790e-01
 8.17658423e-01
 8.81885362e-01
 9.21663996e-01
 9.36659724e-01
 3.91113096e-02
 5.62449839e-02
 1.17425056e-01
 2.32059260e-01
 3.72192786e-01
 5.29575564e-01
 6.77826032e-01
 8.08119412e-01
 9.10840653e-01
 9.71895400e-01
 1.00562148e+00
 1.01663457e+00
 2.55663478e-01
 2.83602179e-01
 3.57833401e-01
 4.66063441e-01
 5.95793854e-01
 7.32147719e-01
 8.57678488e-01
 9.61230830e-01
 1.03608795e+00
 1.08125224e+00
 1.10432009e+00
 1.11132234e+00
 5.51082156e-01
 5.73175832e-01
 6.36614671e-01
 7.30171097e-01
 8.38020647e-01
 9.44310920e-01
 1.03525054e+00
 1.10252106e+00
 1.14436997e+00
 1.16535237e+00
 1.17349780e+00
 1.17540059e+00
 8.30583243e-01
 8.48640489e-01
 8.98011853e-01
 9.67837750e-01
 1.04374443e+00
 1.11109013e+00
 1.15934680e+00
 1.18463720e+00
 1.19001133e+00
 1.18357501e+00
 1.17486478e+00
 1.17108505e+00
 1.04770254e+00
 1.05834108e+00
 1.08886716e+00
 1.13071747e+00
 1.16997971e+00
 1.19458364e+00
 1.19826081e+00
 1.18180765e+00
 1.15219263e+00
 1.11997587e+00
 1.09567522e+00
 1.08669898e+00
 1.15647411e+00
 1.16543005e+00
 1.18443360e+00
 1.20086578e+00
 1.20481811e+00
 1.18949512e+00
 1.15348847e+00
 1.10175477e+00
 1.04378087e+00
 9.91317201e-01
 9.55099550e-01
 9.42217551e-01
 1.21154597e+00
 1.20991923e+00
 1.20658013e+00
 1.19637184e+00
 1.16958306e+00
 1.12220464e+00
 1.05588583e+00
 9.79347473e-01
 9.02274971e-01
 8.36678486e-01
 7.92931123e-01
 7.77613013e-01
 1.19145539e+00
 1.18980044e+00
 1.17991245e+00
 1.15294888e+00
 1.10330669e+00
 1.03487168e+00
 9.47901081e-01
 8.58101815e-01
 7.70196591e-01
 6.98096651e-01
 6.50310176e-01
 6.33489634e-01
 1.16450890e+00
 1.16113606e+00
 1.14654375e+00
 1.11006350e+00
 1.04455772e+00
 9.66955546e-01
 8.66297176e-01
 7.73390406e-01
 6.78948271e-01
 6.06230925e-01
 5.56357908e-01
 5.37963633e-01
 1.15533400e+00
 1.15033486e+00
 1.13285900e+00
 1.09334175e+00
 1.02125318e+00
 9.42178845e-01
 8.35848108e-01
 7.43781211e-01
 6.46289687e-01
 5.74955347e-01
 5.24315048e-01
 5.04865000e-01
