 3.21810300e+00
 3.21858831e+00
 3.18538361e+00
 3.08865493e+00
 3.01572734e+00
 2.97252870e+00
 2.86302461e+00
 2.81691029e+00
 2.78382869e+00
 2.74975419e+00
 2.73467500e+00
 3.21886325e+00
 3.20389484e+00
 3.16109515e+00
 3.07370068e+00
 3.00033264e+00
 2.94793477e+00
 2.85113839e+00
 2.80092891e+00
 2.76568281e+00
 2.73365452e+00
 2.72129697e+00
 3.17622385e+00
 3.15265033e+00
 3.09759084e+00
 3.02352585e+00
 2.95144203e+00
 2.88700028e+00
 2.81082158e+00
 2.75729039e+00
 2.71955879e+00
 2.69298652e+00
 2.68384774e+00
 3.04180070e+00
 3.02961280e+00
 2.99361855e+00
 2.93753108e+00
 2.87269023e+00
 2.80801569e+00
 2.74536840e+00
 2.69526735e+00
 2.65932476e+00
 2.63722130e+00
 2.62987330e+00
 2.89578245e+00
 2.89374682e+00
 2.87596138e+00
 2.83499221e+00
 2.78050227e+00
 2.72337498e+00
 2.67028829e+00
 2.62662628e+00
 2.59501580e+00
 2.57616017e+00
 2.56995844e+00
 2.83482409e+00
 2.81800065e+00
 2.78177026e+00
 2.73934669e+00
 2.69223141e+00
 2.64377892e+00
 2.59900577e+00
 2.56191568e+00
 2.53489226e+00
 2.51882561e+00
 2.51354547e+00
 2.69777497e+00
 2.69678421e+00
 2.68424871e+00
 2.65531745e+00
 2.61671422e+00
 2.57588994e+00
 2.53852706e+00
 2.50743909e+00
 2.48449125e+00
 2.47077016e+00
 2.46627034e+00
 2.64604825e+00
 2.63793100e+00
 2.61924693e+00
 2.59246472e+00
 2.55800709e+00
 2.52211847e+00
 2.49187840e+00
 2.46634119e+00
 2.44655706e+00
 2.43446561e+00
 2.43046258e+00
 2.59412843e+00
 2.59078382e+00
 2.57678100e+00
 2.55104891e+00
 2.51702646e+00
 2.48179805e+00
 2.46053561e+00
 2.43969123e+00
 2.42190174e+00
 2.41038940e+00
 2.40635658e+00
 2.56914149e+00
 2.56729087e+00
 2.55447510e+00
 2.52779242e+00
 2.49379535e+00
 2.45391801e+00
 2.44478644e+00
 2.42555741e+00
 2.40951175e+00
 2.39785261e+00
 2.39287592e+00
 2.56745900e+00
 2.56354681e+00
 2.54866512e+00
 2.52018023e+00
 2.48679919e+00
 2.44293305e+00
 2.44090093e+00
 2.42098814e+00
 2.40623596e+00
 2.39448610e+00
 2.38859300e+00
