 3.18607600e+00
 3.19772830e+00
 3.21741212e+00
 3.21434846e+00
 3.18230681e+00
 3.18332059e+00
 3.15751780e+00
 3.13491971e+00
 3.13763731e+00
 3.10953675e+00
 3.08871300e+00
 3.24454200e+00
 3.23729835e+00
 3.23766212e+00
 3.23066144e+00
 3.20402314e+00
 3.19854156e+00
 3.17422370e+00
 3.15230717e+00
 3.14515749e+00
 3.11630943e+00
 3.09801627e+00
 3.32609305e+00
 3.31095933e+00
 3.29177289e+00
 3.27833337e+00
 3.25876558e+00
 3.24316282e+00
 3.21985647e+00
 3.19721389e+00
 3.17863606e+00
 3.15657303e+00
 3.14599514e+00
 3.34496274e+00
 3.35112795e+00
 3.35440428e+00
 3.34587037e+00
 3.32907961e+00
 3.30821605e+00
 3.28331902e+00
 3.25863901e+00
 3.23976350e+00
 3.23168740e+00
 3.23144183e+00
 3.43942260e+00
 3.43501996e+00
 3.42744406e+00
 3.41744405e+00
 3.40128734e+00
 3.37884163e+00
 3.35189346e+00
 3.32388407e+00
 3.29919941e+00
 3.28185109e+00
 3.27533585e+00
 3.48523242e+00
 3.48681370e+00
 3.48665122e+00
 3.48005299e+00
 3.46565835e+00
 3.44377485e+00
 3.41613283e+00
 3.38557855e+00
 3.35564076e+00
 3.33143829e+00
 3.32156727e+00
 3.53514042e+00
 3.53496913e+00
 3.53461680e+00
 3.52981146e+00
 3.51729392e+00
 3.49751267e+00
 3.47121306e+00
 3.44150650e+00
 3.41415933e+00
 3.39575383e+00
 3.38970476e+00
 3.56723441e+00
 3.57067095e+00
 3.57225257e+00
 3.56628960e+00
 3.55400924e+00
 3.53834012e+00
 3.51453419e+00
 3.48604307e+00
 3.46015685e+00
 3.44120056e+00
 3.43377090e+00
 3.62491207e+00
 3.61424958e+00
 3.59879742e+00
 3.58973141e+00
 3.57381507e+00
 3.56781387e+00
 3.54543903e+00
 3.51651093e+00
 3.49266398e+00
 3.47832930e+00
 3.47379874e+00
 3.62922193e+00
 3.61482113e+00
 3.60154489e+00
 3.60553554e+00
 3.57658659e+00
 3.58916375e+00
 3.56343152e+00
 3.53341365e+00
 3.50877842e+00
 3.49868208e+00
 3.49766518e+00
 3.61807500e+00
 3.60412233e+00
 3.59727530e+00
 3.61360545e+00
 3.57346785e+00
 3.59850723e+00
 3.56881479e+00
 3.53901983e+00
 3.51233496e+00
 3.50359479e+00
 3.50377200e+00
