 2.61694900e+00
 2.61775574e+00
 2.62206785e+00
 2.64050278e+00
 2.68134885e+00
 2.69156420e+00
 2.72130743e+00
 2.75427897e+00
 2.75381235e+00
 2.74552437e+00
 2.74227000e+00
 2.60477946e+00
 2.61050371e+00
 2.62021116e+00
 2.63992200e+00
 2.67567433e+00
 2.69140456e+00
 2.72077067e+00
 2.75131201e+00
 2.75614687e+00
 2.75458781e+00
 2.75504775e+00
 2.59538314e+00
 2.60274579e+00
 2.61747311e+00
 2.63796980e+00
 2.66665579e+00
 2.69136647e+00
 2.72169227e+00
 2.75065473e+00
 2.76712189e+00
 2.77857867e+00
 2.78402275e+00
 2.61419358e+00
 2.61503957e+00
 2.62235128e+00
 2.63986910e+00
 2.66622027e+00
 2.69707653e+00
 2.73131228e+00
 2.76383199e+00
 2.78951502e+00
 2.80753674e+00
 2.81442776e+00
 2.62149614e+00
 2.62468485e+00
 2.63418988e+00
 2.65226459e+00
 2.68027429e+00
 2.71602936e+00
 2.75538058e+00
 2.79246335e+00
 2.82167946e+00
 2.83939843e+00
 2.84500937e+00
 2.64157333e+00
 2.64417003e+00
 2.65462020e+00
 2.67570317e+00
 2.70746580e+00
 2.74733292e+00
 2.78989541e+00
 2.82864306e+00
 2.85885775e+00
 2.87827924e+00
 2.88512248e+00
 2.65637550e+00
 2.66282479e+00
 2.67972664e+00
 2.70552138e+00
 2.74053128e+00
 2.78215299e+00
 2.82424373e+00
 2.86024976e+00
 2.88640646e+00
 2.90213772e+00
 2.90753476e+00
 2.69250695e+00
 2.69669623e+00
 2.71091196e+00
 2.73651475e+00
 2.77206041e+00
 2.81287794e+00
 2.85207307e+00
 2.88359943e+00
 2.90427210e+00
 2.91367554e+00
 2.91552782e+00
 2.71985009e+00
 2.72362311e+00
 2.73697109e+00
 2.76226416e+00
 2.79736291e+00
 2.83646242e+00
 2.87259262e+00
 2.90078824e+00
 2.91986139e+00
 2.93168179e+00
 2.93627862e+00
 2.73358179e+00
 2.73782743e+00
 2.75276818e+00
 2.77894366e+00
 2.81376539e+00
 2.85152743e+00
 2.88559740e+00
 2.91175957e+00
 2.92934638e+00
 2.94017921e+00
 2.94457854e+00
 2.73719400e+00
 2.74236945e+00
 2.75823267e+00
 2.78475530e+00
 2.81947673e+00
 2.85675627e+00
 2.89012334e+00
 2.91559421e+00
 2.93247335e+00
 2.94180911e+00
 2.94476300e+00
