 3.12004800e+00
 3.11598444e+00
 3.10886795e+00
 3.09952162e+00
 3.08536393e+00
 3.10679656e+00
 3.09236470e+00
 3.11952403e+00
 3.11399391e+00
 3.12927591e+00
 3.14388200e+00
 3.11198583e+00
 3.10792865e+00
 3.10121687e+00
 3.09227045e+00
 3.08280339e+00
 3.09807741e+00
 3.09152524e+00
 3.11216861e+00
 3.11498720e+00
 3.12951029e+00
 3.13854060e+00
 3.08210821e+00
 3.08058960e+00
 3.07744640e+00
 3.07264344e+00
 3.07039151e+00
 3.07843905e+00
 3.08275793e+00
 3.09646554e+00
 3.10765846e+00
 3.11883786e+00
 3.12435599e+00
 3.03791006e+00
 3.04018832e+00
 3.04312903e+00
 3.04435835e+00
 3.04735874e+00
 3.05459845e+00
 3.06345057e+00
 3.07571205e+00
 3.08957598e+00
 3.09964577e+00
 3.10200348e+00
 3.01349623e+00
 3.01220692e+00
 3.01169959e+00
 3.01501764e+00
 3.02174439e+00
 3.03052168e+00
 3.03949879e+00
 3.04825592e+00
 3.05914173e+00
 3.07585566e+00
 3.08668513e+00
 2.97461377e+00
 2.97660927e+00
 2.98222223e+00
 2.99086966e+00
 3.00135603e+00
 3.01160586e+00
 3.01922380e+00
 3.02124017e+00
 3.01240872e+00
 2.99019245e+00
 2.97534226e+00
 2.94741742e+00
 2.95177208e+00
 2.96235129e+00
 2.97557004e+00
 2.98910249e+00
 3.00083942e+00
 3.00905716e+00
 3.01319509e+00
 3.01629551e+00
 3.02393532e+00
 3.03011397e+00
 2.94313837e+00
 2.94567735e+00
 2.95437887e+00
 2.96832753e+00
 2.98340666e+00
 2.99638181e+00
 3.00658760e+00
 3.01325475e+00
 3.01912421e+00
 3.02492499e+00
 3.02704338e+00
 2.93383445e+00
 2.93794203e+00
 2.94897587e+00
 2.96498558e+00
 2.98132997e+00
 2.99438812e+00
 3.00777745e+00
 3.01516221e+00
 3.01732737e+00
 3.01821721e+00
 3.01811474e+00
 2.92912694e+00
 2.93372145e+00
 2.94550169e+00
 2.96359599e+00
 2.98122716e+00
 2.99224666e+00
 3.01036551e+00
 3.01876716e+00
 3.01777991e+00
 3.02104426e+00
 3.02357007e+00
 2.92903200e+00
 2.93283595e+00
 2.94421806e+00
 2.96324381e+00
 2.98160124e+00
 2.99092042e+00
 3.01176201e+00
 3.02071438e+00
 3.01716861e+00
 3.02017105e+00
 3.02396000e+00
