 1.19358900e+00
 1.18993847e+00
 1.17898904e+00
 1.16074980e+00
 1.13524434e+00
 1.10252262e+00
 1.06267618e+00
 1.01585663e+00
 9.62296238e-01
 9.02318090e-01
 8.36352368e-01
 7.64951933e-01
 6.88779174e-01
 6.08623005e-01
 5.25364933e-01
 4.39984739e-01
 3.53517341e-01
 2.67042392e-01
 1.81641941e-01
 9.83839093e-02
 1.82833401e-02
 -5.77083877e-02
 -1.28736305e-01
 -1.94038663e-01
 -2.52965972e-01
 -3.04975129e-01
 -3.49623925e-01
 -3.86566259e-01
 -4.15542409e-01
 -4.36364347e-01
 -4.48905695e-01
 -4.53094000e-01
 1.19106526e+00
 1.18592694e+00
 1.17303204e+00
 1.15362289e+00
 1.12758720e+00
 1.09467522e+00
 1.05473630e+00
 1.00782121e+00
 9.54140046e-01
 8.94024661e-01
 8.27917452e-01
 7.56380430e-01
 6.80082880e-01
 5.99816946e-01
 5.16467531e-01
 4.31015564e-01
 3.44497711e-01
 2.57993772e-01
 1.72586292e-01
 8.93422510e-02
 9.27621648e-03
 -6.66625256e-02
 -1.37620554e-01
 -2.02840967e-01
 -2.61683085e-01
 -3.13625003e-01
 -3.58258204e-01
 -3.95253768e-01
 -4.24261188e-01
 -4.44858803e-01
 -4.56633269e-01
 -4.60046650e-01
 1.17799140e+00
 1.17136660e+00
 1.15454124e+00
 1.13196767e+00
 1.10447831e+00
 1.07105383e+00
 1.03086466e+00
 9.83673422e-01
 9.29639475e-01
 8.69121719e-01
 8.02600819e-01
 7.30665584e-01
 6.54005740e-01
 5.73423149e-01
 4.89812395e-01
 4.04158036e-01
 3.17501488e-01
 2.30923153e-01
 1.45506557e-01
 6.23161181e-02
 -1.76356789e-02
 -9.34052486e-02
 -1.64144739e-01
 -2.29110611e-01
 -2.87688951e-01
 -3.39417093e-01
 -3.83983200e-01
 -4.21092487e-01
 -4.50131647e-01
 -4.70084723e-01
 -4.80677950e-01
 -4.83734631e-01
 1.14149148e+00
 1.13479871e+00
 1.11733190e+00
 1.09357661e+00
 1.06525584e+00
 1.03143998e+00
 9.90940104e-01
 9.43317968e-01
 8.88718688e-01
 8.27559096e-01
 7.60382328e-01
 6.87821550e-01
 6.10597555e-01
 5.29529061e-01
 4.45524602e-01
 3.59575491e-01
 2.72729484e-01
 1.86068309e-01
 1.00675824e-01
 1.76124163e-02
 -6.21141340e-02
 -1.37569201e-01
 -2.07915111e-01
 -2.72428508e-01
 -3.30534971e-01
 -3.81860146e-01
 -4.26257439e-01
 -4.63622184e-01
 -4.93379495e-01
 -5.14379544e-01
 -5.26164318e-01
 -5.29804346e-01
 1.07172132e+00
 1.06746434e+00
 1.05495861e+00
 1.03515417e+00
 1.00877342e+00
 9.75517910e-01
 9.34849787e-01
 8.86675131e-01
 8.31316334e-01
 7.69308162e-01
 7.01279343e-01
 6.27920120e-01
 5.49988736e-01
 4.68326169e-01
 3.83857297e-01
 2.97582851e-01
 2.10557336e-01
 1.23864046e-01
 3.85854494e-02
 -4.42240824e-02
 -1.23565103e-01
 -1.98515300e-01
 -2.68251614e-01
 -3.32072743e-01
 -3.89439177e-01
 -4.40048032e-01
 -4.83929497e-01
 -5.21403337e-01
 -5.52642453e-01
 -5.77030579e-01
 -5.92989120e-01
 -5.98612800e-01
 9.77625921e-01
 9.76286331e-01
 9.70810864e-01
 9.57975026e-01
 9.35581597e-01
 9.03566504e-01
 8.62723784e-01
 8.13799035e-01
 7.57470299e-01
 6.94435435e-01
 6.25415574e-01
 5.51157484e-01
 4.72455323e-01
 3.90173208e-01
 3.05252631e-01
 2.18704921e-01
 1.31590766e-01
 4.49941168e-02
 -4.00066954e-02
 -1.22366533e-01
 -2.01098925e-01
 -2.75298049e-01
 -3.44159034e-01
 -4.06998148e-01
 -4.63279759e-01
 -5.12667257e-01
 -5.55146173e-01
 -5.91238801e-01
 -6.21961610e-01
 -6.47654019e-01
 -6.66074928e-01
 -6.72968125e-01
 8.96384211e-01
 8.94961864e-01
 8.88625499e-01
 8.74137571e-01
 8.50250198e-01
 8.17089486e-01
 7.75120064e-01
 7.24971976e-01
 6.67397692e-01
 6.03182589e-01
 5.33102307e-01
 4.57935602e-01
 3.78498816e-01
 2.95673580e-01
 2.10415762e-01
 1.23746593e-01
 3.67314206e-02
 -4.95475194e-02
 -1.34019968e-01
 -2.15654979e-01
 -2.93485143e-01
 -3.66627081e-01
 -4.34298692e-01
 -4.95831382e-01
 -5.50665769e-01
 -5.98302568e-01
 -6.38201734e-01
 -6.69765552e-01
 -6.92696005e-01
 -7.07612945e-01
 -7.15908955e-01
 -7.18597206e-01
 8.31550117e-01
 8.24479910e-01
 8.06550557e-01
 7.82561152e-01
 7.53235356e-01
 7.16924164e-01
 6.72671672e-01
 6.20652027e-01
 5.61522417e-01
 4.96029617e-01
 4.24917814e-01
 3.48947222e-01
 2.68930743e-01
 1.85756856e-01
 1.00391717e-01
 1.38645642e-02
 -7.27570565e-02
 -1.58396339e-01
 -2.41996548e-01
 -3.22547883e-01
 -3.99110350e-01
 -4.70832054e-01
 -5.36963459e-01
 -5.96867212e-01
 -6.50013161e-01
 -6.95916024e-01
 -7.33930067e-01
 -7.62897017e-01
 -7.81157784e-01
 -7.88132493e-01
 -7.87257401e-01
 -7.85635164e-01
 6.91012492e-01
 6.90743784e-01
 6.85873688e-01
 6.70032901e-01
 6.41648345e-01
 6.02801707e-01
 5.55612198e-01
 5.01254432e-01
 4.40428549e-01
 3.73730304e-01
 3.01776487e-01
 2.25255085e-01
 1.44951612e-01
 6.17530568e-02
 -2.33664885e-02
 -1.09371275e-01
 -1.95194386e-01
 -2.79769300e-01
 -3.62059802e-01
 -4.41086371e-01
 -5.15947651e-01
 -5.85836383e-01
 -6.50050857e-01
 -7.08008545e-01
 -7.59282978e-01
 -8.03708948e-01
 -8.41604785e-01
 -8.74038658e-01
 -9.02653058e-01
 -9.28128274e-01
 -9.47646257e-01
 -9.55264588e-01
 6.32800486e-01
 6.22159102e-01
 5.94882052e-01
 5.59144582e-01
 5.18908317e-01
 4.73973260e-01
 4.23411304e-01
 3.66967638e-01
 3.04834678e-01
 2.37358081e-01
 1.64997943e-01
 8.83628358e-02
 8.21550638e-03
 -7.45512488e-02
 -1.58950502e-01
 -2.43938842e-01
 -3.28452494e-01
 -4.11440845e-01
 -4.91896561e-01
 -5.68881363e-01
 -6.41546460e-01
 -7.09146530e-01
 -7.71046235e-01
 -8.26720741e-01
 -8.75762816e-01
 -9.17932054e-01
 -9.53278331e-01
 -9.82230648e-01
 -1.00532200e+00
 -1.02254480e+00
 -1.03323903e+00
 -1.03684606e+00
 4.28660453e-01
 4.27304048e-01
 4.19879353e-01
 4.00826166e-01
 3.68610111e-01
 3.25647896e-01
 2.74896100e-01
 2.18060151e-01
 1.55803028e-01
 8.84487171e-02
 1.64042099e-02
 -5.97199193e-02
 -1.39126927e-01
 -2.20885731e-01
 -3.03981431e-01
 -3.87358601e-01
 -4.69958768e-01
 -5.50753525e-01
 -6.28773621e-01
 -7.03133736e-01
 -7.73052416e-01
 -8.37866226e-01
 -8.97035124e-01
 -9.50129176e-01
 -9.96770485e-01
 -1.03648536e+00
 -1.06846470e+00
 -1.09148099e+00
 -1.10457882e+00
 -1.10872489e+00
 -1.10779574e+00
 -1.10672742e+00
 3.19762371e-01
 3.10102693e-01
 2.84133198e-01
 2.48037149e-01
 2.06466129e-01
 1.60930204e-01
 1.11007215e-01
 5.59139596e-02
 -4.71488576e-03
 -7.07185811e-02
 -1.41551312e-01
 -2.16428140e-01
 -2.94419548e-01
 -3.74509567e-01
 -4.55637217e-01
 -5.36731333e-01
 -6.16742321e-01
 -6.94671410e-01
 -7.69596972e-01
 -8.40697335e-01
 -9.07269893e-01
 -9.68747154e-01
 -1.02471116e+00
 -1.07490774e+00
 -1.11926111e+00
 -1.15788665e+00
 -1.19108820e+00
 -1.21927325e+00
 -1.24265559e+00
 -1.26079848e+00
 -1.27253177e+00
 -1.27661335e+00
 7.08693934e-02
 6.63538596e-02
 5.37252101e-02
 3.44645638e-02
 8.74540195e-03
 -2.44726899e-02
 -6.60448423e-02
 -1.15886833e-01
 -1.73186847e-01
 -2.36844333e-01
 -3.05711520e-01
 -3.78654685e-01
 -4.54550315e-01
 -5.32278799e-01
 -6.10730909e-01
 -6.88824687e-01
 -7.65527615e-01
 -8.39880153e-01
 -9.11018061e-01
 -9.78191843e-01
 -1.04078260e+00
 -1.09831502e+00
 -1.15047105e+00
 -1.19711232e+00
 -1.23832659e+00
 -1.27451297e+00
 -1.30647787e+00
 -1.33536801e+00
 -1.36206780e+00
 -1.38587817e+00
 -1.40345194e+00
 -1.41008109e+00
 -2.08485172e-01
 -2.02182677e-01
 -1.89049587e-01
 -1.80984536e-01
 -1.86667548e-01
 -2.08155563e-01
 -2.43442745e-01
 -2.89649829e-01
 -3.44371955e-01
 -4.05777817e-01
 -4.72388445e-01
 -5.42898801e-01
 -6.16086437e-01
 -6.90777442e-01
 -7.65842568e-01
 -8.40208118e-01
 -9.12873499e-01
 -9.82930840e-01
 -1.04958363e+00
 -1.11216202e+00
 -1.17013285e+00
 -1.22310228e+00
 -1.27080864e+00
 -1.31310000e+00
 -1.34988066e+00
 -1.38099034e+00
 -1.40598794e+00
 -1.42397402e+00
 -1.43396220e+00
 -1.43630708e+00
 -1.43422643e+00
 -1.43269270e+00
 -2.17566443e-01
 -2.28288556e-01
 -2.55773002e-01
 -2.90923191e-01
 -3.28179840e-01
 -3.67362178e-01
 -4.10512742e-01
 -4.59155722e-01
 -5.13647035e-01
 -5.73511922e-01
 -6.37844883e-01
 -7.05554249e-01
 -7.75489243e-01
 -8.46504513e-01
 -9.17496184e-01
 -9.87427012e-01
 -1.05534779e+00
 -1.12041669e+00
 -1.18191579e+00
 -1.23926324e+00
 -1.29201837e+00
 -1.33987638e+00
 -1.38264814e+00
 -1.42022227e+00
 -1.45251960e+00
 -1.47948602e+00
 -1.50121716e+00
 -1.51824593e+00
 -1.53167232e+00
 -1.54249127e+00
 -1.55030265e+00
 -1.55327769e+00
 -4.25423073e-01
 -4.28611965e-01
 -4.39846013e-01
 -4.61443366e-01
 -4.92912646e-01
 -5.31748309e-01
 -5.76015662e-01
 -6.25085452e-01
 -6.78836029e-01
 -7.36941100e-01
 -7.98709546e-01
 -8.63198262e-01
 -9.29349893e-01
 -9.96085439e-01
 -1.06235977e+00
 -1.12719763e+00
 -1.18972009e+00
 -1.24916511e+00
 -1.30490335e+00
 -1.35644885e+00
 -1.40346311e+00
 -1.44575047e+00
 -1.48324288e+00
 -1.51597479e+00
 -1.54405414e+00
 -1.56763739e+00
 -1.58689642e+00
 -1.60193768e+00
 -1.61272704e+00
 -1.61930513e+00
 -1.62233945e+00
 -1.62311325e+00
 -5.94098501e-01
 -6.00222900e-01
 -6.16456711e-01
 -6.39125227e-01
 -6.66841432e-01
 -7.00353809e-01
 -7.40334285e-01
 -7.86462274e-01
 -8.37816148e-01
 -8.93340849e-01
 -9.51996578e-01
 -1.01275411e+00
 -1.07458376e+00
 -1.13646996e+00
 -1.19744075e+00
 -1.25659933e+00
 -1.31315119e+00
 -1.36642474e+00
 -1.41588599e+00
 -1.46114844e+00
 -1.50197803e+00
 -1.53829287e+00
 -1.57015824e+00
 -1.59777736e+00
 -1.62147176e+00
 -1.64163165e+00
 -1.65862246e+00
 -1.67269544e+00
 -1.68398369e+00
 -1.69250467e+00
 -1.69800490e+00
 -1.69994313e+00
 -8.18847055e-01
 -8.16380987e-01
 -8.12890797e-01
 -8.16120466e-01
 -8.31065492e-01
 -8.58008744e-01
 -8.94674234e-01
 -9.38489216e-01
 -9.87430670e-01
 -1.04001478e+00
 -1.09507600e+00
 -1.15158825e+00
 -1.20857586e+00
 -1.26509514e+00
 -1.32025384e+00
 -1.37324177e+00
 -1.42335751e+00
 -1.47002669e+00
 -1.51281342e+00
 -1.55142801e+00
 -1.58573154e+00
 -1.61573609e+00
 -1.64160022e+00
 -1.66362339e+00
 -1.68224379e+00
 -1.69803192e+00
 -1.71163675e+00
 -1.72360204e+00
 -1.73404182e+00
 -1.74243635e+00
 -1.74791232e+00
 -1.74980788e+00
 -8.52761019e-01
 -8.61680088e-01
 -8.85414996e-01
 -9.17745972e-01
 -9.54034400e-01
 -9.92768260e-01
 -1.03412257e+00
 -1.07839794e+00
 -1.12547485e+00
 -1.17486193e+00
 -1.22584986e+00
 -1.27761661e+00
 -1.32929159e+00
 -1.38000712e+00
 -1.42894758e+00
 -1.47539053e+00
 -1.51873271e+00
 -1.55850158e+00
 -1.59435936e+00
 -1.62610651e+00
 -1.65368530e+00
 -1.67717732e+00
 -1.69678704e+00
 -1.71280919e+00
 -1.72558856e+00
 -1.73549484e+00
 -1.74294401e+00
 -1.74846392e+00
 -1.75269030e+00
 -1.75610541e+00
 -1.75861389e+00
 -1.75958062e+00
 -1.00754654e+00
 -1.01371545e+00
 -1.03127191e+00
 -1.05778633e+00
 -1.09040478e+00
 -1.12691821e+00
 -1.16616859e+00
 -1.20771949e+00
 -1.25131342e+00
 -1.29654975e+00
 -1.34282015e+00
 -1.38936384e+00
 -1.43534687e+00
 -1.47993916e+00
 -1.52238312e+00
 -1.56204136e+00
 -1.59841483e+00
 -1.63113895e+00
 -1.65997379e+00
 -1.68480128e+00
 -1.70563200e+00
 -1.72260866e+00
 -1.73598669e+00
 -1.74608114e+00
 -1.75318067e+00
 -1.75744187e+00
 -1.75881848e+00
 -1.75715925e+00
 -1.75262741e+00
 -1.74635330e+00
 -1.74071055e+00
 -1.73841697e+00
 -1.20247984e+00
 -1.20286005e+00
 -1.20596658e+00
 -1.21547756e+00
 -1.23328262e+00
 -1.25873379e+00
 -1.29004656e+00
 -1.32551361e+00
 -1.36382672e+00
 -1.40395318e+00
 -1.44496825e+00
 -1.48596454e+00
 -1.52604035e+00
 -1.56434736e+00
 -1.60016349e+00
 -1.63293947e+00
 -1.66229476e+00
 -1.68798516e+00
 -1.70987030e+00
 -1.72790112e+00
 -1.74213769e+00
 -1.75277906e+00
 -1.76016628e+00
 -1.76474886e+00
 -1.76704046e+00
 -1.76758345e+00
 -1.76691460e+00
 -1.76551756e+00
 -1.76379352e+00
 -1.76210862e+00
 -1.76085677e+00
 -1.76039102e+00
 -1.29862892e+00
 -1.30355157e+00
 -1.31602569e+00
 -1.33216619e+00
 -1.35062853e+00
 -1.37240067e+00
 -1.39837956e+00
 -1.42832903e+00
 -1.46128696e+00
 -1.49612709e+00
 -1.53177027e+00
 -1.56718296e+00
 -1.60136437e+00
 -1.63340738e+00
 -1.66261354e+00
 -1.68854483e+00
 -1.71096894e+00
 -1.72978423e+00
 -1.74495721e+00
 -1.75648885e+00
 -1.76444799e+00
 -1.76906006e+00
 -1.77075005e+00
 -1.77011110e+00
 -1.76787912e+00
 -1.76496905e+00
 -1.76253729e+00
 -1.76189318e+00
 -1.76397336e+00
 -1.76840442e+00
 -1.77303311e+00
 -1.77501998e+00
 -1.44678034e+00
 -1.44441051e+00
 -1.44065500e+00
 -1.44167716e+00
 -1.45064637e+00
 -1.46699466e+00
 -1.48884276e+00
 -1.51454615e+00
 -1.54287529e+00
 -1.57280794e+00
 -1.60334852e+00
 -1.63344176e+00
 -1.66198842e+00
 -1.68796933e+00
 -1.71070955e+00
 -1.72994864e+00
 -1.74564577e+00
 -1.75787267e+00
 -1.76672328e+00
 -1.77222959e+00
 -1.77438668e+00
 -1.77337651e+00
 -1.76968796e+00
 -1.76400079e+00
 -1.75705018e+00
 -1.74954161e+00
 -1.74207083e+00
 -1.73506890e+00
 -1.72886333e+00
 -1.72384596e+00
 -1.72052921e+00
 -1.71936518e+00
 -1.47109692e+00
 -1.47579966e+00
 -1.48798306e+00
 -1.50402119e+00
 -1.52177561e+00
 -1.54098895e+00
 -1.56195810e+00
 -1.58472951e+00
 -1.60907860e+00
 -1.63458463e+00
 -1.66050156e+00
 -1.68577654e+00
 -1.70919258e+00
 -1.72946684e+00
 -1.74595538e+00
 -1.75875181e+00
 -1.76802100e+00
 -1.77404575e+00
 -1.77708719e+00
 -1.77723073e+00
 -1.77423151e+00
 -1.76809405e+00
 -1.75941558e+00
 -1.74900985e+00
 -1.73762036e+00
 -1.72580178e+00
 -1.71378589e+00
 -1.70143076e+00
 -1.68858922e+00
 -1.67604442e+00
 -1.66625840e+00
 -1.66247712e+00
 -1.53196582e+00
 -1.53687185e+00
 -1.54962894e+00
 -1.56632363e+00
 -1.58421616e+00
 -1.60251143e+00
 -1.62131014e+00
 -1.64078265e+00
 -1.66117745e+00
 -1.68266780e+00
 -1.70457676e+00
 -1.72567976e+00
 -1.74475054e+00
 -1.75978822e+00
 -1.77019657e+00
 -1.77693107e+00
 -1.78013430e+00
 -1.78042513e+00
 -1.77821682e+00
 -1.77388388e+00
 -1.76657197e+00
 -1.75582543e+00
 -1.74257611e+00
 -1.72792255e+00
 -1.71271896e+00
 -1.69772798e+00
 -1.68369339e+00
 -1.67137063e+00
 -1.66147831e+00
 -1.65452062e+00
 -1.65056150e+00
 -1.64930442e+00
 -1.63098719e+00
 -1.62992143e+00
 -1.62910303e+00
 -1.63251118e+00
 -1.64142575e+00
 -1.65435960e+00
 -1.66918525e+00
 -1.68448481e+00
 -1.70056649e+00
 -1.71860978e+00
 -1.73734591e+00
 -1.75483273e+00
 -1.77078651e+00
 -1.78113676e+00
 -1.78535032e+00
 -1.78675147e+00
 -1.78418571e+00
 -1.77938330e+00
 -1.77231344e+00
 -1.76471230e+00
 -1.75417264e+00
 -1.73920928e+00
 -1.72176069e+00
 -1.70337171e+00
 -1.68484798e+00
 -1.66713405e+00
 -1.65129687e+00
 -1.63878115e+00
 -1.63083867e+00
 -1.62754432e+00
 -1.62736948e+00
 -1.62775854e+00
 -1.66727703e+00
 -1.66801542e+00
 -1.67055818e+00
 -1.67571445e+00
 -1.68401118e+00
 -1.69488954e+00
 -1.70675287e+00
 -1.71739707e+00
 -1.72841908e+00
 -1.74418921e+00
 -1.76101638e+00
 -1.77472288e+00
 -1.78962384e+00
 -1.79591388e+00
 -1.79303212e+00
 -1.79082123e+00
 -1.78222494e+00
 -1.77360955e+00
 -1.76134230e+00
 -1.75227012e+00
 -1.73981787e+00
 -1.72069328e+00
 -1.69933913e+00
 -1.67788586e+00
 -1.65635969e+00
 -1.63614360e+00
 -1.61746629e+00
 -1.60175372e+00
 -1.59056777e+00
 -1.58335110e+00
 -1.57901959e+00
 -1.57745884e+00
 -1.68456803e+00
 -1.68740448e+00
 -1.69497270e+00
 -1.70475529e+00
 -1.71489182e+00
 -1.72550188e+00
 -1.73614511e+00
 -1.74139515e+00
 -1.74558467e+00
 -1.76139345e+00
 -1.77828398e+00
 -1.78629533e+00
 -1.80357406e+00
 -1.80660237e+00
 -1.79420082e+00
 -1.79226696e+00
 -1.77569002e+00
 -1.76630101e+00
 -1.74675647e+00
 -1.73914651e+00
 -1.72601285e+00
 -1.70240380e+00
 -1.67729650e+00
 -1.65401723e+00
 -1.62929111e+00
 -1.60780715e+00
 -1.58598236e+00
 -1.56514592e+00
 -1.55002863e+00
 -1.54092600e+00
 -1.53644251e+00
 -1.53506975e+00
 -1.70512888e+00
 -1.70908652e+00
 -1.71887120e+00
 -1.72943338e+00
 -1.73807755e+00
 -1.74760208e+00
 -1.75987472e+00
 -1.75861320e+00
 -1.75288180e+00
 -1.77233112e+00
 -1.79195064e+00
 -1.79017480e+00
 -1.81451895e+00
 -1.81544005e+00
 -1.78935289e+00
 -1.79448226e+00
 -1.76528663e+00
 -1.76098053e+00
 -1.72958615e+00
 -1.72794170e+00
 -1.71446533e+00
 -1.68624456e+00
 -1.65707776e+00
 -1.63448702e+00
 -1.60469935e+00
 -1.58519262e+00
 -1.56070256e+00
 -1.53255357e+00
 -1.51224764e+00
 -1.50124301e+00
 -1.49708968e+00
 -1.49597962e+00
 -1.73024394e+00
 -1.73401023e+00
 -1.74279583e+00
 -1.75027272e+00
 -1.75395103e+00
 -1.76109016e+00
 -1.77941810e+00
 -1.77077774e+00
 -1.75227815e+00
 -1.77894020e+00
 -1.80365175e+00
 -1.78791673e+00
 -1.82328885e+00
 -1.82357950e+00
 -1.77994187e+00
 -1.79951347e+00
 -1.75221906e+00
 -1.76001025e+00
 -1.71156297e+00
 -1.72068043e+00
 -1.70578952e+00
 -1.67399352e+00
 -1.63981837e+00
 -1.62170969e+00
 -1.58305226e+00
 -1.57048621e+00
 -1.54382622e+00
 -1.50679539e+00
 -1.47978735e+00
 -1.46586807e+00
 -1.46169231e+00
 -1.46058199e+00
 -1.75149183e+00
 -1.75459559e+00
 -1.76104318e+00
 -1.76448517e+00
 -1.76275764e+00
 -1.76685834e+00
 -1.79368982e+00
 -1.77842619e+00
 -1.74811551e+00
 -1.78255268e+00
 -1.81253518e+00
 -1.78324603e+00
 -1.82937575e+00
 -1.83014268e+00
 -1.77015801e+00
 -1.80577993e+00
 -1.74028937e+00
 -1.76233167e+00
 -1.69677174e+00
 -1.71757182e+00
 -1.70015134e+00
 -1.66676968e+00
 -1.62737866e+00
 -1.61596756e+00
 -1.56655483e+00
 -1.56363767e+00
 -1.53488783e+00
 -1.49039407e+00
 -1.45697284e+00
 -1.44032319e+00
 -1.43596146e+00
 -1.43508036e+00
 -1.75981300e+00
 -1.76250216e+00
 -1.76773527e+00
 -1.76946889e+00
 -1.76549253e+00
 -1.76807712e+00
 -1.79915952e+00
 -1.78109383e+00
 -1.74585856e+00
 -1.78372424e+00
 -1.81598327e+00
 -1.78092987e+00
 -1.83160440e+00
 -1.83277087e+00
 -1.76591114e+00
 -1.80873429e+00
 -1.73530941e+00
 -1.76390267e+00
 -1.69088801e+00
 -1.71692408e+00
 -1.69812356e+00
 -1.66448199e+00
 -1.62268709e+00
 -1.61467864e+00
 -1.56007824e+00
 -1.56198157e+00
 -1.53217060e+00
 -1.48484759e+00
 -1.44864148e+00
 -1.43102525e+00
 -1.42615855e+00
 -1.42573700e+00
