 2.88035900e+00
 2.89324186e+00
 2.90417449e+00
 2.90457264e+00
 2.90880547e+00
 2.83255124e+00
 2.93151616e+00
 2.84800077e+00
 2.93099509e+00
 2.95356903e+00
 2.93674600e+00
 2.87661362e+00
 2.88702723e+00
 2.89853822e+00
 2.90387391e+00
 2.90213943e+00
 2.85123037e+00
 2.91721112e+00
 2.86850043e+00
 2.92098213e+00
 2.93629861e+00
 2.92533132e+00
 2.87445430e+00
 2.87980227e+00
 2.88964440e+00
 2.89844621e+00
 2.89577155e+00
 2.88031849e+00
 2.90308956e+00
 2.89634785e+00
 2.91249251e+00
 2.91757218e+00
 2.91419121e+00
 2.87278531e+00
 2.87445364e+00
 2.88169297e+00
 2.89176359e+00
 2.89643699e+00
 2.89765328e+00
 2.90606224e+00
 2.91111486e+00
 2.91841514e+00
 2.92490483e+00
 2.92770531e+00
 2.85037018e+00
 2.85789089e+00
 2.87307171e+00
 2.88743943e+00
 2.89828010e+00
 2.90643131e+00
 2.91416823e+00
 2.92065917e+00
 2.92587412e+00
 2.92940066e+00
 2.93065511e+00
 2.86703497e+00
 2.86765427e+00
 2.87305863e+00
 2.88443556e+00
 2.89760773e+00
 2.90956404e+00
 2.91969194e+00
 2.92766571e+00
 2.93299738e+00
 2.93489064e+00
 2.93480997e+00
 2.84922152e+00
 2.85272560e+00
 2.86240632e+00
 2.87647939e+00
 2.89203132e+00
 2.90683497e+00
 2.91996902e+00
 2.93068226e+00
 2.93982405e+00
 2.94834655e+00
 2.95258615e+00
 2.82696001e+00
 2.83298006e+00
 2.84718315e+00
 2.86493758e+00
 2.88194992e+00
 2.89833355e+00
 2.91500860e+00
 2.92737899e+00
 2.93550985e+00
 2.93876659e+00
 2.93893968e+00
 2.82604668e+00
 2.82706419e+00
 2.83437340e+00
 2.85573528e+00
 2.87033993e+00
 2.88557522e+00
 2.90860821e+00
 2.92105147e+00
 2.93089642e+00
 2.93516379e+00
 2.93589990e+00
 2.82481980e+00
 2.81565665e+00
 2.81553534e+00
 2.85425938e+00
 2.86060478e+00
 2.87200434e+00
 2.90604058e+00
 2.91354009e+00
 2.92922302e+00
 2.93600997e+00
 2.93608613e+00
 2.82244400e+00
 2.80483642e+00
 2.80354439e+00
 2.85680332e+00
 2.85644428e+00
 2.86558051e+00
 2.90648053e+00
 2.90930001e+00
 2.92923102e+00
 2.93729270e+00
 2.93546900e+00
