 2.74881600e+00
 2.73905732e+00
 2.72928099e+00
 2.73880117e+00
 2.73349529e+00
 2.74558126e+00
 2.78183333e+00
 2.82071786e+00
 2.83929768e+00
 2.84829364e+00
 2.85176700e+00
 2.74824645e+00
 2.74096487e+00
 2.73057433e+00
 2.73342421e+00
 2.73044478e+00
 2.74287112e+00
 2.77677503e+00
 2.81267739e+00
 2.83194017e+00
 2.83983412e+00
 2.84103358e+00
 2.74706251e+00
 2.74160715e+00
 2.72994069e+00
 2.72259368e+00
 2.72086201e+00
 2.73318077e+00
 2.76144906e+00
 2.79169573e+00
 2.81233657e+00
 2.82264331e+00
 2.82493222e+00
 2.74653360e+00
 2.74053386e+00
 2.72584441e+00
 2.71134778e+00
 2.70593929e+00
 2.71504932e+00
 2.73681112e+00
 2.76166068e+00
 2.78278434e+00
 2.79986353e+00
 2.80789522e+00
 2.74789498e+00
 2.74069828e+00
 2.72215359e+00
 2.70113788e+00
 2.68873828e+00
 2.69116394e+00
 2.70599490e+00
 2.72496893e+00
 2.73987839e+00
 2.74600772e+00
 2.74634291e+00
 2.75122062e+00
 2.74299248e+00
 2.72100613e+00
 2.69373353e+00
 2.67307310e+00
 2.66696602e+00
 2.67444246e+00
 2.68870621e+00
 2.70296588e+00
 2.71332735e+00
 2.71736962e+00
 2.75512587e+00
 2.74633373e+00
 2.72218168e+00
 2.69010599e+00
 2.66194713e+00
 2.64737477e+00
 2.64746386e+00
 2.65686571e+00
 2.66985208e+00
 2.68147781e+00
 2.68621214e+00
 2.75802232e+00
 2.74926602e+00
 2.72456453e+00
 2.68955339e+00
 2.65578330e+00
 2.63456787e+00
 2.62840257e+00
 2.63205512e+00
 2.63912875e+00
 2.64579518e+00
 2.64888098e+00
 2.75942591e+00
 2.75174002e+00
 2.72840094e+00
 2.69041177e+00
 2.65276735e+00
 2.62766731e+00
 2.61796760e+00
 2.61781225e+00
 2.61919142e+00
 2.61789155e+00
 2.61574485e+00
 2.75983045e+00
 2.75549299e+00
 2.73494406e+00
 2.69047458e+00
 2.65120364e+00
 2.62445472e+00
 2.61378776e+00
 2.61279444e+00
 2.61218425e+00
 2.61280385e+00
 2.61214980e+00
 2.75987300e+00
 2.75876859e+00
 2.73918299e+00
 2.68981441e+00
 2.65073800e+00
 2.62347542e+00
 2.61280439e+00
 2.61202829e+00
 2.61061540e+00
 2.61401833e+00
 2.61694900e+00
