 3.50377200e+00
 3.49620800e+00
 3.47016358e+00
 3.42334324e+00
 3.37728151e+00
 3.32477334e+00
 3.23926533e+00
 3.18539503e+00
 3.11048816e+00
 3.05731716e+00
 3.04009700e+00
 3.50190884e+00
 3.49683788e+00
 3.47461531e+00
 3.43174127e+00
 3.38507955e+00
 3.32993385e+00
 3.25001061e+00
 3.18968641e+00
 3.11805477e+00
 3.06593407e+00
 3.04831057e+00
 3.50845296e+00
 3.50519353e+00
 3.48876080e+00
 3.45291577e+00
 3.40544890e+00
 3.34690237e+00
 3.27465287e+00
 3.20581982e+00
 3.13803014e+00
 3.08851595e+00
 3.07084173e+00
 3.54168571e+00
 3.53553863e+00
 3.51565331e+00
 3.48070622e+00
 3.43261991e+00
 3.37290731e+00
 3.30361206e+00
 3.23206098e+00
 3.16604717e+00
 3.11891599e+00
 3.10191394e+00
 3.58097773e+00
 3.57103410e+00
 3.54568196e+00
 3.50882707e+00
 3.46024754e+00
 3.40026275e+00
 3.33149534e+00
 3.25998582e+00
 3.19541975e+00
 3.15004155e+00
 3.13371050e+00
 3.58664825e+00
 3.58187148e+00
 3.56378898e+00
 3.53019809e+00
 3.48250917e+00
 3.42235753e+00
 3.35327359e+00
 3.28201817e+00
 3.21866634e+00
 3.17467834e+00
 3.15893563e+00
 3.60724145e+00
 3.59848104e+00
 3.57663819e+00
 3.54364379e+00
 3.49672997e+00
 3.43569770e+00
 3.36527807e+00
 3.29353457e+00
 3.23100821e+00
 3.18833200e+00
 3.17315422e+00
 3.59111055e+00
 3.58948047e+00
 3.57783203e+00
 3.54983582e+00
 3.50390546e+00
 3.43990420e+00
 3.36684212e+00
 3.29347339e+00
 3.23081978e+00
 3.19012140e+00
 3.17597528e+00
 3.59939092e+00
 3.59443108e+00
 3.58098541e+00
 3.55265264e+00
 3.50802048e+00
 3.43660648e+00
 3.36101411e+00
 3.28587753e+00
 3.21748570e+00
 3.18173293e+00
 3.17094866e+00
 3.59203378e+00
 3.59314006e+00
 3.58620533e+00
 3.55155485e+00
 3.51311686e+00
 3.42911028e+00
 3.35335664e+00
 3.28090802e+00
 3.19222638e+00
 3.16465881e+00
 3.16408079e+00
 3.58294500e+00
 3.59224764e+00
 3.59022657e+00
 3.54926022e+00
 3.51652868e+00
 3.42478173e+00
 3.34969648e+00
 3.28126306e+00
 3.17651188e+00
 3.15160204e+00
 3.16102400e+00
