 3.05423800e+00
 3.06067128e+00
 3.07282874e+00
 3.08535874e+00
 3.10328331e+00
 3.11435072e+00
 3.11227986e+00
 3.11392118e+00
 3.10331912e+00
 3.11085217e+00
 3.12004800e+00
 3.04955828e+00
 3.05487829e+00
 3.06702406e+00
 3.08033186e+00
 3.09671356e+00
 3.10656019e+00
 3.10546391e+00
 3.10527340e+00
 3.09890087e+00
 3.10570419e+00
 3.11198583e+00
 3.03413847e+00
 3.03836157e+00
 3.04933368e+00
 3.06271040e+00
 3.07572287e+00
 3.08292647e+00
 3.08276537e+00
 3.08091345e+00
 3.07874610e+00
 3.08063517e+00
 3.08210821e+00
 3.00590700e+00
 3.00937779e+00
 3.01843722e+00
 3.02957269e+00
 3.03893213e+00
 3.04360796e+00
 3.04394242e+00
 3.04312070e+00
 3.04222835e+00
 3.03991608e+00
 3.03791006e+00
 2.96642452e+00
 2.96907853e+00
 2.97589520e+00
 2.98403668e+00
 2.99062644e+00
 2.99454074e+00
 2.99696335e+00
 2.99996099e+00
 3.00458280e+00
 3.01036839e+00
 3.01349623e+00
 2.92323119e+00
 2.92514393e+00
 2.93007508e+00
 2.93621826e+00
 2.94221005e+00
 2.94805584e+00
 2.95447974e+00
 2.96159404e+00
 2.96835289e+00
 2.97303757e+00
 2.97461377e+00
 2.88532461e+00
 2.88675753e+00
 2.89066918e+00
 2.89639836e+00
 2.90388360e+00
 2.91348080e+00
 2.92435627e+00
 2.93482239e+00
 2.94296658e+00
 2.94676833e+00
 2.94741742e+00
 2.85720292e+00
 2.85841507e+00
 2.86200004e+00
 2.86825654e+00
 2.87796595e+00
 2.89180135e+00
 2.90652922e+00
 2.91837104e+00
 2.93058473e+00
 2.93963304e+00
 2.94313837e+00
 2.83877865e+00
 2.84006086e+00
 2.84350721e+00
 2.85037615e+00
 2.86169513e+00
 2.87933727e+00
 2.89912345e+00
 2.90392758e+00
 2.92268134e+00
 2.93232305e+00
 2.93383445e+00
 2.82849762e+00
 2.83025388e+00
 2.83359530e+00
 2.84019806e+00
 2.85290893e+00
 2.87124512e+00
 2.90259728e+00
 2.88428955e+00
 2.92384831e+00
 2.93465170e+00
 2.92912694e+00
 2.82520100e+00
 2.82708788e+00
 2.83078793e+00
 2.83656833e+00
 2.85050352e+00
 2.86733206e+00
 2.90779105e+00
 2.87154507e+00
 2.92847566e+00
 2.94143656e+00
 2.92903200e+00
