 3.03620000e+00
 3.03385993e+00
 3.02726536e+00
 3.01754289e+00
 3.00612803e+00
 2.99416165e+00
 2.98208689e+00
 2.96993713e+00
 2.95836640e+00
 2.94948713e+00
 2.94609700e+00
 3.03191005e+00
 3.02964914e+00
 3.02328109e+00
 3.01394304e+00
 3.00305005e+00
 2.99171137e+00
 2.98029295e+00
 2.96879748e+00
 2.95809699e+00
 2.95102539e+00
 2.94917973e+00
 3.02050976e+00
 3.01848124e+00
 3.01281973e+00
 3.00465398e+00
 2.99535155e+00
 2.98587935e+00
 2.97640188e+00
 2.96669296e+00
 2.95768045e+00
 2.95228844e+00
 2.95110875e+00
 3.00600332e+00
 3.00438549e+00
 2.99995512e+00
 2.99379707e+00
 2.98715437e+00
 2.98075485e+00
 2.97439961e+00
 2.96730667e+00
 2.95917466e+00
 2.95122112e+00
 2.94743187e+00
 2.99368516e+00
 2.99265808e+00
 2.98996668e+00
 2.98659686e+00
 2.98358701e+00
 2.98133071e+00
 2.97921605e+00
 2.97598669e+00
 2.97095457e+00
 2.96572161e+00
 2.96352639e+00
 2.98789767e+00
 2.98758791e+00
 2.98700046e+00
 2.98696432e+00
 2.98824440e+00
 2.99084305e+00
 2.99375230e+00
 2.99565092e+00
 2.99586662e+00
 2.99476197e+00
 2.99391719e+00
 2.98997210e+00
 2.99041288e+00
 2.99200749e+00
 2.99540750e+00
 3.00112145e+00
 3.00867030e+00
 3.01639505e+00
 3.02287265e+00
 3.02785205e+00
 3.03217065e+00
 3.03437576e+00
 2.99782956e+00
 2.99889797e+00
 3.00239832e+00
 3.00884034e+00
 3.01852313e+00
 3.03077257e+00
 3.04206966e+00
 3.05131668e+00
 3.05622086e+00
 3.05696235e+00
 3.05622505e+00
 3.00741686e+00
 3.00864409e+00
 3.01352125e+00
 3.02266425e+00
 3.03468618e+00
 3.05229002e+00
 3.06442582e+00
 3.07725827e+00
 3.08131534e+00
 3.08483351e+00
 3.08636464e+00
 3.01481226e+00
 3.01500581e+00
 3.02061019e+00
 3.03373177e+00
 3.04408338e+00
 3.06957983e+00
 3.07710799e+00
 3.09819029e+00
 3.09404414e+00
 3.10265831e+00
 3.11051844e+00
 3.01754600e+00
 3.01666684e+00
 3.02239379e+00
 3.03859232e+00
 3.04628771e+00
 3.07703632e+00
 3.08000167e+00
 3.10773724e+00
 3.09542936e+00
 3.10547248e+00
 3.11866500e+00
