 -6.68177000e-01
 -6.71328878e-01
 -6.82530780e-01
 -7.05183581e-01
 -7.39082593e-01
 -7.72469143e-01
 -7.88823980e-01
 -8.64702890e-01
 -9.16420132e-01
 -1.01859106e+00
 -1.05780457e+00
 -1.02880990e+00
 -1.09071480e+00
 -1.23883004e+00
 -1.28428337e+00
 -1.29705767e+00
 -1.40936785e+00
 -1.41646915e+00
 -1.45935717e+00
 -1.51481534e+00
 -1.54558914e+00
 -1.64004653e+00
 -1.66576747e+00
 -1.67744400e+00
 -1.74806608e+00
 -1.73543325e+00
 -1.72485341e+00
 -1.76056536e+00
 -1.79343160e+00
 -1.80500634e+00
 -1.80274920e+00
 -1.80000100e+00
 -6.76687731e-01
 -6.80074584e-01
 -6.91763463e-01
 -7.13765064e-01
 -7.46711435e-01
 -7.79308290e-01
 -8.00428660e-01
 -8.71433824e-01
 -9.25777032e-01
 -1.02247127e+00
 -1.06231476e+00
 -1.04021328e+00
 -1.10158897e+00
 -1.24216928e+00
 -1.28947656e+00
 -1.30663929e+00
 -1.41195438e+00
 -1.42361486e+00
 -1.46572096e+00
 -1.51973667e+00
 -1.55299883e+00
 -1.64177291e+00
 -1.66905690e+00
 -1.68353893e+00
 -1.74703431e+00
 -1.73880217e+00
 -1.73144889e+00
 -1.76321146e+00
 -1.79163804e+00
 -1.80016283e+00
 -1.79592717e+00
 -1.79235294e+00
 -7.02027221e-01
 -7.05892747e-01
 -7.18109365e-01
 -7.39176917e-01
 -7.69699120e-01
 -8.01532486e-01
 -8.31930966e-01
 -8.93183944e-01
 -9.51801024e-01
 -1.03575879e+00
 -1.07714673e+00
 -1.07233814e+00
 -1.13228930e+00
 -1.25384822e+00
 -1.30543870e+00
 -1.33300533e+00
 -1.42162357e+00
 -1.44379569e+00
 -1.48431217e+00
 -1.53479629e+00
 -1.57325479e+00
 -1.64829574e+00
 -1.67897429e+00
 -1.69922399e+00
 -1.74699193e+00
 -1.74823012e+00
 -1.74800169e+00
 -1.77075221e+00
 -1.78874351e+00
 -1.79028132e+00
 -1.78224447e+00
 -1.77756726e+00
 -7.43613030e-01
 -7.47677507e-01
 -7.59949872e-01
 -7.80346313e-01
 -8.08591486e-01
 -8.40898604e-01
 -8.77907629e-01
 -9.31530495e-01
 -9.90995531e-01
 -1.06166618e+00
 -1.10502152e+00
 -1.12029775e+00
 -1.17832518e+00
 -1.27726053e+00
 -1.33279065e+00
 -1.37110820e+00
 -1.44193323e+00
 -1.47435453e+00
 -1.51368740e+00
 -1.56008048e+00
 -1.60219373e+00
 -1.66205746e+00
 -1.69525141e+00
 -1.71973562e+00
 -1.75303725e+00
 -1.76232985e+00
 -1.76844662e+00
 -1.78270124e+00
 -1.79115587e+00
 -1.78806314e+00
 -1.77946443e+00
 -1.77512443e+00
 -8.00461256e-01
 -8.04487774e-01
 -8.16511026e-01
 -8.36296917e-01
 -8.63322919e-01
 -8.96275726e-01
 -9.35748615e-01
 -9.85079330e-01
 -1.04164230e+00
 -1.10224994e+00
 -1.14763110e+00
 -1.17917400e+00
 -1.23510474e+00
 -1.31450701e+00
 -1.37147002e+00
 -1.41681653e+00
 -1.47445272e+00
 -1.51296573e+00
 -1.55168818e+00
 -1.59429833e+00
 -1.63633900e+00
 -1.68388863e+00
 -1.71691188e+00
 -1.74229100e+00
 -1.76665098e+00
 -1.77977987e+00
 -1.78936045e+00
 -1.79951802e+00
 -1.80540399e+00
 -1.80548781e+00
 -1.80289320e+00
 -1.80151424e+00
 -8.71171103e-01
 -8.75090931e-01
 -8.86775402e-01
 -9.05991584e-01
 -9.32313652e-01
 -9.65183666e-01
 -1.00459294e+00
 -1.05106203e+00
 -1.10335609e+00
 -1.15739291e+00
 -1.20426097e+00
 -1.24568863e+00
 -1.29938096e+00
 -1.36484083e+00
 -1.42032748e+00
 -1.46813123e+00
 -1.51768639e+00
 -1.55792493e+00
 -1.59579483e+00
 -1.63481822e+00
 -1.67365466e+00
 -1.71219843e+00
 -1.74244191e+00
 -1.76606715e+00
 -1.78548710e+00
 -1.79904792e+00
 -1.80973828e+00
 -1.81978651e+00
 -1.82927434e+00
 -1.83828663e+00
 -1.84561434e+00
 -1.84855202e+00
 -9.53911573e-01
 -9.57706130e-01
 -9.69015718e-01
 -9.87620011e-01
 -1.01315800e+00
 -1.04518412e+00
 -1.08331327e+00
 -1.12712595e+00
 -1.17538352e+00
 -1.22512337e+00
 -1.27231259e+00
 -1.31794544e+00
 -1.36907946e+00
 -1.42529878e+00
 -1.47725125e+00
 -1.52399988e+00
 -1.56840029e+00
 -1.60739871e+00
 -1.64337553e+00
 -1.67852905e+00
 -1.71251865e+00
 -1.74403052e+00
 -1.76990013e+00
 -1.79020301e+00
 -1.80598617e+00
 -1.81783512e+00
 -1.82743266e+00
 -1.83643553e+00
 -1.84593212e+00
 -1.85609468e+00
 -1.86493699e+00
 -1.86860321e+00
 -1.04641931e+00
 -1.05006240e+00
 -1.06091712e+00
 -1.07876341e+00
 -1.10324358e+00
 -1.13388427e+00
 -1.17011568e+00
 -1.21119674e+00
 -1.25592050e+00
 -1.30233736e+00
 -1.34843725e+00
 -1.39437667e+00
 -1.44242623e+00
 -1.49209754e+00
 -1.53944122e+00
 -1.58294794e+00
 -1.62300774e+00
 -1.65896659e+00
 -1.69173631e+00
 -1.72241393e+00
 -1.75088588e+00
 -1.77615225e+00
 -1.79689006e+00
 -1.81294297e+00
 -1.82487463e+00
 -1.83343842e+00
 -1.83957615e+00
 -1.84392563e+00
 -1.84634235e+00
 -1.84620228e+00
 -1.84411506e+00
 -1.84281524e+00
 -1.14602588e+00
 -1.14948163e+00
 -1.15977310e+00
 -1.17667467e+00
 -1.19981646e+00
 -1.22869071e+00
 -1.26265055e+00
 -1.30087223e+00
 -1.34226544e+00
 -1.38545601e+00
 -1.42917376e+00
 -1.47302067e+00
 -1.51732370e+00
 -1.56149195e+00
 -1.60368138e+00
 -1.64264688e+00
 -1.67805254e+00
 -1.70973798e+00
 -1.73809531e+00
 -1.76361113e+00
 -1.78623453e+00
 -1.80544340e+00
 -1.82069829e+00
 -1.83194239e+00
 -1.83951835e+00
 -1.84391293e+00
 -1.84562988e+00
 -1.84526070e+00
 -1.84387844e+00
 -1.84305971e+00
 -1.84351718e+00
 -1.84403096e+00
 -1.24972141e+00
 -1.25295272e+00
 -1.26256985e+00
 -1.27834355e+00
 -1.29989497e+00
 -1.32669995e+00
 -1.35808990e+00
 -1.39324444e+00
 -1.43118185e+00
 -1.47080385e+00
 -1.51108817e+00
 -1.55135653e+00
 -1.59120310e+00
 -1.62996690e+00
 -1.66658374e+00
 -1.70014984e+00
 -1.73021114e+00
 -1.75664198e+00
 -1.77960674e+00
 -1.79932952e+00
 -1.81582909e+00
 -1.82893970e+00
 -1.83853688e+00
 -1.84472306e+00
 -1.84780128e+00
 -1.84814699e+00
 -1.84608671e+00
 -1.84178769e+00
 -1.83527049e+00
 -1.82702767e+00
 -1.81932719e+00
 -1.81605359e+00
 -1.35423350e+00
 -1.35720617e+00
 -1.36604692e+00
 -1.38052473e+00
 -1.40025820e+00
 -1.42472057e+00
 -1.45324693e+00
 -1.48504300e+00
 -1.51920298e+00
 -1.55475746e+00
 -1.59077288e+00
 -1.62645981e+00
 -1.66115980e+00
 -1.69418893e+00
 -1.72478462e+00
 -1.75228406e+00
 -1.77628451e+00
 -1.79665192e+00
 -1.81345868e+00
 -1.82685551e+00
 -1.83695803e+00
 -1.84385522e+00
 -1.84770449e+00
 -1.84879995e+00
 -1.84756446e+00
 -1.84453696e+00
 -1.84046229e+00
 -1.83648754e+00
 -1.83414903e+00
 -1.83452374e+00
 -1.83672944e+00
 -1.83800891e+00
 -1.45616273e+00
 -1.45884519e+00
 -1.46681504e+00
 -1.47984141e+00
 -1.49754428e+00
 -1.51940238e+00
 -1.54476419e+00
 -1.57286469e+00
 -1.60285069e+00
 -1.63382265e+00
 -1.66489513e+00
 -1.69525603e+00
 -1.72418193e+00
 -1.75100495e+00
 -1.77510450e+00
 -1.79597280e+00
 -1.81329158e+00
 -1.82695216e+00
 -1.83701923e+00
 -1.84366379e+00
 -1.84711288e+00
 -1.84765351e+00
 -1.84567035e+00
 -1.84166356e+00
 -1.83621553e+00
 -1.82990811e+00
 -1.82319390e+00
 -1.81624796e+00
 -1.80899033e+00
 -1.80163590e+00
 -1.79557294e+00
 -1.79313749e+00
 -1.55214582e+00
 -1.55450801e+00
 -1.56151784e+00
 -1.57294663e+00
 -1.58841951e+00
 -1.60742483e+00
 -1.62932878e+00
 -1.65339526e+00
 -1.67881351e+00
 -1.70473492e+00
 -1.73031820e+00
 -1.75477323e+00
 -1.77738839e+00
 -1.79753883e+00
 -1.81469765e+00
 -1.82846771e+00
 -1.83861779e+00
 -1.84509482e+00
 -1.84800541e+00
 -1.84758208e+00
 -1.84416037e+00
 -1.83818192e+00
 -1.83021281e+00
 -1.82094885e+00
 -1.81118381e+00
 -1.80173414e+00
 -1.79334235e+00
 -1.78660136e+00
 -1.78189346e+00
 -1.77925812e+00
 -1.77823038e+00
 -1.77802489e+00
 -1.63901772e+00
 -1.64103332e+00
 -1.64700438e+00
 -1.65670603e+00
 -1.66977092e+00
 -1.68570084e+00
 -1.70388289e+00
 -1.72361149e+00
 -1.74411642e+00
 -1.76459730e+00
 -1.78426252e+00
 -1.80236802e+00
 -1.81824880e+00
 -1.83134106e+00
 -1.84120089e+00
 -1.84752514e+00
 -1.85016970e+00
 -1.84915468e+00
 -1.84465292e+00
 -1.83697036e+00
 -1.82653194e+00
 -1.81388124e+00
 -1.79969025e+00
 -1.78476650e+00
 -1.77003871e+00
 -1.75649413e+00
 -1.74504661e+00
 -1.73636127e+00
 -1.73070445e+00
 -1.72782079e+00
 -1.72686471e+00
 -1.72672561e+00
 -1.71401315e+00
 -1.71565953e+00
 -1.72052492e+00
 -1.72839038e+00
 -1.73889949e+00
 -1.75157084e+00
 -1.76581616e+00
 -1.78096342e+00
 -1.79628542e+00
 -1.81103308e+00
 -1.82447185e+00
 -1.83591819e+00
 -1.84477203e+00
 -1.85054308e+00
 -1.85287166e+00
 -1.85154524e+00
 -1.84650872e+00
 -1.83786453e+00
 -1.82586165e+00
 -1.81087811e+00
 -1.79340388e+00
 -1.77402879e+00
 -1.75343510e+00
 -1.73239373e+00
 -1.71176289e+00
 -1.69247687e+00
 -1.67546592e+00
 -1.66140688e+00
 -1.65039107e+00
 -1.64205001e+00
 -1.63641699e+00
 -1.63434332e+00
 -1.77491807e+00
 -1.77617896e+00
 -1.77989023e+00
 -1.78584070e+00
 -1.79368754e+00
 -1.80297018e+00
 -1.81312910e+00
 -1.82353016e+00
 -1.83349339e+00
 -1.84232597e+00
 -1.84935731e+00
 -1.85397416e+00
 -1.85565244e+00
 -1.85398411e+00
 -1.84869778e+00
 -1.83967302e+00
 -1.82694658e+00
 -1.81070870e+00
 -1.79128941e+00
 -1.76913764e+00
 -1.74479622e+00
 -1.71887416e+00
 -1.69201436e+00
 -1.66485645e+00
 -1.63800239e+00
 -1.61202291e+00
 -1.58760130e+00
 -1.56588905e+00
 -1.54873352e+00
 -1.53785646e+00
 -1.53303714e+00
 -1.53193032e+00
 -1.82022101e+00
 -1.82108660e+00
 -1.82361532e+00
 -1.82760577e+00
 -1.83273204e+00
 -1.83855792e+00
 -1.84455692e+00
 -1.85013702e+00
 -1.85467010e+00
 -1.85752456e+00
 -1.85809977e+00
 -1.85585972e+00
 -1.85036358e+00
 -1.84129123e+00
 -1.82846294e+00
 -1.81185228e+00
 -1.79159047e+00
 -1.76795978e+00
 -1.74137635e+00
 -1.71236520e+00
 -1.68153036e+00
 -1.64952026e+00
 -1.61698692e+00
 -1.58453976e+00
 -1.55269463e+00
 -1.52179796e+00
 -1.49186488e+00
 -1.46237364e+00
 -1.43261860e+00
 -1.40362886e+00
 -1.38063162e+00
 -1.37160887e+00
 -1.84918951e+00
 -1.84965823e+00
 -1.85099997e+00
 -1.85302475e+00
 -1.85542588e+00
 -1.85779507e+00
 -1.85964250e+00
 -1.86042231e+00
 -1.85956217e+00
 -1.85649603e+00
 -1.85069795e+00
 -1.84171443e+00
 -1.82919255e+00
 -1.81290301e+00
 -1.79275827e+00
 -1.76882574e+00
 -1.74133230e+00
 -1.71065586e+00
 -1.67730393e+00
 -1.64188544e+00
 -1.60508188e+00
 -1.56761918e+00
 -1.53024013e+00
 -1.49368591e+00
 -1.45872059e+00
 -1.42628297e+00
 -1.39787764e+00
 -1.37606252e+00
 -1.36404428e+00
 -1.36297531e+00
 -1.36840927e+00
 -1.37175465e+00
 -1.86191562e+00
 -1.86199345e+00
 -1.86216695e+00
 -1.86225896e+00
 -1.86198456e+00
 -1.86096571e+00
 -1.85875214e+00
 -1.85484674e+00
 -1.84873568e+00
 -1.83992147e+00
 -1.82795661e+00
 -1.81247437e+00
 -1.79321305e+00
 -1.77003406e+00
 -1.74293796e+00
 -1.71208105e+00
 -1.67778482e+00
 -1.64052623e+00
 -1.60090843e+00
 -1.55962654e+00
 -1.51744278e+00
 -1.47517194e+00
 -1.43366982e+00
 -1.39381438e+00
 -1.35645103e+00
 -1.32222328e+00
 -1.29117370e+00
 -1.26223214e+00
 -1.23353501e+00
 -1.20497333e+00
 -1.18161158e+00
 -1.17227652e+00
 -1.85927878e+00
 -1.85897983e+00
 -1.85802749e+00
 -1.85625859e+00
 -1.85341102e+00
 -1.84913889e+00
 -1.84303264e+00
 -1.83464496e+00
 -1.82352121e+00
 -1.80923369e+00
 -1.79141631e+00
 -1.76979412e+00
 -1.74420073e+00
 -1.71458531e+00
 -1.68102427e+00
 -1.64374912e+00
 -1.60317203e+00
 -1.55987587e+00
 -1.51456516e+00
 -1.46801434e+00
 -1.42104634e+00
 -1.37453593e+00
 -1.32941626e+00
 -1.28668115e+00
 -1.24738455e+00
 -1.21265221e+00
 -1.18376301e+00
 -1.16230213e+00
 -1.14991484e+00
 -1.14673538e+00
 -1.14920633e+00
 -1.15112016e+00
 -1.84287120e+00
 -1.84221650e+00
 -1.84020195e+00
 -1.83667865e+00
 -1.83140833e+00
 -1.82407716e+00
 -1.81431599e+00
 -1.80172569e+00
 -1.78590871e+00
 -1.76650549e+00
 -1.74323347e+00
 -1.71591839e+00
 -1.68449977e+00
 -1.64901019e+00
 -1.60957418e+00
 -1.56646688e+00
 -1.52018447e+00
 -1.47143635e+00
 -1.42104624e+00
 -1.36985412e+00
 -1.31870153e+00
 -1.26846600e+00
 -1.22007595e+00
 -1.17450463e+00
 -1.13276735e+00
 -1.09591034e+00
 -1.06492011e+00
 -1.04043782e+00
 -1.02234876e+00
 -1.00981768e+00
 -1.00216466e+00
 -9.99522399e-01
 -1.81486627e+00
 -1.81388336e+00
 -1.81088884e+00
 -1.80574859e+00
 -1.79824732e+00
 -1.78810242e+00
 -1.77498234e+00
 -1.75853215e+00
 -1.73840529e+00
 -1.71430326e+00
 -1.68602554e+00
 -1.65351628e+00
 -1.61685283e+00
 -1.57615121e+00
 -1.53152411e+00
 -1.48322096e+00
 -1.43181253e+00
 -1.37819092e+00
 -1.32335252e+00
 -1.26818241e+00
 -1.21347231e+00
 -1.16004611e+00
 -1.10877028e+00
 -1.06048422e+00
 -1.01594016e+00
 -9.75728476e-01
 -9.40147237e-01
 -9.09106800e-01
 -8.82382151e-01
 -8.60446592e-01
 -8.45285123e-01
 -8.39755598e-01
 -1.77786268e+00
 -1.77658401e+00
 -1.77270742e+00
 -1.76611242e+00
 -1.75660591e+00
 -1.74393294e+00
 -1.72779520e+00
 -1.70787607e+00
 -1.68387119e+00
 -1.65552552e+00
 -1.62270242e+00
 -1.58549406e+00
 -1.54420732e+00
 -1.49906359e+00
 -1.45003163e+00
 -1.39719040e+00
 -1.34117362e+00
 -1.28318417e+00
 -1.22453087e+00
 -1.16610106e+00
 -1.10849838e+00
 -1.05246024e+00
 -9.98832432e-01
 -9.48356972e-01
 -9.01616046e-01
 -8.59099963e-01
 -8.21400409e-01
 -7.89575860e-01
 -7.65322533e-01
 -7.50069257e-01
 -7.43090436e-01
 -7.41380203e-01
 -1.73471086e+00
 -1.73317346e+00
 -1.72852463e+00
 -1.72065724e+00
 -1.70939628e+00
 -1.69450915e+00
 -1.67572284e+00
 -1.65275656e+00
 -1.62534552e+00
 -1.59324675e+00
 -1.55631203e+00
 -1.51480363e+00
 -1.46951046e+00
 -1.42084477e+00
 -1.36832946e+00
 -1.31160139e+00
 -1.25135404e+00
 -1.18932941e+00
 -1.12749788e+00
 -1.06663850e+00
 -1.00682031e+00
 -9.48712849e-01
 -8.93325714e-01
 -8.41392169e-01
 -7.93377071e-01
 -7.49635385e-01
 -7.10409575e-01
 -6.75703165e-01
 -6.45258224e-01
 -6.19329818e-01
 -6.00421056e-01
 -5.93238037e-01
 -1.68834704e+00
 -1.68659050e+00
 -1.68128850e+00
 -1.67234503e+00
 -1.65959879e+00
 -1.64282722e+00
 -1.62176264e+00
 -1.59617134e+00
 -1.56586325e+00
 -1.53057692e+00
 -1.48993741e+00
 -1.44426165e+00
 -1.39550796e+00
 -1.34449361e+00
 -1.28959544e+00
 -1.22958645e+00
 -1.16529550e+00
 -1.09922680e+00
 -1.03488859e+00
 -9.72686862e-01
 -9.11266634e-01
 -8.51433843e-01
 -7.94806238e-01
 -7.42131578e-01
 -6.93720660e-01
 -6.49975425e-01
 -6.11401963e-01
 -5.78630573e-01
 -5.52646835e-01
 -5.34786884e-01
 -5.25400136e-01
 -5.22738632e-01
 -1.64163557e+00
 -1.63970246e+00
 -1.63386792e+00
 -1.62405484e+00
 -1.61010895e+00
 -1.59180668e+00
 -1.56879104e+00
 -1.54092783e+00
 -1.50826792e+00
 -1.47050575e+00
 -1.42669555e+00
 -1.37638018e+00
 -1.32458331e+00
 -1.27282362e+00
 -1.21682835e+00
 -1.15400110e+00
 -1.08577467e+00
 -1.01501070e+00
 -9.48943714e-01
 -8.87033754e-01
 -8.24386237e-01
 -7.62767093e-01
 -7.05319978e-01
 -6.52541144e-01
 -6.04286922e-01
 -5.61054566e-01
 -5.23628929e-01
 -4.92945665e-01
 -4.69273299e-01
 -4.51977546e-01
 -4.40618153e-01
 -4.36443051e-01
 -1.59724703e+00
 -1.59517794e+00
 -1.58890955e+00
 -1.57842088e+00
 -1.56357130e+00
 -1.54421778e+00
 -1.51948658e+00
 -1.48943362e+00
 -1.45511531e+00
 -1.41559808e+00
 -1.36989490e+00
 -1.31317428e+00
 -1.25874750e+00
 -1.20840808e+00
 -1.15272790e+00
 -1.08712397e+00
 -1.01551352e+00
 -9.38266392e-01
 -8.71470478e-01
 -8.12429377e-01
 -7.48350897e-01
 -6.84310428e-01
 -6.26511769e-01
 -5.74286660e-01
 -5.26380286e-01
 -4.83664337e-01
 -4.46520736e-01
 -4.16921088e-01
 -3.95499725e-01
 -3.82332407e-01
 -3.76549678e-01
 -3.75274532e-01
 -1.55755198e+00
 -1.55539668e+00
 -1.54871519e+00
 -1.53769374e+00
 -1.52212352e+00
 -1.50261666e+00
 -1.47646192e+00
 -1.44330963e+00
 -1.40897794e+00
 -1.36733651e+00
 -1.32330704e+00
 -1.25591990e+00
 -1.19997227e+00
 -1.15341759e+00
 -1.09960744e+00
 -1.03027155e+00
 -9.57309205e-01
 -8.70117076e-01
 -8.03969668e-01
 -7.51478734e-01
 -6.84785529e-01
 -6.17187005e-01
 -5.59753098e-01
 -5.08931748e-01
 -4.60986506e-01
 -4.19427469e-01
 -3.80567208e-01
 -3.50808688e-01
 -3.29165981e-01
 -3.13299935e-01
 -3.03437500e-01
 -3.00070072e-01
 -1.52455194e+00
 -1.52241313e+00
 -1.51524221e+00
 -1.50379179e+00
 -1.48720196e+00
 -1.46893224e+00
 -1.44275864e+00
 -1.40276121e+00
 -1.37320750e+00
 -1.32545347e+00
 -1.29095640e+00
 -1.20518912e+00
 -1.15081074e+00
 -1.10926347e+00
 -1.05927401e+00
 -9.83731981e-01
 -9.13727043e-01
 -8.11684306e-01
 -7.47997466e-01
 -7.06062235e-01
 -6.34637723e-01
 -5.62397226e-01
 -5.06174704e-01
 -4.58063184e-01
 -4.08146132e-01
 -3.71091135e-01
 -3.25887203e-01
 -2.96812863e-01
 -2.77441598e-01
 -2.58875413e-01
 -2.44559250e-01
 -2.39187823e-01
 -1.49983266e+00
 -1.49797402e+00
 -1.49020983e+00
 -1.47838454e+00
 -1.46013889e+00
 -1.44363795e+00
 -1.42167495e+00
 -1.36721082e+00
 -1.35135563e+00
 -1.28918134e+00
 -1.27497109e+00
 -1.16217730e+00
 -1.11437144e+00
 -1.07653804e+00
 -1.03252629e+00
 -9.47697706e-01
 -8.85849121e-01
 -7.65040896e-01
 -7.05530730e-01
 -6.76372752e-01
 -5.98321650e-01
 -5.21321726e-01
 -4.66625408e-01
 -4.23062771e-01
 -3.67033729e-01
 -3.41620962e-01
 -2.81497299e-01
 -2.56307298e-01
 -2.44963580e-01
 -2.27437894e-01
 -2.10663641e-01
 -2.03724754e-01
 -1.48453974e+00
 -1.48294991e+00
 -1.47518074e+00
 -1.46246228e+00
 -1.44303824e+00
 -1.42666948e+00
 -1.41338863e+00
 -1.33953018e+00
 -1.34304038e+00
 -1.26156070e+00
 -1.27173118e+00
 -1.13126250e+00
 -1.09273728e+00
 -1.05589521e+00
 -1.01830055e+00
 -9.23861477e-01
 -8.71846641e-01
 -7.33973439e-01
 -6.78824617e-01
 -6.60505503e-01
 -5.76167193e-01
 -4.95729558e-01
 -4.41981841e-01
 -4.03823908e-01
 -3.38700597e-01
 -3.29870601e-01
 -2.49181360e-01
 -2.30925023e-01
 -2.29152854e-01
 -2.15013625e-01
 -1.96743209e-01
 -1.88481440e-01
 -1.47936500e+00
 -1.47739157e+00
 -1.47048694e+00
 -1.45687219e+00
 -1.43733333e+00
 -1.42029552e+00
 -1.41210262e+00
 -1.32842929e+00
 -1.34178250e+00
 -1.25070669e+00
 -1.27235814e+00
 -1.11966245e+00
 -1.08574220e+00
 -1.04872469e+00
 -1.01404134e+00
 -9.15347748e-01
 -8.67871082e-01
 -7.22924516e-01
 -6.69694241e-01
 -6.55665229e-01
 -5.68683335e-01
 -4.87035831e-01
 -4.33516971e-01
 -3.97978083e-01
 -3.28112328e-01
 -3.27818187e-01
 -2.36609577e-01
 -2.22302010e-01
 -2.24588956e-01
 -2.12600768e-01
 -1.93639500e-01
 -1.84700000e-01
