 2.74227000e+00
 2.78375344e+00
 2.83173276e+00
 2.83341686e+00
 2.94056352e+00
 2.97673017e+00
 3.04284301e+00
 3.08559711e+00
 3.09349738e+00
 3.09747125e+00
 3.10075400e+00
 2.75504775e+00
 2.78148839e+00
 2.82501685e+00
 2.84678222e+00
 2.93637981e+00
 2.98173589e+00
 3.04213088e+00
 3.08287104e+00
 3.09399661e+00
 3.10075552e+00
 3.10413845e+00
 2.78402275e+00
 2.79578051e+00
 2.82772647e+00
 2.87021653e+00
 2.93668777e+00
 2.99130497e+00
 3.04251707e+00
 3.07799596e+00
 3.09412158e+00
 3.10363595e+00
 3.10730894e+00
 2.81442776e+00
 2.82346868e+00
 2.85097035e+00
 2.89495250e+00
 2.94977537e+00
 3.00176684e+00
 3.04469691e+00
 3.07380648e+00
 3.08952357e+00
 3.09709108e+00
 3.09934508e+00
 2.84500937e+00
 2.85497115e+00
 2.88229579e+00
 2.92203338e+00
 2.96765714e+00
 3.01053400e+00
 3.04427919e+00
 3.06662372e+00
 3.07897088e+00
 3.08413149e+00
 3.08517240e+00
 2.88512248e+00
 2.89216022e+00
 2.91288141e+00
 2.94418562e+00
 2.97947464e+00
 3.01159559e+00
 3.03595594e+00
 3.05162405e+00
 3.06084017e+00
 3.06677685e+00
 3.06936253e+00
 2.90753476e+00
 2.91345860e+00
 2.93054246e+00
 2.95505786e+00
 2.98121396e+00
 3.00396015e+00
 3.02032907e+00
 3.02965210e+00
 3.03283105e+00
 3.03169274e+00
 3.03021412e+00
 2.91552782e+00
 2.92259204e+00
 2.93905821e+00
 2.95869858e+00
 2.97782151e+00
 2.99356016e+00
 3.00419555e+00
 3.00932671e+00
 3.00999858e+00
 3.00915549e+00
 3.00900068e+00
 2.93627862e+00
 2.93882560e+00
 2.94778900e+00
 2.96137149e+00
 2.97506178e+00
 2.98600725e+00
 2.99297986e+00
 2.99581755e+00
 2.99504061e+00
 2.99183876e+00
 2.98971252e+00
 2.94457854e+00
 2.94630485e+00
 2.95328421e+00
 2.96384057e+00
 2.97433439e+00
 2.98248932e+00
 2.98742622e+00
 2.98919981e+00
 2.98844958e+00
 2.98600676e+00
 2.98422734e+00
 2.94476300e+00
 2.94759210e+00
 2.95510948e+00
 2.96491598e+00
 2.97437081e+00
 2.98161643e+00
 2.98589140e+00
 2.98736032e+00
 2.98688002e+00
 2.98574249e+00
 2.98519200e+00
