 3.62133100e+00
 3.63526923e+00
 3.65234378e+00
 3.64723550e+00
 3.65313164e+00
 3.64264575e+00
 3.63791271e+00
 3.62873506e+00
 3.61090317e+00
 3.58756616e+00
 3.57651100e+00
 3.61058630e+00
 3.62541630e+00
 3.64549958e+00
 3.64707719e+00
 3.65101111e+00
 3.64251333e+00
 3.63599755e+00
 3.62521277e+00
 3.60682370e+00
 3.58568929e+00
 3.57607552e+00
 3.60872291e+00
 3.61856851e+00
 3.63548608e+00
 3.64370509e+00
 3.64579187e+00
 3.63952835e+00
 3.62949312e+00
 3.61484691e+00
 3.59757250e+00
 3.58504595e+00
 3.58074663e+00
 3.63260067e+00
 3.63090244e+00
 3.63177772e+00
 3.63589961e+00
 3.63662291e+00
 3.62991238e+00
 3.61582696e+00
 3.59566071e+00
 3.57567243e+00
 3.56667302e+00
 3.56668351e+00
 3.60826975e+00
 3.61064604e+00
 3.61582820e+00
 3.62035632e+00
 3.61986063e+00
 3.61080223e+00
 3.59217907e+00
 3.56465397e+00
 3.53014515e+00
 3.49477548e+00
 3.47774364e+00
 3.57543068e+00
 3.57984880e+00
 3.58852916e+00
 3.59405223e+00
 3.59177308e+00
 3.57913078e+00
 3.55629697e+00
 3.52607573e+00
 3.49423172e+00
 3.47008390e+00
 3.46143296e+00
 3.55426936e+00
 3.55466647e+00
 3.55635958e+00
 3.55720678e+00
 3.55090570e+00
 3.53252521e+00
 3.50450491e+00
 3.47253979e+00
 3.44426534e+00
 3.42799533e+00
 3.42369340e+00
 3.50951677e+00
 3.50985375e+00
 3.51116401e+00
 3.51124728e+00
 3.50218072e+00
 3.47384328e+00
 3.43797159e+00
 3.40242685e+00
 3.36688371e+00
 3.33982325e+00
 3.32898328e+00
 3.45310272e+00
 3.45671163e+00
 3.46415128e+00
 3.46553051e+00
 3.46055297e+00
 3.41336175e+00
 3.36792863e+00
 3.33700260e+00
 3.29183780e+00
 3.26700046e+00
 3.26001154e+00
 3.40484607e+00
 3.41913585e+00
 3.43680586e+00
 3.42807861e+00
 3.44139094e+00
 3.36519034e+00
 3.31030448e+00
 3.30122415e+00
 3.22853403e+00
 3.20871989e+00
 3.21402709e+00
 3.38480400e+00
 3.41006534e+00
 3.43147596e+00
 3.41099673e+00
 3.43922735e+00
 3.34594444e+00
 3.28632948e+00
 3.29454232e+00
 3.19949849e+00
 3.17916651e+00
 3.19597600e+00
