 2.59912300e+00
 2.60474488e+00
 2.62042237e+00
 2.64264542e+00
 2.66608687e+00
 2.68544633e+00
 2.69762662e+00
 2.70261394e+00
 2.70277826e+00
 2.70126904e+00
 2.70047600e+00
 2.61628665e+00
 2.61643846e+00
 2.62555322e+00
 2.64425739e+00
 2.66517093e+00
 2.68210594e+00
 2.69194525e+00
 2.69489102e+00
 2.69349986e+00
 2.69103544e+00
 2.68991156e+00
 2.64235687e+00
 2.63939663e+00
 2.64040110e+00
 2.65147578e+00
 2.66543733e+00
 2.67530388e+00
 2.67827720e+00
 2.67522487e+00
 2.66927129e+00
 2.66401224e+00
 2.66197239e+00
 2.65305038e+00
 2.65625528e+00
 2.66259766e+00
 2.66949169e+00
 2.67426297e+00
 2.67324074e+00
 2.66536847e+00
 2.65281212e+00
 2.63968848e+00
 2.63007183e+00
 2.62658588e+00
 2.69687052e+00
 2.69936526e+00
 2.70443052e+00
 2.70597770e+00
 2.69986050e+00
 2.68517680e+00
 2.66345898e+00
 2.63878969e+00
 2.61657681e+00
 2.60149163e+00
 2.59620304e+00
 2.77638032e+00
 2.77765352e+00
 2.77657155e+00
 2.76687520e+00
 2.74662189e+00
 2.71638335e+00
 2.67920312e+00
 2.64107106e+00
 2.60888923e+00
 2.58784841e+00
 2.58059630e+00
 2.89702950e+00
 2.88962110e+00
 2.87115079e+00
 2.84477346e+00
 2.80944469e+00
 2.76423318e+00
 2.71175543e+00
 2.66037192e+00
 2.61871571e+00
 2.59208367e+00
 2.58299555e+00
 2.98422263e+00
 2.97653682e+00
 2.95454019e+00
 2.91974046e+00
 2.87487044e+00
 2.81927306e+00
 2.75266481e+00
 2.68934718e+00
 2.64090457e+00
 2.61008554e+00
 2.59951030e+00
 3.04195329e+00
 3.03735685e+00
 3.01910808e+00
 2.97732957e+00
 2.92922018e+00
 2.87122018e+00
 2.79000962e+00
 2.71528705e+00
 2.66755381e+00
 2.63400870e+00
 2.62151235e+00
 3.07696407e+00
 3.08122896e+00
 3.06905830e+00
 3.00888724e+00
 2.96375017e+00
 2.91085211e+00
 2.81486363e+00
 2.72678684e+00
 2.69347343e+00
 2.65768891e+00
 2.63944109e+00
 3.08871300e+00
 3.10136539e+00
 3.09112161e+00
 3.01671341e+00
 2.97552865e+00
 2.92635121e+00
 2.82362504e+00
 2.72740052e+00
 2.70634561e+00
 2.67046735e+00
 2.64626600e+00
