 -2.23443000e-01
 -2.28258440e-01
 -2.38866615e-01
 -2.46594623e-01
 -2.46072739e-01
 -2.47549620e-01
 -2.76135314e-01
 -2.77948498e-01
 -2.88159421e-01
 -3.02138424e-01
 -3.09741967e-01
 -3.27216891e-01
 -3.46989706e-01
 -3.49874361e-01
 -3.50850645e-01
 -3.76155980e-01
 -3.62619724e-01
 -3.70250587e-01
 -3.70569873e-01
 -3.80986794e-01
 -3.63865003e-01
 -3.62943320e-01
 -3.71607136e-01
 -3.58512245e-01
 -3.66167777e-01
 -3.48025573e-01
 -3.49627765e-01
 -3.51454519e-01
 -3.50216965e-01
 -3.47069560e-01
 -3.44021623e-01
 -3.42786000e-01
 -2.26788205e-01
 -2.30599030e-01
 -2.39765198e-01
 -2.47537769e-01
 -2.48404171e-01
 -2.51551265e-01
 -2.76696723e-01
 -2.80328954e-01
 -2.90299503e-01
 -3.03814764e-01
 -3.11917686e-01
 -3.28835558e-01
 -3.47751909e-01
 -3.51008222e-01
 -3.52760039e-01
 -3.75727316e-01
 -3.64110754e-01
 -3.70628235e-01
 -3.71363247e-01
 -3.80268134e-01
 -3.64677409e-01
 -3.63419381e-01
 -3.70603944e-01
 -3.59151434e-01
 -3.64536221e-01
 -3.48805267e-01
 -3.49186456e-01
 -3.50516697e-01
 -3.48905343e-01
 -3.45670709e-01
 -3.42431747e-01
 -3.41180193e-01
 -2.36036379e-01
 -2.38206770e-01
 -2.44352809e-01
 -2.51503589e-01
 -2.55379080e-01
 -2.61583362e-01
 -2.79832719e-01
 -2.86873647e-01
 -2.96532596e-01
 -3.08898314e-01
 -3.18063505e-01
 -3.33519541e-01
 -3.50186511e-01
 -3.54379364e-01
 -3.57770855e-01
 -3.75149744e-01
 -3.67897499e-01
 -3.71919593e-01
 -3.73278626e-01
 -3.78634811e-01
 -3.66606665e-01
 -3.64470557e-01
 -3.68216879e-01
 -3.60077499e-01
 -3.60808045e-01
 -3.49907767e-01
 -3.47962214e-01
 -3.47789168e-01
 -3.45432002e-01
 -3.41980845e-01
 -3.38691750e-01
 -3.37373680e-01
 -2.49291808e-01
 -2.50632511e-01
 -2.54657439e-01
 -2.60590561e-01
 -2.66631621e-01
 -2.74629285e-01
 -2.87520622e-01
 -2.96665972e-01
 -3.06266001e-01
 -3.17348898e-01
 -3.27269178e-01
 -3.40793672e-01
 -3.54563986e-01
 -3.59753440e-01
 -3.64371573e-01
 -3.75715374e-01
 -3.72578004e-01
 -3.74205733e-01
 -3.75388971e-01
 -3.77027840e-01
 -3.68523844e-01
 -3.65283487e-01
 -3.65415029e-01
 -3.59656528e-01
 -3.56678207e-01
 -3.49355905e-01
 -3.45712183e-01
 -3.43630558e-01
 -3.40657634e-01
 -3.37309892e-01
 -3.34579140e-01
 -3.33542805e-01
 -2.64887569e-01
 -2.66009214e-01
 -2.69392908e-01
 -2.74739458e-01
 -2.81412307e-01
 -2.89617890e-01
 -2.99728193e-01
 -3.09219024e-01
 -3.18673820e-01
 -3.28675936e-01
 -3.38525135e-01
 -3.49976926e-01
 -3.60897276e-01
 -3.66540755e-01
 -3.71300083e-01
 -3.77943753e-01
 -3.77053632e-01
 -3.76991343e-01
 -3.76983615e-01
 -3.75779849e-01
 -3.69390099e-01
 -3.65061851e-01
 -3.62338753e-01
 -3.57198683e-01
 -3.52301302e-01
 -3.46337373e-01
 -3.41744107e-01
 -3.38231372e-01
 -3.35075053e-01
 -3.32603481e-01
 -3.31090216e-01
 -3.30577503e-01
 -2.83411276e-01
 -2.84618098e-01
 -2.87911524e-01
 -2.92781142e-01
 -2.98997255e-01
 -3.06513674e-01
 -3.15130316e-01
 -3.24014279e-01
 -3.32917847e-01
 -3.41915551e-01
 -3.50908516e-01
 -3.60273963e-01
 -3.68678602e-01
 -3.73908200e-01
 -3.77824627e-01
 -3.81241911e-01
 -3.80715665e-01
 -3.79347088e-01
 -3.77604539e-01
 -3.74363858e-01
 -3.68535574e-01
 -3.63142768e-01
 -3.58336814e-01
 -3.52661190e-01
 -3.46766914e-01
 -3.40804179e-01
 -3.35494796e-01
 -3.30971640e-01
 -3.27359209e-01
 -3.25142584e-01
 -3.24412757e-01
 -3.24373421e-01
 -3.07550577e-01
 -3.08020921e-01
 -3.09748804e-01
 -3.13172259e-01
 -3.18298790e-01
 -3.24811013e-01
 -3.32270551e-01
 -3.40154131e-01
 -3.48089905e-01
 -3.55908849e-01
 -3.63515775e-01
 -3.70797986e-01
 -3.76942044e-01
 -3.80956248e-01
 -3.83398357e-01
 -3.84442014e-01
 -3.83056270e-01
 -3.80322444e-01
 -3.76734546e-01
 -3.71820367e-01
 -3.65477266e-01
 -3.58948154e-01
 -3.52534886e-01
 -3.45873934e-01
 -3.39173885e-01
 -3.32705918e-01
 -3.26723366e-01
 -3.21262843e-01
 -3.16256971e-01
 -3.11731328e-01
 -3.08188012e-01
 -3.06771220e-01
 -3.26471547e-01
 -3.27244276e-01
 -3.29457583e-01
 -3.32968818e-01
 -3.37684811e-01
 -3.43406683e-01
 -3.49800882e-01
 -3.56487354e-01
 -3.63133171e-01
 -3.69495133e-01
 -3.75387066e-01
 -3.80562551e-01
 -3.84520145e-01
 -3.86770268e-01
 -3.87368500e-01
 -3.86327967e-01
 -3.83431212e-01
 -3.79105644e-01
 -3.73695325e-01
 -3.67174004e-01
 -3.59726290e-01
 -3.51948398e-01
 -3.44153461e-01
 -3.36404233e-01
 -3.28891409e-01
 -3.21855007e-01
 -3.15469703e-01
 -3.09811637e-01
 -3.04992416e-01
 -3.01316968e-01
 -2.99124609e-01
 -2.98430931e-01
 -3.44766601e-01
 -3.45591101e-01
 -3.47994555e-01
 -3.51686605e-01
 -3.56219651e-01
 -3.61232451e-01
 -3.66496485e-01
 -3.71800916e-01
 -3.76901547e-01
 -3.81549799e-01
 -3.85510483e-01
 -3.88522372e-01
 -3.90254946e-01
 -3.90423650e-01
 -3.88953407e-01
 -3.85838993e-01
 -3.81103451e-01
 -3.74990006e-01
 -3.67765579e-01
 -3.59605637e-01
 -3.50776437e-01
 -3.41666012e-01
 -3.32581693e-01
 -3.23745206e-01
 -3.15405794e-01
 -3.07846636e-01
 -3.01340467e-01
 -2.96083641e-01
 -2.92105991e-01
 -2.89256106e-01
 -2.87423363e-01
 -2.86761415e-01
 -3.65231627e-01
 -3.66027423e-01
 -3.68089761e-01
 -3.70854686e-01
 -3.74030655e-01
 -3.77534160e-01
 -3.81238185e-01
 -3.84907024e-01
 -3.88253710e-01
 -3.90996630e-01
 -3.92879427e-01
 -3.93659725e-01
 -3.93102310e-01
 -3.91024606e-01
 -3.87353223e-01
 -3.82104062e-01
 -3.75372740e-01
 -3.67362074e-01
 -3.58320695e-01
 -3.48499584e-01
 -3.38190806e-01
 -3.27722311e-01
 -3.17396680e-01
 -3.07483803e-01
 -2.98255374e-01
 -2.90007884e-01
 -2.83081488e-01
 -2.77856755e-01
 -2.74639567e-01
 -2.73371036e-01
 -2.73359513e-01
 -2.73537159e-01
 -3.89708822e-01
 -3.89226247e-01
 -3.88348333e-01
 -3.88095250e-01
 -3.88926237e-01
 -3.90614920e-01
 -3.92671028e-01
 -3.94632007e-01
 -3.96126211e-01
 -3.96855557e-01
 -3.96574337e-01
 -3.95075335e-01
 -3.92188318e-01
 -3.87798856e-01
 -3.81872154e-01
 -3.74456975e-01
 -3.65682570e-01
 -3.55753625e-01
 -3.44923259e-01
 -3.33470160e-01
 -3.21695531e-01
 -3.09909730e-01
 -2.98406927e-01
 -2.87452401e-01
 -2.77275863e-01
 -2.68051778e-01
 -2.59872874e-01
 -2.52753637e-01
 -2.46708778e-01
 -2.41893044e-01
 -2.38681883e-01
 -2.37538359e-01
 -3.89925245e-01
 -3.90799634e-01
 -3.92889672e-01
 -3.95199726e-01
 -3.97141556e-01
 -3.98607328e-01
 -3.99593890e-01
 -4.00000454e-01
 -3.99644528e-01
 -3.98323245e-01
 -3.95849197e-01
 -3.92066171e-01
 -3.86860039e-01
 -3.80172376e-01
 -3.72013707e-01
 -3.62468925e-01
 -3.51694726e-01
 -3.39909995e-01
 -3.27378201e-01
 -3.14389667e-01
 -3.01248128e-01
 -2.88255756e-01
 -2.75696900e-01
 -2.63825357e-01
 -2.52850976e-01
 -2.42915128e-01
 -2.34052679e-01
 -2.26174646e-01
 -2.19170826e-01
 -2.13201816e-01
 -2.08954587e-01
 -2.07384069e-01
 -4.02388603e-01
 -4.02215440e-01
 -4.01949682e-01
 -4.01953540e-01
 -4.02178737e-01
 -4.02243301e-01
 -4.01764547e-01
 -4.00486517e-01
 -3.98232123e-01
 -3.94849815e-01
 -3.90203843e-01
 -3.84186544e-01
 -3.76733280e-01
 -3.67834699e-01
 -3.57545117e-01
 -3.45985227e-01
 -3.33338318e-01
 -3.19840337e-01
 -3.05765188e-01
 -2.91408616e-01
 -2.77072903e-01
 -2.63052356e-01
 -2.49621044e-01
 -2.37026857e-01
 -2.25498610e-01
 -2.15277544e-01
 -2.06676291e-01
 -2.00112494e-01
 -1.95971802e-01
 -1.94210196e-01
 -1.94012781e-01
 -1.94150151e-01
 -4.01710117e-01
 -4.02024245e-01
 -4.02633225e-01
 -4.02901539e-01
 -4.02427860e-01
 -4.01109277e-01
 -3.98921450e-01
 -3.95787823e-01
 -3.91581703e-01
 -3.86166395e-01
 -3.79426720e-01
 -3.71287861e-01
 -3.61726271e-01
 -3.50776040e-01
 -3.38531854e-01
 -3.25148037e-01
 -3.10832926e-01
 -2.95838660e-01
 -2.80447516e-01
 -2.64956757e-01
 -2.49663700e-01
 -2.34852062e-01
 -2.20780465e-01
 -2.07673571e-01
 -1.95714831e-01
 -1.85037581e-01
 -1.75711712e-01
 -1.67737960e-01
 -1.61094742e-01
 -1.55875353e-01
 -1.52417104e-01
 -1.51187964e-01
 -4.06831319e-01
 -4.06077143e-01
 -4.04085755e-01
 -4.01380912e-01
 -3.98279848e-01
 -3.94770513e-01
 -3.90650318e-01
 -3.85669705e-01
 -3.79605260e-01
 -3.72288300e-01
 -3.63612747e-01
 -3.53534737e-01
 -3.42070668e-01
 -3.29295721e-01
 -3.15341935e-01
 -3.00394199e-01
 -2.84683008e-01
 -2.68473873e-01
 -2.52054172e-01
 -2.35718882e-01
 -2.19756724e-01
 -2.04437986e-01
 -1.90004670e-01
 -1.76661928e-01
 -1.64567011e-01
 -1.53810066e-01
 -1.44388716e-01
 -1.36209182e-01
 -1.29185584e-01
 -1.23458850e-01
 -1.19548061e-01
 -1.18136276e-01
 -3.93277482e-01
 -3.92824200e-01
 -3.91438787e-01
 -3.89101707e-01
 -3.85839405e-01
 -3.81653009e-01
 -3.76460682e-01
 -3.70126707e-01
 -3.62519680e-01
 -3.53547718e-01
 -3.43169830e-01
 -3.31397749e-01
 -3.18295983e-01
 -3.03981255e-01
 -2.88620254e-01
 -2.72424663e-01
 -2.55643125e-01
 -2.38550456e-01
 -2.21434973e-01
 -2.04585108e-01
 -1.88276729e-01
 -1.72762828e-01
 -1.58267319e-01
 -1.44984863e-01
 -1.33090137e-01
 -1.22763611e-01
 -1.14237015e-01
 -1.07818458e-01
 -1.03774641e-01
 -1.01991501e-01
 -1.01694078e-01
 -1.01775083e-01
 -3.72554747e-01
 -3.72353028e-01
 -3.71624111e-01
 -3.70050271e-01
 -3.67270241e-01
 -3.63032845e-01
 -3.57238172e-01
 -3.49882433e-01
 -3.40995917e-01
 -3.30617748e-01
 -3.18799371e-01
 -3.05617633e-01
 -2.91185909e-01
 -2.75659540e-01
 -2.59235530e-01
 -2.42147545e-01
 -2.24657409e-01
 -2.07044321e-01
 -1.89592805e-01
 -1.72580219e-01
 -1.56264841e-01
 -1.40876094e-01
 -1.26608822e-01
 -1.13622601e-01
 -1.02042728e-01
 -9.19498908e-02
 -8.33405064e-02
 -7.60771023e-02
 -6.99415694e-02
 -6.48989642e-02
 -6.13741304e-02
 -6.00784168e-02
 -3.54941629e-01
 -3.54528400e-01
 -3.53203623e-01
 -3.50758293e-01
 -3.46956709e-01
 -3.41622092e-01
 -3.34676063e-01
 -3.26123877e-01
 -3.16015317e-01
 -3.04419374e-01
 -2.91422221e-01
 -2.77136327e-01
 -2.61708889e-01
 -2.45325083e-01
 -2.28205830e-01
 -2.10601094e-01
 -1.92780278e-01
 -1.75021434e-01
 -1.57600286e-01
 -1.40779042e-01
 -1.24794995e-01
 -1.09849928e-01
 -9.61022487e-02
 -8.36641294e-02
 -7.26068959e-02
 -6.29796011e-02
 -5.48417574e-02
 -4.82880265e-02
 -4.34118943e-02
 -4.01951041e-02
 -3.84432302e-02
 -3.78984696e-02
 -3.38096919e-01
 -3.37259382e-01
 -3.34762852e-01
 -3.30662221e-01
 -3.25048207e-01
 -3.18007898e-01
 -3.09581429e-01
 -2.99764830e-01
 -2.88550145e-01
 -2.75962186e-01
 -2.62074159e-01
 -2.47008589e-01
 -2.30933027e-01
 -2.14054402e-01
 -1.96611678e-01
 -1.78865811e-01
 -1.61088039e-01
 -1.43549124e-01
 -1.26510614e-01
 -1.10216302e-01
 -9.48819468e-02
 -8.06838409e-02
 -6.77484253e-02
 -5.61447816e-02
 -4.58825904e-02
 -3.69245172e-02
 -2.92311933e-02
 -2.28440069e-02
 -1.79375596e-02
 -1.46969809e-02
 -1.30364403e-02
 -1.25638176e-02
 -3.16883680e-01
 -3.15613771e-01
 -3.12009084e-01
 -3.06535498e-01
 -2.99621295e-01
 -2.91475939e-01
 -2.82114221e-01
 -2.71475906e-01
 -2.59522167e-01
 -2.46276070e-01
 -2.31826311e-01
 -2.16317454e-01
 -1.99939182e-01
 -1.82917810e-01
 -1.65507326e-01
 -1.47976209e-01
 -1.30592121e-01
 -1.13611184e-01
 -9.72740746e-02
 -8.18030650e-02
 -6.73939495e-02
 -5.42041104e-02
 -4.23421004e-02
 -3.18610061e-02
 -2.27507232e-02
 -1.49159723e-02
 -8.12834393e-03
 -1.98861657e-03
 3.94439599e-03
 9.67943808e-03
 1.42537577e-02
 1.60572271e-02
 -2.83390792e-01
 -2.82559565e-01
 -2.80054564e-01
 -2.75849394e-01
 -2.69926049e-01
 -2.62301032e-01
 -2.53033573e-01
 -2.42216225e-01
 -2.29964332e-01
 -2.16414833e-01
 -2.01730217e-01
 -1.86100262e-01
 -1.69741608e-01
 -1.52898624e-01
 -1.35840060e-01
 -1.18841986e-01
 -1.02163880e-01
 -8.60369773e-02
 -7.06709558e-02
 -5.62626683e-02
 -4.29903414e-02
 -3.09979403e-02
 -2.03842915e-02
 -1.12058847e-02
 -3.49705068e-03
 2.68938007e-03
 7.22121880e-03
 9.84457498e-03
 1.03058307e-02
 8.81831846e-03
 6.60753308e-03
 5.55069022e-03
 -2.50350181e-01
 -2.49918910e-01
 -2.48408359e-01
 -2.45340304e-01
 -2.40314111e-01
 -2.33205864e-01
 -2.24132319e-01
 -2.13316190e-01
 -2.00994882e-01
 -1.87397321e-01
 -1.72749863e-01
 -1.57280421e-01
 -1.41221674e-01
 -1.24827720e-01
 -1.08385475e-01
 -9.21862723e-02
 -7.64786054e-02
 -6.14520783e-02
 -4.72677124e-02
 -3.40925547e-02
 -2.20927697e-02
 -1.14031538e-02
 -2.10695134e-03
 5.76524687e-03
 1.22196814e-02
 1.72801868e-02
 2.09946123e-02
 2.35016090e-02
 2.51291052e-02
 2.63246083e-02
 2.72707407e-02
 2.76710467e-02
 -2.27732185e-01
 -2.26894837e-01
 -2.24353396e-01
 -2.20062502e-01
 -2.14017498e-01
 -2.06255200e-01
 -1.96843408e-01
 -1.85893065e-01
 -1.73568956e-01
 -1.60084705e-01
 -1.45684710e-01
 -1.30611260e-01
 -1.15082288e-01
 -9.93400065e-02
 -8.37041485e-02
 -6.85056712e-02
 -5.39831605e-02
 -4.02545571e-02
 -2.73981801e-02
 -1.55500089e-02
 -4.88041000e-03
 4.47510846e-03
 1.24495837e-02
 1.90584776e-02
 2.43970804e-02
 2.86369525e-02
 3.20363983e-02
 3.49069942e-02
 3.74437647e-02
 3.95258109e-02
 4.08452217e-02
 4.12763752e-02
 -2.07619415e-01
 -2.06247421e-01
 -2.02425499e-01
 -1.96754668e-01
 -1.89669579e-01
 -1.81293004e-01
 -1.71597905e-01
 -1.60584843e-01
 -1.48354724e-01
 -1.35109104e-01
 -1.21119775e-01
 -1.06645671e-01
 -9.18314046e-02
 -7.68560957e-02
 -6.21226238e-02
 -4.80544068e-02
 -3.48881183e-02
 -2.26181756e-02
 -1.11678121e-02
 -6.56769114e-04
 8.70068010e-03
 1.67551411e-02
 2.34392245e-02
 2.87995634e-02
 3.29927961e-02
 3.62259564e-02
 3.87175638e-02
 4.06893244e-02
 4.23778311e-02
 4.39832109e-02
 4.53834915e-02
 4.59834042e-02
 -1.80594236e-01
 -1.79715222e-01
 -1.77038836e-01
 -1.72512605e-01
 -1.66179585e-01
 -1.58181604e-01
 -1.48678875e-01
 -1.37823398e-01
 -1.25805442e-01
 -1.12882521e-01
 -9.94090569e-02
 -8.57341095e-02
 -7.17988347e-02
 -5.75847318e-02
 -4.37406459e-02
 -3.08542931e-02
 -1.91807152e-02
 -8.52184368e-03
 1.52483973e-03
 1.07821937e-02
 1.89095457e-02
 2.57604451e-02
 3.12294366e-02
 3.53603574e-02
 3.83860991e-02
 4.05390667e-02
 4.19447480e-02
 4.26051836e-02
 4.23936250e-02
 4.12285875e-02
 3.96183319e-02
 3.88249264e-02
 -1.57582631e-01
 -1.56982733e-01
 -1.54960196e-01
 -1.51134799e-01
 -1.45371056e-01
 -1.37793938e-01
 -1.28596778e-01
 -1.17978126e-01
 -1.06225540e-01
 -9.36413363e-02
 -8.06704775e-02
 -6.80408572e-02
 -5.51855067e-02
 -4.15294449e-02
 -2.84699256e-02
 -1.67340090e-02
 -6.64900648e-03
 2.19704679e-03
 1.09599966e-02
 1.91509763e-02
 2.61557139e-02
 3.19712738e-02
 3.63655393e-02
 3.92934853e-02
 4.11763648e-02
 4.23710766e-02
 4.30241360e-02
 4.32596196e-02
 4.33917432e-02
 4.38830997e-02
 4.47705642e-02
 4.52653086e-02
 -1.42470507e-01
 -1.41457916e-01
 -1.38569725e-01
 -1.34065316e-01
 -1.28097279e-01
 -1.20674211e-01
 -1.11719234e-01
 -1.01267098e-01
 -8.97721762e-02
 -7.75289975e-02
 -6.47828677e-02
 -5.35664395e-02
 -4.21333100e-02
 -2.84780573e-02
 -1.61138585e-02
 -5.40025586e-03
 3.09318555e-03
 9.77486546e-03
 1.75740921e-02
 2.49858064e-02
 3.09217092e-02
 3.59526892e-02
 3.95104785e-02
 4.12193802e-02
 4.19717497e-02
 4.23441899e-02
 4.24570612e-02
 4.22808169e-02
 4.18432077e-02
 4.12575307e-02
 4.06432215e-02
 4.03464729e-02
 -1.28581657e-01
 -1.27493146e-01
 -1.24410153e-01
 -1.19762848e-01
 -1.13938803e-01
 -1.06879286e-01
 -9.81993870e-02
 -8.77275909e-02
 -7.64277545e-02
 -6.47285172e-02
 -5.14160634e-02
 -4.21747377e-02
 -3.27622258e-02
 -1.79939613e-02
 -6.47935917e-03
 3.46986461e-03
 1.05675774e-02
 1.44758411e-02
 2.19408559e-02
 2.89099491e-02
 3.36923008e-02
 3.82745283e-02
 4.13792486e-02
 4.17377441e-02
 4.13707579e-02
 4.10331026e-02
 4.08184350e-02
 4.04589294e-02
 3.95059881e-02
 3.81570615e-02
 3.70341409e-02
 3.66236822e-02
 -1.16094893e-01
 -1.15045247e-01
 -1.12154425e-01
 -1.07914481e-01
 -1.02793197e-01
 -9.64486640e-02
 -8.80654122e-02
 -7.73052547e-02
 -6.59735660e-02
 -5.55234244e-02
 -4.01899036e-02
 -3.36432680e-02
 -2.70539335e-02
 -9.53221769e-03
 5.53917760e-04
 1.01477872e-02
 1.63181932e-02
 1.66457593e-02
 2.47152222e-02
 3.15148714e-02
 3.49436802e-02
 3.94407989e-02
 4.26362945e-02
 4.13546145e-02
 4.00031674e-02
 3.90248911e-02
 3.86854182e-02
 3.87877801e-02
 3.80521423e-02
 3.65634433e-02
 3.51816319e-02
 3.46318617e-02
 -1.06147524e-01
 -1.05188088e-01
 -1.02627024e-01
 -9.89768535e-02
 -9.48174586e-02
 -8.93799399e-02
 -8.11620346e-02
 -6.99776921e-02
 -5.81314574e-02
 -5.00232046e-02
 -3.10604496e-02
 -2.77428938e-02
 -2.45241404e-02
 -2.80866036e-03
 5.11830824e-03
 1.48171516e-02
 2.06795038e-02
 1.69036796e-02
 2.64802852e-02
 3.32188502e-02
 3.51978165e-02
 3.98630471e-02
 4.37124131e-02
 4.04887212e-02
 3.85240607e-02
 3.69249403e-02
 3.64673334e-02
 3.75495965e-02
 3.74621777e-02
 3.58859714e-02
 3.41931125e-02
 3.35756671e-02
 -9.97299580e-02
 -9.88096502e-02
 -9.64972302e-02
 -9.33924825e-02
 -9.00473161e-02
 -8.54456104e-02
 -7.71713921e-02
 -6.57161755e-02
 -5.29868837e-02
 -4.76180127e-02
 -2.47296270e-02
 -2.42923215e-02
 -2.39965956e-02
 1.80957825e-03
 7.53400056e-03
 1.75833297e-02
 2.35683631e-02
 1.62768917e-02
 2.75453288e-02
 3.42134720e-02
 3.50268455e-02
 3.98996385e-02
 4.46096562e-02
 3.96024976e-02
 3.74702882e-02
 3.53423361e-02
 3.46930522e-02
 3.68393863e-02
 3.75755260e-02
 3.60941839e-02
 3.39859082e-02
 3.30526439e-02
 -9.75120000e-02
 -9.66429938e-02
 -9.43824528e-02
 -9.15055183e-02
 -8.84591540e-02
 -8.42170467e-02
 -7.58592979e-02
 -6.43423559e-02
 -5.11394480e-02
 -4.70501788e-02
 -2.24076746e-02
 -2.31604350e-02
 -2.40421870e-02
 3.49736107e-03
 8.26159512e-03
 1.84997382e-02
 2.46042977e-02
 1.58966882e-02
 2.79184980e-02
 3.45439899e-02
 3.49077010e-02
 3.98651832e-02
 4.49821215e-02
 3.92205801e-02
 3.71022305e-02
 3.47536731e-02
 3.39955952e-02
 3.66037473e-02
 3.76986326e-02
 3.62439464e-02
 3.39495370e-02
 3.28930000e-02
