 3.47402400e+00
 3.47874727e+00
 3.49861387e+00
 3.52975897e+00
 3.55748990e+00
 3.61042893e+00
 3.60631084e+00
 3.60122588e+00
 3.63091257e+00
 3.62899233e+00
 3.61807500e+00
 3.46720599e+00
 3.47655387e+00
 3.50045885e+00
 3.53225780e+00
 3.56372164e+00
 3.60952839e+00
 3.61130815e+00
 3.61059245e+00
 3.63230418e+00
 3.63420166e+00
 3.63151599e+00
 3.46620640e+00
 3.47740466e+00
 3.50410818e+00
 3.53843467e+00
 3.57506352e+00
 3.61082173e+00
 3.62278710e+00
 3.62893222e+00
 3.64001899e+00
 3.64652647e+00
 3.65030308e+00
 3.47080660e+00
 3.47731705e+00
 3.50232765e+00
 3.54140025e+00
 3.58194091e+00
 3.61498889e+00
 3.63371092e+00
 3.64419531e+00
 3.65121483e+00
 3.65235845e+00
 3.65055649e+00
 3.42598864e+00
 3.44544861e+00
 3.48816325e+00
 3.53593643e+00
 3.58062098e+00
 3.61591216e+00
 3.63879478e+00
 3.65154021e+00
 3.65890561e+00
 3.66665920e+00
 3.67189571e+00
 3.45222709e+00
 3.45737895e+00
 3.48106735e+00
 3.52357829e+00
 3.57056601e+00
 3.60999985e+00
 3.63730747e+00
 3.65200471e+00
 3.65360749e+00
 3.64310740e+00
 3.63479981e+00
 3.39749199e+00
 3.41251500e+00
 3.45020424e+00
 3.50050620e+00
 3.55314095e+00
 3.59837808e+00
 3.63224795e+00
 3.65426189e+00
 3.66823239e+00
 3.68030616e+00
 3.68695436e+00
 3.37108290e+00
 3.38345918e+00
 3.42074387e+00
 3.47553606e+00
 3.53342880e+00
 3.58378328e+00
 3.62578870e+00
 3.65434339e+00
 3.67075241e+00
 3.67940351e+00
 3.68167577e+00
 3.34461931e+00
 3.35873052e+00
 3.39920759e+00
 3.45618605e+00
 3.51742876e+00
 3.56746132e+00
 3.62077480e+00
 3.65499587e+00
 3.66849593e+00
 3.67252895e+00
 3.67341365e+00
 3.31958472e+00
 3.33982456e+00
 3.38942733e+00
 3.44337574e+00
 3.50986665e+00
 3.55046578e+00
 3.61980253e+00
 3.65850849e+00
 3.66942868e+00
 3.66995904e+00
 3.66854950e+00
 3.30976200e+00
 3.33544913e+00
 3.38945680e+00
 3.43794301e+00
 3.50899942e+00
 3.54183995e+00
 3.62071072e+00
 3.66050034e+00
 3.67028722e+00
 3.66829457e+00
 3.66372500e+00
