 3.24800200e+00
 3.27937966e+00
 3.33133795e+00
 3.36266725e+00
 3.44731542e+00
 3.46522981e+00
 3.56978656e+00
 3.60948513e+00
 3.62473325e+00
 3.62587154e+00
 3.62133100e+00
 3.24566988e+00
 3.27058542e+00
 3.31952962e+00
 3.36321132e+00
 3.43901850e+00
 3.47291701e+00
 3.56303427e+00
 3.60536782e+00
 3.61982153e+00
 3.61788838e+00
 3.61058630e+00
 3.24542990e+00
 3.26010894e+00
 3.29987392e+00
 3.35586397e+00
 3.42451115e+00
 3.48149370e+00
 3.55093345e+00
 3.59432950e+00
 3.61153313e+00
 3.61232508e+00
 3.60872291e+00
 3.23983657e+00
 3.24799345e+00
 3.28004410e+00
 3.33846804e+00
 3.40980336e+00
 3.47804200e+00
 3.53893380e+00
 3.58149635e+00
 3.60708053e+00
 3.62459556e+00
 3.63260067e+00
 3.18786510e+00
 3.20514998e+00
 3.25116329e+00
 3.31684461e+00
 3.39224820e+00
 3.46437186e+00
 3.52352164e+00
 3.56507894e+00
 3.59068149e+00
 3.60423484e+00
 3.60826975e+00
 3.18267497e+00
 3.19747842e+00
 3.23837903e+00
 3.29973995e+00
 3.37271528e+00
 3.44365785e+00
 3.50132541e+00
 3.54133143e+00
 3.56436716e+00
 3.57367240e+00
 3.57543068e+00
 3.20615908e+00
 3.21149287e+00
 3.23684162e+00
 3.28721627e+00
 3.35252964e+00
 3.41791333e+00
 3.47179675e+00
 3.50999859e+00
 3.53453579e+00
 3.54907958e+00
 3.55426936e+00
 3.17033928e+00
 3.18731633e+00
 3.22529213e+00
 3.27449485e+00
 3.33261519e+00
 3.38996641e+00
 3.43779681e+00
 3.47132006e+00
 3.49276460e+00
 3.50514327e+00
 3.50951677e+00
 3.20060538e+00
 3.20460529e+00
 3.22602166e+00
 3.26431772e+00
 3.31596714e+00
 3.36391992e+00
 3.40642059e+00
 3.43274002e+00
 3.45015941e+00
 3.45320583e+00
 3.45310272e+00
 3.19225038e+00
 3.20179547e+00
 3.22848522e+00
 3.25436076e+00
 3.30668006e+00
 3.34354739e+00
 3.38650957e+00
 3.40194052e+00
 3.42753243e+00
 3.41687564e+00
 3.40484607e+00
 3.17426000e+00
 3.19612763e+00
 3.23148858e+00
 3.24861139e+00
 3.30475325e+00
 3.33492086e+00
 3.38085215e+00
 3.38836104e+00
 3.42437904e+00
 3.40823611e+00
 3.38480400e+00
