 2.75987300e+00
 2.75893098e+00
 2.73768572e+00
 2.68414250e+00
 2.64470790e+00
 2.61622019e+00
 2.60123781e+00
 2.60109352e+00
 2.60160260e+00
 2.60641908e+00
 2.60992500e+00
 2.75987667e+00
 2.75545230e+00
 2.73357884e+00
 2.68583770e+00
 2.64534411e+00
 2.61624726e+00
 2.60081032e+00
 2.59889675e+00
 2.59889737e+00
 2.60086439e+00
 2.60240816e+00
 2.75963819e+00
 2.75184491e+00
 2.72787957e+00
 2.68798662e+00
 2.64739241e+00
 2.61697389e+00
 2.60019904e+00
 2.59515431e+00
 2.59416118e+00
 2.59278087e+00
 2.59088921e+00
 2.75863797e+00
 2.75008512e+00
 2.72558046e+00
 2.68923919e+00
 2.65046109e+00
 2.61968530e+00
 2.60177451e+00
 2.59519946e+00
 2.59397911e+00
 2.59396282e+00
 2.59454698e+00
 2.75658337e+00
 2.74819631e+00
 2.72456260e+00
 2.69053876e+00
 2.65441674e+00
 2.62510976e+00
 2.60772441e+00
 2.60274869e+00
 2.60746718e+00
 2.61375377e+00
 2.61514947e+00
 2.75372451e+00
 2.74574807e+00
 2.72349298e+00
 2.69212094e+00
 2.65947766e+00
 2.63327058e+00
 2.61745267e+00
 2.61199646e+00
 2.61761952e+00
 2.63663214e+00
 2.65064397e+00
 2.75055683e+00
 2.74306767e+00
 2.72249317e+00
 2.69421010e+00
 2.66586109e+00
 2.64420478e+00
 2.63163715e+00
 2.62371905e+00
 2.60772894e+00
 2.57263853e+00
 2.54838973e+00
 2.74742970e+00
 2.74052401e+00
 2.72178511e+00
 2.69683659e+00
 2.67316916e+00
 2.65715783e+00
 2.65104439e+00
 2.65294746e+00
 2.66240699e+00
 2.68461753e+00
 2.70147024e+00
 2.74468440e+00
 2.73833022e+00
 2.72136761e+00
 2.69946428e+00
 2.68006454e+00
 2.66931610e+00
 2.66956136e+00
 2.67931756e+00
 2.69539052e+00
 2.70880568e+00
 2.71188555e+00
 2.74279228e+00
 2.73685370e+00
 2.72116262e+00
 2.70140092e+00
 2.68493543e+00
 2.67779659e+00
 2.68215845e+00
 2.69554249e+00
 2.71158608e+00
 2.71966325e+00
 2.71872216e+00
 2.74211700e+00
 2.73633334e+00
 2.72110446e+00
 2.70211567e+00
 2.68668246e+00
 2.68081940e+00
 2.68660736e+00
 2.70129452e+00
 2.71869507e+00
 2.73217649e+00
 2.73719400e+00
