 2.82022100e+00
 2.84823936e+00
 2.86525767e+00
 2.83681245e+00
 2.92454772e+00
 2.96925357e+00
 3.02492926e+00
 3.06626954e+00
 3.07298387e+00
 3.07691704e+00
 3.08104300e+00
 2.81786807e+00
 2.83665985e+00
 2.85672206e+00
 2.85159175e+00
 2.92385920e+00
 2.97307858e+00
 3.02532392e+00
 3.06362952e+00
 3.07393340e+00
 3.08233872e+00
 3.08833373e+00
 2.81778583e+00
 2.82815078e+00
 2.85105872e+00
 2.87681064e+00
 2.93019936e+00
 2.98177898e+00
 3.02748618e+00
 3.05918148e+00
 3.07374916e+00
 3.08478319e+00
 3.09040104e+00
 2.83043095e+00
 2.83940014e+00
 2.86400156e+00
 2.90025790e+00
 2.94667044e+00
 2.99321839e+00
 3.03119166e+00
 3.05543466e+00
 3.06582272e+00
 3.06734714e+00
 3.06638749e+00
 2.85330042e+00
 2.86204438e+00
 2.88732163e+00
 2.92403526e+00
 2.96518856e+00
 3.00347890e+00
 3.03278547e+00
 3.05045792e+00
 3.05739648e+00
 3.05706302e+00
 3.05557101e+00
 2.87741681e+00
 2.88744892e+00
 2.91202892e+00
 2.94377272e+00
 2.97699666e+00
 3.00606515e+00
 3.02724814e+00
 3.04018167e+00
 3.04794962e+00
 3.05431177e+00
 3.05764116e+00
 2.91812783e+00
 2.92045759e+00
 2.93264721e+00
 2.95479469e+00
 2.97924868e+00
 3.00002467e+00
 3.01436217e+00
 3.02217243e+00
 3.02502812e+00
 3.02436999e+00
 3.02305579e+00
 2.90753488e+00
 2.91795949e+00
 2.93811966e+00
 2.95820942e+00
 2.97654279e+00
 2.99113841e+00
 3.00048026e+00
 3.00421385e+00
 3.00361611e+00
 3.00296480e+00
 3.00376789e+00
 2.94187119e+00
 2.94197882e+00
 2.94825941e+00
 2.96114027e+00
 2.97444069e+00
 2.98486058e+00
 2.99116288e+00
 2.99284636e+00
 2.98889357e+00
 2.97874799e+00
 2.97185812e+00
 2.95092275e+00
 2.94965018e+00
 2.95386390e+00
 2.96382064e+00
 2.97417397e+00
 2.98219380e+00
 2.98695135e+00
 2.98835734e+00
 2.98633395e+00
 2.98010687e+00
 2.97472209e+00
 2.94476300e+00
 2.94759210e+00
 2.95510948e+00
 2.96491598e+00
 2.97437081e+00
 2.98161643e+00
 2.98589140e+00
 2.98736032e+00
 2.98688002e+00
 2.98574249e+00
 2.98519200e+00
