 3.01754600e+00
 3.01666684e+00
 3.02239379e+00
 3.03859232e+00
 3.04628771e+00
 3.07703632e+00
 3.08000167e+00
 3.10773724e+00
 3.09542936e+00
 3.10547248e+00
 3.11866500e+00
 3.02035036e+00
 3.02079437e+00
 3.02710502e+00
 3.04126553e+00
 3.05281438e+00
 3.07946799e+00
 3.08795896e+00
 3.10977063e+00
 3.10616530e+00
 3.11473633e+00
 3.12205370e+00
 3.02886127e+00
 3.03106074e+00
 3.03868670e+00
 3.05187582e+00
 3.06855120e+00
 3.09065138e+00
 3.10650890e+00
 3.12213140e+00
 3.12843830e+00
 3.13357239e+00
 3.13559860e+00
 3.04268622e+00
 3.04583765e+00
 3.05521504e+00
 3.07029791e+00
 3.08988998e+00
 3.11166985e+00
 3.13073690e+00
 3.14543576e+00
 3.15432102e+00
 3.15906169e+00
 3.16058296e+00
 3.05959937e+00
 3.06345973e+00
 3.07469151e+00
 3.09220342e+00
 3.11399579e+00
 3.13685306e+00
 3.15682724e+00
 3.17110405e+00
 3.17885268e+00
 3.18177903e+00
 3.18246401e+00
 3.07481511e+00
 3.07926669e+00
 3.09205068e+00
 3.11145493e+00
 3.13461121e+00
 3.15767120e+00
 3.17676201e+00
 3.18957876e+00
 3.19588407e+00
 3.19684703e+00
 3.19607973e+00
 3.08248330e+00
 3.08731171e+00
 3.10098787e+00
 3.12115222e+00
 3.14411375e+00
 3.16538399e+00
 3.18126546e+00
 3.19083369e+00
 3.19662286e+00
 3.20239248e+00
 3.20585995e+00
 3.07961733e+00
 3.08454895e+00
 3.09827799e+00
 3.11780253e+00
 3.13896625e+00
 3.15662787e+00
 3.16731588e+00
 3.17135534e+00
 3.17000490e+00
 3.16473588e+00
 3.16105191e+00
 3.06924376e+00
 3.07417761e+00
 3.08743566e+00
 3.10496578e+00
 3.12391959e+00
 3.13776829e+00
 3.14296303e+00
 3.14340529e+00
 3.13986438e+00
 3.13777784e+00
 3.13689925e+00
 3.05862497e+00
 3.06412432e+00
 3.07686181e+00
 3.09125419e+00
 3.10918859e+00
 3.12078518e+00
 3.12109631e+00
 3.12149972e+00
 3.11466714e+00
 3.11996963e+00
 3.12492910e+00
 3.05423800e+00
 3.06067128e+00
 3.07282874e+00
 3.08535874e+00
 3.10328331e+00
 3.11435072e+00
 3.11227986e+00
 3.11392118e+00
 3.10331912e+00
 3.11085217e+00
 3.12004800e+00
