 1.21094500e+00
 1.21015096e+00
 1.20805775e+00
 1.20512381e+00
 1.20080918e+00
 1.19181247e+00
 1.17230751e+00
 1.14996479e+00
 1.13821150e+00
 1.09990233e+00
 1.10152795e+00
 1.02853761e+00
 1.01087333e+00
 1.01657870e+00
 9.66907254e-01
 9.21526320e-01
 8.85987103e-01
 8.75382471e-01
 8.40968115e-01
 7.76110703e-01
 7.62287382e-01
 7.14941700e-01
 7.01108624e-01
 6.68117063e-01
 6.32632135e-01
 6.23595310e-01
 5.98305701e-01
 5.78450612e-01
 5.65958927e-01
 5.59061255e-01
 5.55866645e-01
 5.54973000e-01
 1.21381961e+00
 1.21198769e+00
 1.20785177e+00
 1.20359782e+00
 1.19827404e+00
 1.18890103e+00
 1.16984096e+00
 1.14832102e+00
 1.13463395e+00
 1.09905969e+00
 1.09610584e+00
 1.02818175e+00
 1.00897639e+00
 1.01153885e+00
 9.63688663e-01
 9.18625745e-01
 8.83332661e-01
 8.70756777e-01
 8.35906395e-01
 7.74014831e-01
 7.57102039e-01
 7.12134261e-01
 6.95970771e-01
 6.63657224e-01
 6.29470978e-01
 6.18125478e-01
 5.93878995e-01
 5.74085711e-01
 5.60895834e-01
 5.52303228e-01
 5.46404185e-01
 5.43699405e-01
 1.21725072e+00
 1.21376835e+00
 1.20602676e+00
 1.19850968e+00
 1.19082648e+00
 1.18038558e+00
 1.16249282e+00
 1.14247893e+00
 1.12493199e+00
 1.09481063e+00
 1.08183686e+00
 1.02553919e+00
 1.00281962e+00
 9.97349679e-01
 9.53773447e-01
 9.09749932e-01
 8.74876016e-01
 8.57182813e-01
 8.21415738e-01
 7.66470712e-01
 7.42593522e-01
 7.02684435e-01
 6.81291815e-01
 6.50411105e-01
 6.19043023e-01
 6.02760742e-01
 5.80409432e-01
 5.60751178e-01
 5.45481329e-01
 5.32367232e-01
 5.21039554e-01
 5.16119155e-01
 1.20925377e+00
 1.20585061e+00
 1.19742509e+00
 1.18789111e+00
 1.17824631e+00
 1.16666010e+00
 1.15004718e+00
 1.13094437e+00
 1.11050675e+00
 1.08420477e+00
 1.06227991e+00
 1.01746040e+00
 9.91159419e-01
 9.75998489e-01
 9.36681410e-01
 8.94368861e-01
 8.59488750e-01
 8.35421413e-01
 7.98846573e-01
 7.51051125e-01
 7.20576891e-01
 6.84777427e-01
 6.58414549e-01
 6.28656414e-01
 5.99762323e-01
 5.79231294e-01
 5.58012628e-01
 5.38660058e-01
 5.21640916e-01
 5.05628552e-01
 4.92343745e-01
 4.86992439e-01
 1.18134623e+00
 1.17974450e+00
 1.17528917e+00
 1.16853578e+00
 1.15950997e+00
 1.14766274e+00
 1.13189875e+00
 1.11300905e+00
 1.09121625e+00
 1.06595334e+00
 1.03899390e+00
 1.00165569e+00
 9.72548807e-01
 9.48968445e-01
 9.12172385e-01
 8.71702873e-01
 8.36128554e-01
 8.06257153e-01
 7.69073913e-01
 7.26270100e-01
 6.91756169e-01
 6.57622109e-01
 6.28055023e-01
 5.98657523e-01
 5.71073102e-01
 5.48255095e-01
 5.27430807e-01
 5.09017222e-01
 4.93317437e-01
 4.80429564e-01
 4.71493165e-01
 4.68249507e-01
 1.14413140e+00
 1.14495142e+00
 1.14528069e+00
 1.14203525e+00
 1.13444586e+00
 1.12290380e+00
 1.10748569e+00
 1.08845186e+00
 1.06596750e+00
 1.04022622e+00
 1.01116517e+00
 9.77278874e-01
 9.46002517e-01
 9.16453731e-01
 8.80266195e-01
 8.41044694e-01
 8.04292337e-01
 7.70076265e-01
 7.32266126e-01
 6.92068863e-01
 6.55719326e-01
 6.21556052e-01
 5.90246073e-01
 5.60662045e-01
 5.33464190e-01
 5.09791943e-01
 4.89308159e-01
 4.72544413e-01
 4.60492655e-01
 4.53886695e-01
 4.51894722e-01
 4.51800584e-01
 1.12823851e+00
 1.12579743e+00
 1.12000473e+00
 1.11279949e+00
 1.10391704e+00
 1.09208319e+00
 1.07649595e+00
 1.05702972e+00
 1.03385598e+00
 1.00723328e+00
 9.77226202e-01
 9.44234609e-01
 9.11141147e-01
 8.77759165e-01
 8.40963436e-01
 8.02058317e-01
 7.63982348e-01
 7.26855166e-01
 6.88304977e-01
 6.49089912e-01
 6.11993163e-01
 5.77246510e-01
 5.44953813e-01
 5.14983007e-01
 4.87718614e-01
 4.63731370e-01
 4.43329368e-01
 4.27013044e-01
 4.15227276e-01
 4.07778268e-01
 4.03783316e-01
 4.02512118e-01
 1.07896693e+00
 1.07915743e+00
 1.07849957e+00
 1.07487508e+00
 1.06714777e+00
 1.05508951e+00
 1.03879735e+00
 1.01847573e+00
 9.94378455e-01
 9.66782708e-01
 9.35982049e-01
 9.02619609e-01
 8.67934802e-01
 8.32071307e-01
 7.94159643e-01
 7.54814211e-01
 7.15489547e-01
 6.76479599e-01
 6.37163199e-01
 5.98093719e-01
 5.60625798e-01
 5.25339692e-01
 4.92447031e-01
 4.62104734e-01
 4.34619894e-01
 4.10353131e-01
 3.89549361e-01
 3.72300024e-01
 3.58541810e-01
 3.48297567e-01
 3.41894771e-01
 3.39715349e-01
 1.04975315e+00
 1.04847793e+00
 1.04449925e+00
 1.03738460e+00
 1.02671262e+00
 1.01233357e+00
 9.94257613e-01
 9.72526006e-01
 9.47231697e-01
 9.18563488e-01
 8.86839069e-01
 8.52594837e-01
 8.16516050e-01
 7.78922406e-01
 7.39818086e-01
 6.99669512e-01
 6.59278214e-01
 6.19048506e-01
 5.79077243e-01
 5.39856614e-01
 5.02173154e-01
 4.66571960e-01
 4.33362121e-01
 4.02783996e-01
 3.75103026e-01
 3.50598130e-01
 3.29491935e-01
 3.11838997e-01
 2.97462276e-01
 2.86237706e-01
 2.78680563e-01
 2.75942548e-01
 1.01909845e+00
 1.01587121e+00
 1.00709299e+00
 9.94596983e-01
 9.79605498e-01
 9.62240079e-01
 9.42090930e-01
 9.18793434e-01
 8.92212479e-01
 8.62427676e-01
 8.29699757e-01
 7.94452334e-01
 7.57188417e-01
 7.18317573e-01
 6.78166477e-01
 6.37199671e-01
 5.95995220e-01
 5.55012285e-01
 5.14612423e-01
 4.75271691e-01
 4.37551584e-01
 4.01915652e-01
 3.68689660e-01
 3.38116487e-01
 3.10403509e-01
 2.85771131e-01
 2.64573871e-01
 2.47470116e-01
 2.35326865e-01
 2.28481633e-01
 2.25848834e-01
 2.25340238e-01
 9.47628537e-01
 9.46159838e-01
 9.41366090e-01
 9.32546813e-01
 9.19422015e-01
 9.02227173e-01
 8.81328459e-01
 8.56975285e-01
 8.29320755e-01
 7.98532196e-01
 7.64870925e-01
 7.28713241e-01
 6.90510701e-01
 6.50720413e-01
 6.09792133e-01
 5.68217912e-01
 5.26522162e-01
 4.85191907e-01
 4.44676494e-01
 4.05441399e-01
 3.67953486e-01
 3.32615223e-01
 2.99736424e-01
 2.69541153e-01
 2.42163076e-01
 2.17605999e-01
 1.95693984e-01
 1.76127032e-01
 1.58823535e-01
 1.44471069e-01
 1.34664915e-01
 1.31145407e-01
 8.82125859e-01
 8.80360594e-01
 8.74899537e-01
 8.65419808e-01
 8.51753148e-01
 8.34014295e-01
 8.12476241e-01
 7.87396448e-01
 7.58977105e-01
 7.27430411e-01
 6.93044338e-01
 6.56202045e-01
 6.17359639e-01
 5.77008182e-01
 5.35652813e-01
 4.93812723e-01
 4.52010388e-01
 4.10746871e-01
 3.70494983e-01
 3.31706460e-01
 2.94800902e-01
 2.60141224e-01
 2.28023608e-01
 1.98687371e-01
 1.72330415e-01
 1.49107621e-01
 1.29073082e-01
 1.12047441e-01
 9.75876885e-02
 8.54965404e-02
 7.67693716e-02
 7.34763983e-02
 8.16847215e-01
 8.13891621e-01
 8.05580038e-01
 7.93082572e-01
 7.77291983e-01
 7.58445477e-01
 7.36380676e-01
 7.10930702e-01
 6.82110809e-01
 6.50121860e-01
 6.15300862e-01
 5.78077864e-01
 5.38942875e-01
 4.98418658e-01
 4.57041719e-01
 4.15350825e-01
 3.73874962e-01
 3.33119211e-01
 2.93555619e-01
 2.55618032e-01
 2.19693441e-01
 1.86112653e-01
 1.55151327e-01
 1.27050014e-01
 1.02063813e-01
 8.05655343e-02
 6.32234299e-02
 5.11518198e-02
 4.55743283e-02
 4.63997160e-02
 5.05152664e-02
 5.27763647e-02
 7.18378951e-01
 7.16980479e-01
 7.12513869e-01
 7.04375366e-01
 6.92035600e-01
 6.75281481e-01
 6.54197247e-01
 6.29044936e-01
 6.00184447e-01
 5.68039574e-01
 5.33080208e-01
 4.95810817e-01
 4.56762036e-01
 4.16481443e-01
 3.75522713e-01
 3.34433996e-01
 2.93745506e-01
 2.53957203e-01
 2.15528710e-01
 1.78871425e-01
 1.44341397e-01
 1.12233978e-01
 8.27824286e-02
 5.61578633e-02
 3.24563854e-02
 1.16376822e-02
 -6.63703409e-03
 -2.32182565e-02
 -3.92824556e-02
 -5.50166001e-02
 -6.77963577e-02
 -7.28944180e-02
 6.30675200e-01
 6.29583259e-01
 6.25864499e-01
 6.18556918e-01
 6.06847696e-01
 5.90411900e-01
 5.69366643e-01
 5.44097469e-01
 5.15106501e-01
 4.82923655e-01
 4.48077823e-01
 4.11100242e-01
 3.72532628e-01
 3.32927602e-01
 2.92840799e-01
 2.52818287e-01
 2.13382656e-01
 1.75020056e-01
 1.38169631e-01
 1.03215563e-01
 7.04812890e-02
 4.02256989e-02
 1.26407394e-02
 -1.21516323e-02
 -3.41029943e-02
 -5.32211017e-02
 -6.94579228e-02
 -8.24377786e-02
 -9.12975949e-02
 -9.54006298e-02
 -9.58494639e-02
 -9.54579559e-02
 5.63154669e-01
 5.60528562e-01
 5.53043298e-01
 5.41421729e-01
 5.26055401e-01
 5.06984544e-01
 4.84244879e-01
 4.58033611e-01
 4.28671566e-01
 3.96543986e-01
 3.62080880e-01
 3.25754918e-01
 2.88076517e-01
 2.49581636e-01
 2.10814636e-01
 1.72309639e-01
 1.34573159e-01
 9.80696708e-02
 6.32109216e-02
 3.03489462e-02
 -2.27707062e-04
 -2.82950305e-02
 -5.36916814e-02
 -7.63118771e-02
 -9.60893621e-02
 -1.12983122e-01
 -1.27027789e-01
 -1.38534252e-01
 -1.48256414e-01
 -1.56854673e-01
 -1.63601258e-01
 -1.66287826e-01
 4.81608151e-01
 4.79443373e-01
 4.72567311e-01
 4.60497590e-01
 4.43535062e-01
 4.22586779e-01
 3.98461926e-01
 3.71594643e-01
 3.42207383e-01
 3.10520568e-01
 2.76843786e-01
 2.41581943e-01
 2.05210957e-01
 1.68247783e-01
 1.31221926e-01
 9.46504717e-02
 5.90176764e-02
 2.47596736e-02
 -7.74561605e-03
 -3.81837717e-02
 -6.63051239e-02
 -9.19230747e-02
 -1.14910836e-01
 -1.35197031e-01
 -1.52755361e-01
 -1.67567653e-01
 -1.79515614e-01
 -1.88197222e-01
 -1.92938160e-01
 -1.93572584e-01
 -1.91737670e-01
 -1.90559520e-01
 4.08847318e-01
 4.04362030e-01
 3.92337694e-01
 3.75668302e-01
 3.56395238e-01
 3.35050668e-01
 3.11446328e-01
 2.85414179e-01
 2.57005762e-01
 2.26445098e-01
 1.94072252e-01
 1.60312310e-01
 1.25650008e-01
 9.06020578e-02
 5.56891084e-02
 2.14105928e-02
 -1.17754793e-02
 -4.34668685e-02
 -7.33255537e-02
 -1.01080796e-01
 -1.26527579e-01
 -1.49521705e-01
 -1.69974607e-01
 -1.87855279e-01
 -2.03214487e-01
 -2.16255022e-01
 -2.27462631e-01
 -2.37721727e-01
 -2.48085277e-01
 -2.58737545e-01
 -2.67670043e-01
 -2.71283821e-01
 2.74756632e-01
 2.75107162e-01
 2.74672156e-01
 2.70492271e-01
 2.60684694e-01
 2.45246279e-01
 2.25163020e-01
 2.01459346e-01
 1.74895433e-01
 1.46045158e-01
 1.15420123e-01
 8.35335999e-02
 5.09143015e-02
 1.80954076e-02
 -1.44053698e-02
 -4.61064336e-02
 -7.65794314e-02
 -1.05460939e-01
 -1.32458348e-01
 -1.57350603e-01
 -1.79984271e-01
 -2.00264890e-01
 -2.18143628e-01
 -2.33599517e-01
 -2.46616597e-01
 -2.57150764e-01
 -2.65071868e-01
 -2.70090032e-01
 -2.71841477e-01
 -2.70507518e-01
 -2.67749441e-01
 -2.66341819e-01
 2.14112001e-01
 2.11519209e-01
 2.04299196e-01
 1.93576403e-01
 1.80081592e-01
 1.63870029e-01
 1.44747097e-01
 1.22694929e-01
 9.79710014e-02
 7.10195786e-02
 4.23724786e-02
 1.25919430e-02
 -1.77574535e-02
 -4.81278130e-02
 -7.80063113e-02
 -1.06932477e-01
 -1.34511921e-01
 -1.60424733e-01
 -1.84428094e-01
 -2.06354923e-01
 -2.26109511e-01
 -2.43658530e-01
 -2.59016002e-01
 -2.72219840e-01
 -2.83295654e-01
 -2.92214073e-01
 -2.98891183e-01
 -3.03336345e-01
 -3.05942843e-01
 -3.07513352e-01
 -3.08620196e-01
 -3.09083614e-01
 1.36788343e-01
 1.34090334e-01
 1.26799898e-01
 1.16419284e-01
 1.03775141e-01
 8.88017232e-02
 7.11588684e-02
 5.07375598e-02
 2.77637655e-02
 2.68951775e-03
 -2.39309276e-02
 -5.15140995e-02
 -7.94822828e-02
 -1.07286509e-01
 -1.34427644e-01
 -1.60472761e-01
 -1.85066629e-01
 -2.07937613e-01
 -2.28895376e-01
 -2.47826969e-01
 -2.64694979e-01
 -2.79531720e-01
 -2.92430162e-01
 -3.03538517e-01
 -3.13060242e-01
 -3.21256780e-01
 -3.28430728e-01
 -3.34813356e-01
 -3.40318669e-01
 -3.44456034e-01
 -3.46808108e-01
 -3.47515957e-01
 3.58531458e-02
 3.71454982e-02
 3.91534803e-02
 3.82711103e-02
 3.22771738e-02
 2.10554708e-02
 5.51387760e-03
 -1.33657101e-02
 -3.47978077e-02
 -5.81370643e-02
 -8.27940031e-02
 -1.08193566e-01
 -1.33768802e-01
 -1.58983357e-01
 -1.83362803e-01
 -2.06509083e-01
 -2.28110160e-01
 -2.47948699e-01
 -2.65888586e-01
 -2.81864501e-01
 -2.95889886e-01
 -3.08053696e-01
 -3.18505754e-01
 -3.27457846e-01
 -3.35195413e-01
 -3.42074597e-01
 -3.48489315e-01
 -3.54811214e-01
 -3.61281631e-01
 -3.67696320e-01
 -3.72890950e-01
 -3.74960848e-01
 1.24836252e-02
 9.51804205e-03
 1.84461844e-03
 -8.44388351e-03
 -2.04572272e-02
 -3.44149909e-02
 -5.06262426e-02
 -6.90480443e-02
 -8.93684100e-02
 -1.11162143e-01
 -1.33960396e-01
 -1.57255859e-01
 -1.80505253e-01
 -2.03184907e-01
 -2.24858686e-01
 -2.45170342e-01
 -2.63846603e-01
 -2.80737201e-01
 -2.95765239e-01
 -3.08894110e-01
 -3.20174853e-01
 -3.29747619e-01
 -3.37784495e-01
 -3.44480557e-01
 -3.50070617e-01
 -3.54795901e-01
 -3.58804068e-01
 -3.61998829e-01
 -3.63968189e-01
 -3.64328824e-01
 -3.63532460e-01
 -3.62983092e-01
 -3.68690861e-02
 -3.87734674e-02
 -4.47217519e-02
 -5.46134388e-02
 -6.75013988e-02
 -8.24282753e-02
 -9.89569606e-02
 -1.16934713e-01
 -1.36200117e-01
 -1.56507015e-01
 -1.77531796e-01
 -1.98849796e-01
 -2.19909964e-01
 -2.40166554e-01
 -2.59257632e-01
 -2.76879173e-01
 -2.92756026e-01
 -3.06845155e-01
 -3.19149036e-01
 -3.29608538e-01
 -3.38290697e-01
 -3.45421841e-01
 -3.51182259e-01
 -3.55690819e-01
 -3.59098328e-01
 -3.61573764e-01
 -3.63278081e-01
 -3.64419938e-01
 -3.65358611e-01
 -3.66491802e-01
 -3.67738856e-01
 -3.68328820e-01
 -8.09716355e-02
 -8.34393907e-02
 -8.99945577e-02
 -9.93933565e-02
 -1.11175000e-01
 -1.25106018e-01
 -1.40778659e-01
 -1.57768328e-01
 -1.75759680e-01
 -1.94525667e-01
 -2.13845765e-01
 -2.33376888e-01
 -2.52466335e-01
 -2.70432600e-01
 -2.87113260e-01
 -3.02290632e-01
 -3.15515143e-01
 -3.26990527e-01
 -3.36853563e-01
 -3.44892933e-01
 -3.51133388e-01
 -3.56035625e-01
 -3.59795923e-01
 -3.62369144e-01
 -3.63840153e-01
 -3.64360221e-01
 -3.64091770e-01
 -3.63242402e-01
 -3.62115106e-01
 -3.61014670e-01
 -3.60174923e-01
 -3.59845617e-01
 -1.30880183e-01
 -1.31126587e-01
 -1.33298601e-01
 -1.39295498e-01
 -1.49105858e-01
 -1.61714518e-01
 -1.76229086e-01
 -1.91962190e-01
 -2.08503422e-01
 -2.25677694e-01
 -2.43368033e-01
 -2.61401474e-01
 -2.78862539e-01
 -2.94623415e-01
 -3.09082989e-01
 -3.22244371e-01
 -3.32903952e-01
 -3.41976074e-01
 -3.49799518e-01
 -3.55762621e-01
 -3.59640448e-01
 -3.62568733e-01
 -3.64751697e-01
 -3.65730863e-01
 -3.65620147e-01
 -3.64602433e-01
 -3.62854999e-01
 -3.60358234e-01
 -3.57108852e-01
 -3.53514762e-01
 -3.50575976e-01
 -3.49431614e-01
 -1.49585864e-01
 -1.52681801e-01
 -1.60181883e-01
 -1.69473464e-01
 -1.79889173e-01
 -1.91846895e-01
 -2.05445350e-01
 -2.19887483e-01
 -2.34891757e-01
 -2.50509234e-01
 -2.66620175e-01
 -2.83562071e-01
 -2.99934267e-01
 -3.13430157e-01
 -3.25801844e-01
 -3.37744363e-01
 -3.45692263e-01
 -3.52629352e-01
 -3.58914581e-01
 -3.63325038e-01
 -3.64683710e-01
 -3.65935310e-01
 -3.67157720e-01
 -3.66821835e-01
 -3.65507996e-01
 -3.63304865e-01
 -3.60880957e-01
 -3.58285124e-01
 -3.55461712e-01
 -3.52737585e-01
 -3.50664521e-01
 -3.49865713e-01
 -1.84486391e-01
 -1.85756606e-01
 -1.89762898e-01
 -1.96350269e-01
 -2.04912653e-01
 -2.15669676e-01
 -2.28907380e-01
 -2.41979393e-01
 -2.55388295e-01
 -2.69681538e-01
 -2.84139755e-01
 -3.00492805e-01
 -3.16564506e-01
 -3.27551003e-01
 -3.37774837e-01
 -3.49928001e-01
 -3.54514286e-01
 -3.59819482e-01
 -3.64999531e-01
 -3.68739750e-01
 -3.66993020e-01
 -3.66955019e-01
 -3.68120159e-01
 -3.66417714e-01
 -3.64462996e-01
 -3.60921788e-01
 -3.58257066e-01
 -3.56287210e-01
 -3.54450200e-01
 -3.53171292e-01
 -3.52644119e-01
 -3.52556651e-01
 -2.12108226e-01
 -2.12221242e-01
 -2.13655925e-01
 -2.17805621e-01
 -2.23753849e-01
 -2.32846292e-01
 -2.47432485e-01
 -2.58595006e-01
 -2.70436599e-01
 -2.83953495e-01
 -2.96486985e-01
 -3.12789110e-01
 -3.29477991e-01
 -3.37694167e-01
 -3.45407664e-01
 -3.59872236e-01
 -3.59836876e-01
 -3.64504904e-01
 -3.68626611e-01
 -3.73065747e-01
 -3.67191246e-01
 -3.66379960e-01
 -3.68711761e-01
 -3.64896915e-01
 -3.63581940e-01
 -3.57639617e-01
 -3.55158172e-01
 -3.54259247e-01
 -3.52970226e-01
 -3.52148923e-01
 -3.52034853e-01
 -3.52113185e-01
 -2.23505819e-01
 -2.24115413e-01
 -2.27451542e-01
 -2.32868072e-01
 -2.36356104e-01
 -2.42953038e-01
 -2.61938714e-01
 -2.69877285e-01
 -2.80537199e-01
 -2.93990307e-01
 -3.04322733e-01
 -3.21019278e-01
 -3.38989536e-01
 -3.44533918e-01
 -3.49307545e-01
 -3.68079909e-01
 -3.62212756e-01
 -3.67592384e-01
 -3.70263479e-01
 -3.76869990e-01
 -3.66015881e-01
 -3.64964191e-01
 -3.69692612e-01
 -3.62420472e-01
 -3.63893225e-01
 -3.53610683e-01
 -3.52198384e-01
 -3.52619244e-01
 -3.51242027e-01
 -3.49544013e-01
 -3.48591260e-01
 -3.48533529e-01
 -2.24404586e-01
 -2.27549041e-01
 -2.35691444e-01
 -2.42904237e-01
 -2.43641623e-01
 -2.46881863e-01
 -2.72211354e-01
 -2.76068703e-01
 -2.86290182e-01
 -3.00078074e-01
 -3.08473590e-01
 -3.25702439e-01
 -3.44945475e-01
 -3.48540579e-01
 -3.50638842e-01
 -3.73955419e-01
 -3.62686045e-01
 -3.69543816e-01
 -3.70607709e-01
 -3.79826011e-01
 -3.64529565e-01
 -3.63543359e-01
 -3.70974069e-01
 -3.59738942e-01
 -3.65309860e-01
 -3.49734788e-01
 -3.50254973e-01
 -3.51755912e-01
 -3.50456847e-01
 -3.47826091e-01
 -3.45393921e-01
 -3.44503216e-01
 -2.23443000e-01
 -2.28258440e-01
 -2.38866615e-01
 -2.46594623e-01
 -2.46072739e-01
 -2.47549620e-01
 -2.76135314e-01
 -2.77948498e-01
 -2.88159421e-01
 -3.02138424e-01
 -3.09741967e-01
 -3.27216891e-01
 -3.46989706e-01
 -3.49874361e-01
 -3.50850645e-01
 -3.76155980e-01
 -3.62619724e-01
 -3.70250587e-01
 -3.70569873e-01
 -3.80986794e-01
 -3.63865003e-01
 -3.62943320e-01
 -3.71607136e-01
 -3.58512245e-01
 -3.66167777e-01
 -3.48025573e-01
 -3.49627765e-01
 -3.51454519e-01
 -3.50216965e-01
 -3.47069560e-01
 -3.44021623e-01
 -3.42786000e-01
