 1.09398500e+00
 1.10844301e+00
 1.14527909e+00
 1.19811973e+00
 1.27284772e+00
 1.29861227e+00
 1.33369189e+00
 1.29425607e+00
 1.29210209e+00
 1.23559598e+00
 1.22412971e+00
 1.23243500e+00
 1.12345501e+00
 1.13706043e+00
 1.17133248e+00
 1.22158113e+00
 1.28418269e+00
 1.30914318e+00
 1.33054935e+00
 1.29477382e+00
 1.27816610e+00
 1.22916888e+00
 1.20780101e+00
 1.20317044e+00
 1.19824903e+00
 1.20888643e+00
 1.23645560e+00
 1.27444421e+00
 1.31124588e+00
 1.32407578e+00
 1.31729799e+00
 1.27805185e+00
 1.23721053e+00
 1.19150588e+00
 1.15744504e+00
 1.14291868e+00
 1.28182222e+00
 1.28794869e+00
 1.30305658e+00
 1.31923013e+00
 1.32547026e+00
 1.31058431e+00
 1.27233750e+00
 1.21403405e+00
 1.15198169e+00
 1.09990729e+00
 1.07085931e+00
 1.06380697e+00
 1.32682449e+00
 1.32711509e+00
 1.32530757e+00
 1.31464207e+00
 1.28712545e+00
 1.23728330e+00
 1.16600506e+00
 1.08149933e+00
 9.97534608e-01
 9.27435673e-01
 8.80567415e-01
 8.63585338e-01
 1.29517597e+00
 1.28921576e+00
 1.26947658e+00
 1.23150997e+00
 1.17115474e+00
 1.08780528e+00
 9.86680827e-01
 8.78564845e-01
 7.76681686e-01
 6.92586236e-01
 6.36015534e-01
 6.15902008e-01
 1.17748960e+00
 1.16600036e+00
 1.13061986e+00
 1.06960948e+00
 9.82802962e-01
 8.74062113e-01
 7.52245837e-01
 6.30031290e-01
 5.21081943e-01
 4.36983175e-01
 3.84558149e-01
 3.66636110e-01
 9.98066726e-01
 9.82569606e-01
 9.36092736e-01
 8.59448975e-01
 7.56050462e-01
 6.33330741e-01
 5.02603133e-01
 3.77054595e-01
 2.69241381e-01
 1.89706207e-01
 1.45002270e-01
 1.32002523e-01
 8.01709009e-01
 7.83921122e-01
 7.31324131e-01
 6.46794683e-01
 5.36446968e-01
 4.10173636e-01
 2.80523324e-01
 1.60047998e-01
 5.81108785e-02
 -2.09760647e-02
 -7.52594649e-02
 -9.61773262e-02
 6.32867460e-01
 6.14128620e-01
 5.59217175e-01
 4.72401024e-01
 3.61555813e-01
 2.37966488e-01
 1.14648268e-01
 3.41526749e-03
 -8.79952559e-02
 -1.56736873e-01
 -2.00601840e-01
 -2.15587342e-01
 5.21903820e-01
 5.02944115e-01
 4.47661647e-01
 3.61110151e-01
 2.52075347e-01
 1.32498443e-01
 1.54455041e-02
 -8.77546556e-02
 -1.69918529e-01
 -2.28337681e-01
 -2.62696148e-01
 -2.73974554e-01
 4.83587000e-01
 4.64615412e-01
 4.09399965e-01
 3.23232082e-01
 2.15181843e-01
 9.73611482e-02
 -1.71806370e-02
 -1.17313208e-01
 -1.96020352e-01
 -2.50853353e-01
 -2.82555863e-01
 -2.92849000e-01
