 -4.53094000e-01
 -4.57278711e-01
 -4.69769665e-01
 -4.90377531e-01
 -5.18787555e-01
 -5.54561209e-01
 -5.97139364e-01
 -6.45847552e-01
 -6.99901184e-01
 -7.58426157e-01
 -8.20470907e-01
 -8.85022028e-01
 -9.51045323e-01
 -1.01749673e+00
 -1.08336554e+00
 -1.14769584e+00
 -1.20962282e+00
 -1.26838779e+00
 -1.32336719e+00
 -1.37407510e+00
 -1.42017883e+00
 -1.46148463e+00
 -1.49793711e+00
 -1.52959730e+00
 -1.55662091e+00
 -1.57923621e+00
 -1.59771211e+00
 -1.61233189e+00
 -1.62337057e+00
 -1.63106760e+00
 -1.63560786e+00
 -1.63710800e+00
 -4.60046650e-01
 -4.64992250e-01
 -4.78209186e-01
 -4.98973404e-01
 -5.27258272e-01
 -5.62859744e-01
 -6.05310667e-01
 -6.53921059e-01
 -7.07875385e-01
 -7.66280469e-01
 -8.28178289e-01
 -8.92554855e-01
 -9.58376535e-01
 -1.02460173e+00
 -1.09022216e+00
 -1.15428526e+00
 -1.21592954e+00
 -1.27440061e+00
 -1.32907900e+00
 -1.37948376e+00
 -1.42528663e+00
 -1.46629900e+00
 -1.50247007e+00
 -1.53386538e+00
 -1.56064501e+00
 -1.58304084e+00
 -1.60132522e+00
 -1.61578456e+00
 -1.62669602e+00
 -1.63430084e+00
 -1.63878536e+00
 -1.64026680e+00
 -4.83734631e-01
 -4.88994883e-01
 -5.03266355e-01
 -5.24466416e-01
 -5.52430763e-01
 -5.87552871e-01
 -6.29631891e-01
 -6.77949107e-01
 -7.31600045e-01
 -7.89639241e-01
 -8.51089424e-01
 -9.14935468e-01
 -9.80145626e-01
 -1.04568581e+00
 -1.11055507e+00
 -1.17381105e+00
 -1.23460227e+00
 -1.29218730e+00
 -1.34595899e+00
 -1.39545121e+00
 -1.44034911e+00
 -1.48047939e+00
 -1.51580494e+00
 -1.54640483e+00
 -1.57245203e+00
 -1.59418936e+00
 -1.61189933e+00
 -1.62587745e+00
 -1.63640739e+00
 -1.64373576e+00
 -1.64805277e+00
 -1.64947817e+00
 -5.29804346e-01
 -5.34407518e-01
 -5.47267373e-01
 -5.67056343e-01
 -5.93798666e-01
 -6.28027155e-01
 -6.69509349e-01
 -7.17345680e-01
 -7.70478995e-01
 -8.27888060e-01
 -8.88570243e-01
 -9.51509274e-01
 -1.01567865e+00
 -1.08005625e+00
 -1.14365434e+00
 -1.20554728e+00
 -1.26490116e+00
 -1.32099560e+00
 -1.37324476e+00
 -1.42120651e+00
 -1.46458902e+00
 -1.50324369e+00
 -1.53715641e+00
 -1.56642855e+00
 -1.59125399e+00
 -1.61189384e+00
 -1.62864721e+00
 -1.64182399e+00
 -1.65171883e+00
 -1.65858706e+00
 -1.66262526e+00
 -1.66395724e+00
 -5.98612800e-01
 -6.01122754e-01
 -6.09481122e-01
 -6.25339803e-01
 -6.49849586e-01
 -6.83018055e-01
 -7.23875642e-01
 -7.71112172e-01
 -8.23511274e-01
 -8.79999470e-01
 -9.39561128e-01
 -1.00118402e+00
 -1.06385229e+00
 -1.12656062e+00
 -1.18834094e+00
 -1.24829092e+00
 -1.30560226e+00
 -1.35958367e+00
 -1.40967986e+00
 -1.45548162e+00
 -1.49672987e+00
 -1.53330965e+00
 -1.56523894e+00
 -1.59264970e+00
 -1.61576434e+00
 -1.63486922e+00
 -1.65028599e+00
 -1.66234361e+00
 -1.67135200e+00
 -1.67757832e+00
 -1.68122781e+00
 -1.68242962e+00
 -6.72968125e-01
 -6.74057030e-01
 -6.79500153e-01
 -6.93304984e-01
 -7.17293005e-01
 -7.50527651e-01
 -7.91210940e-01
 -8.37849279e-01
 -8.89294452e-01
 -9.44533619e-01
 -1.00257796e+00
 -1.06243232e+00
 -1.12309882e+00
 -1.18359459e+00
 -1.24297782e+00
 -1.30037641e+00
 -1.35501577e+00
 -1.40624192e+00
 -1.45353925e+00
 -1.49654033e+00
 -1.53502819e+00
 -1.56893011e+00
 -1.59830470e+00
 -1.62332232e+00
 -1.64424077e+00
 -1.66137805e+00
 -1.67508351e+00
 -1.68570953e+00
 -1.69358495e+00
 -1.69899166e+00
 -1.70214535e+00
 -1.70318123e+00
 -7.18597206e-01
 -7.23691007e-01
 -7.38660836e-01
 -7.62251160e-01
 -7.92660394e-01
 -8.28686813e-01
 -8.69867009e-01
 -9.15852670e-01
 -9.66051746e-01
 -1.01964972e+00
 -1.07572205e+00
 -1.13330345e+00
 -1.19142139e+00
 -1.24912128e+00
 -1.30549384e+00
 -1.35970425e+00
 -1.41101946e+00
 -1.45883110e+00
 -1.50267203e+00
 -1.54222526e+00
 -1.57732471e+00
 -1.60794805e+00
 -1.63420224e+00
 -1.65630301e+00
 -1.67454973e+00
 -1.68929739e+00
 -1.70092748e+00
 -1.70981937e+00
 -1.71632376e+00
 -1.72073927e+00
 -1.72329348e+00
 -1.72412873e+00
 -7.85635164e-01
 -7.94783963e-01
 -8.18161154e-01
 -8.48429646e-01
 -8.81757781e-01
 -9.18163004e-01
 -9.58568670e-01
 -1.00321920e+00
 -1.05166712e+00
 -1.10312930e+00
 -1.15670357e+00
 -1.21145044e+00
 -1.26642609e+00
 -1.32070865e+00
 -1.37342688e+00
 -1.42378965e+00
 -1.47111295e+00
 -1.51484197e+00
 -1.55456635e+00
 -1.59002771e+00
 -1.62111888e+00
 -1.64787526e+00
 -1.67045891e+00
 -1.68913692e+00
 -1.70425529e+00
 -1.71621029e+00
 -1.72541898e+00
 -1.73229048e+00
 -1.73719935e+00
 -1.74046252e+00
 -1.74232032e+00
 -1.74292262e+00
 -9.55264588e-01
 -9.54855774e-01
 -9.56891952e-01
 -9.67091083e-01
 -9.87892624e-01
 -1.01807798e+00
 -1.05530074e+00
 -1.09761876e+00
 -1.14366860e+00
 -1.19240324e+00
 -1.24288060e+00
 -1.29417682e+00
 -1.34537594e+00
 -1.39559060e+00
 -1.44399140e+00
 -1.48983649e+00
 -1.53249764e+00
 -1.57148093e+00
 -1.60644035e+00
 -1.63718354e+00
 -1.66366923e+00
 -1.68599683e+00
 -1.70438909e+00
 -1.71916912e+00
 -1.73073335e+00
 -1.73952237e+00
 -1.74599105e+00
 -1.75057981e+00
 -1.75368826e+00
 -1.75565226e+00
 -1.75672537e+00
 -1.75706525e+00
 -1.03684606e+00
 -1.04006499e+00
 -1.04977830e+00
 -1.06633211e+00
 -1.09002819e+00
 -1.12036498e+00
 -1.15614400e+00
 -1.19611042e+00
 -1.23922729e+00
 -1.28459056e+00
 -1.33131581e+00
 -1.37850631e+00
 -1.42527083e+00
 -1.47075524e+00
 -1.51417413e+00
 -1.55483945e+00
 -1.59218468e+00
 -1.62578333e+00
 -1.65536037e+00
 -1.68079577e+00
 -1.70211988e+00
 -1.71950117e+00
 -1.73322713e+00
 -1.74368010e+00
 -1.75130935e+00
 -1.75660128e+00
 -1.76004951e+00
 -1.76212619e+00
 -1.76325597e+00
 -1.76379356e+00
 -1.76400566e+00
 -1.76405768e+00
 -1.10672742e+00
 -1.11416888e+00
 -1.13415172e+00
 -1.16154157e+00
 -1.19212767e+00
 -1.22446855e+00
 -1.25889945e+00
 -1.29587884e+00
 -1.33529712e+00
 -1.37656337e+00
 -1.41885431e+00
 -1.46127815e+00
 -1.50295546e+00
 -1.54306193e+00
 -1.58085802e+00
 -1.61571381e+00
 -1.64712982e+00
 -1.67475268e+00
 -1.69838383e+00
 -1.71798064e+00
 -1.73364939e+00
 -1.74563099e+00
 -1.75428021e+00
 -1.76004018e+00
 -1.76341368e+00
 -1.76493302e+00
 -1.76513006e+00
 -1.76450787e+00
 -1.76351520e+00
 -1.76252465e+00
 -1.76181513e+00
 -1.76155917e+00
 -1.27661335e+00
 -1.27838254e+00
 -1.28414126e+00
 -1.29494961e+00
 -1.31167119e+00
 -1.33430765e+00
 -1.36207729e+00
 -1.39386894e+00
 -1.42853886e+00
 -1.46499893e+00
 -1.50222796e+00
 -1.53927317e+00
 -1.57525616e+00
 -1.60938501e+00
 -1.64097125e+00
 -1.66944854e+00
 -1.69438975e+00
 -1.71551953e+00
 -1.73272017e+00
 -1.74603001e+00
 -1.75563400e+00
 -1.76184723e+00
 -1.76509246e+00
 -1.76587344e+00
 -1.76474551e+00
 -1.76228530e+00
 -1.75906097e+00
 -1.75560444e+00
 -1.75238650e+00
 -1.74979581e+00
 -1.74812210e+00
 -1.74754408e+00
 -1.41008109e+00
 -1.40871364e+00
 -1.40687071e+00
 -1.40909678e+00
 -1.41846367e+00
 -1.43528005e+00
 -1.45815252e+00
 -1.48530438e+00
 -1.51517805e+00
 -1.54650524e+00
 -1.57821844e+00
 -1.60937828e+00
 -1.63914495e+00
 -1.66677867e+00
 -1.69165332e+00
 -1.71327358e+00
 -1.73129011e+00
 -1.74550970e+00
 -1.75589864e+00
 -1.76257836e+00
 -1.76581353e+00
 -1.76599340e+00
 -1.76360767e+00
 -1.75921876e+00
 -1.75343191e+00
 -1.74686495e+00
 -1.74011898e+00
 -1.73375142e+00
 -1.72825204e+00
 -1.72402297e+00
 -1.72136286e+00
 -1.72045548e+00
 -1.43269270e+00
 -1.43883832e+00
 -1.45470714e+00
 -1.47518344e+00
 -1.49680858e+00
 -1.51888681e+00
 -1.54196052e+00
 -1.56638046e+00
 -1.59193446e+00
 -1.61802770e+00
 -1.64390542e+00
 -1.66878411e+00
 -1.69192004e+00
 -1.71265093e+00
 -1.73042596e+00
 -1.74482843e+00
 -1.75559170e+00
 -1.76260787e+00
 -1.76592900e+00
 -1.76576018e+00
 -1.76244524e+00
 -1.75644585e+00
 -1.74831593e+00
 -1.73867290e+00
 -1.72816768e+00
 -1.71745467e+00
 -1.70716334e+00
 -1.69787221e+00
 -1.69008616e+00
 -1.68421755e+00
 -1.68057144e+00
 -1.67933504e+00
 -1.55327769e+00
 -1.55421312e+00
 -1.55809284e+00
 -1.56662432e+00
 -1.58000398e+00
 -1.59694902e+00
 -1.61598557e+00
 -1.63611989e+00
 -1.65670877e+00
 -1.67717450e+00
 -1.69688523e+00
 -1.71517043e+00
 -1.73137826e+00
 -1.74492871e+00
 -1.75535230e+00
 -1.76231600e+00
 -1.76563914e+00
 -1.76530086e+00
 -1.76143920e+00
 -1.75434203e+00
 -1.74443019e+00
 -1.73223459e+00
 -1.71836902e+00
 -1.70350083e+00
 -1.68832087e+00
 -1.67351435e+00
 -1.65973335e+00
 -1.64757220e+00
 -1.63754620e+00
 -1.63007411e+00
 -1.62546468e+00
 -1.62390698e+00
 -1.62311325e+00
 -1.62550861e+00
 -1.63194919e+00
 -1.64105357e+00
 -1.65198989e+00
 -1.66448595e+00
 -1.67827629e+00
 -1.69288656e+00
 -1.70770923e+00
 -1.72208643e+00
 -1.73534674e+00
 -1.74683598e+00
 -1.75595470e+00
 -1.76219444e+00
 -1.76516704e+00
 -1.76462534e+00
 -1.76047604e+00
 -1.75278514e+00
 -1.74177531e+00
 -1.72781474e+00
 -1.71139802e+00
 -1.69312082e+00
 -1.67365132e+00
 -1.65370034e+00
 -1.63399190e+00
 -1.61523506e+00
 -1.59809802e+00
 -1.58318502e+00
 -1.57101669e+00
 -1.56201412e+00
 -1.55648656e+00
 -1.55462287e+00
 -1.69994313e+00
 -1.70040678e+00
 -1.70208744e+00
 -1.70545226e+00
 -1.71063108e+00
 -1.71743327e+00
 -1.72550317e+00
 -1.73431812e+00
 -1.74319324e+00
 -1.75137235e+00
 -1.75812340e+00
 -1.76279133e+00
 -1.76482247e+00
 -1.76378086e+00
 -1.75936278e+00
 -1.75140904e+00
 -1.73991341e+00
 -1.72502638e+00
 -1.70705190e+00
 -1.68643494e+00
 -1.66373975e+00
 -1.63962176e+00
 -1.61479717e+00
 -1.59001291e+00
 -1.56601829e+00
 -1.54353860e+00
 -1.52325098e+00
 -1.50576323e+00
 -1.49159595e+00
 -1.48116819e+00
 -1.47478675e+00
 -1.47263865e+00
 -1.74980788e+00
 -1.74953594e+00
 -1.74891423e+00
 -1.74855479e+00
 -1.74924868e+00
 -1.75140182e+00
 -1.75475605e+00
 -1.75859452e+00
 -1.76206736e+00
 -1.76437616e+00
 -1.76482798e+00
 -1.76284177e+00
 -1.75795160e+00
 -1.74981497e+00
 -1.73822257e+00
 -1.72310585e+00
 -1.70454303e+00
 -1.68276351e+00
 -1.65814678e+00
 -1.63121022e+00
 -1.60258405e+00
 -1.57297875e+00
 -1.54315189e+00
 -1.51387832e+00
 -1.48592392e+00
 -1.46002186e+00
 -1.43685081e+00
 -1.41701585e+00
 -1.40103230e+00
 -1.38931313e+00
 -1.38215950e+00
 -1.37975449e+00
 -1.75958062e+00
 -1.75946380e+00
 -1.75949634e+00
 -1.76028787e+00
 -1.76189265e+00
 -1.76377381e+00
 -1.76522978e+00
 -1.76565809e+00
 -1.76456089e+00
 -1.76147928e+00
 -1.75596959e+00
 -1.74762485e+00
 -1.73611190e+00
 -1.72120298e+00
 -1.70279292e+00
 -1.68090473e+00
 -1.65569382e+00
 -1.62745719e+00
 -1.59664057e+00
 -1.56382942e+00
 -1.52971870e+00
 -1.49507127e+00
 -1.46067977e+00
 -1.42733779e+00
 -1.39581783e+00
 -1.36685184e+00
 -1.34111252e+00
 -1.31919610e+00
 -1.30160782e+00
 -1.28875070e+00
 -1.28091781e+00
 -1.27828697e+00
 -1.73841697e+00
 -1.74080606e+00
 -1.74673456e+00
 -1.75348271e+00
 -1.75867598e+00
 -1.76118716e+00
 -1.76086389e+00
 -1.75787980e+00
 -1.75231735e+00
 -1.74406876e+00
 -1.73290054e+00
 -1.71854999e+00
 -1.70080467e+00
 -1.67955270e+00
 -1.65479840e+00
 -1.62665392e+00
 -1.59533662e+00
 -1.56118939e+00
 -1.52470857e+00
 -1.48654549e+00
 -1.44746539e+00
 -1.40828595e+00
 -1.36982925e+00
 -1.33289650e+00
 -1.29825459e+00
 -1.26662391e+00
 -1.23866369e+00
 -1.21495635e+00
 -1.19599345e+00
 -1.18216540e+00
 -1.17375472e+00
 -1.17093213e+00
 -1.76039102e+00
 -1.76023097e+00
 -1.75961187e+00
 -1.75820141e+00
 -1.75564290e+00
 -1.75162811e+00
 -1.74583986e+00
 -1.73791084e+00
 -1.72745732e+00
 -1.71412394e+00
 -1.69760359e+00
 -1.67765386e+00
 -1.65413413e+00
 -1.62704306e+00
 -1.59650672e+00
 -1.56272497e+00
 -1.52594926e+00
 -1.48652740e+00
 -1.44497870e+00
 -1.40202398e+00
 -1.35852072e+00
 -1.31535407e+00
 -1.27336975e+00
 -1.23336104e+00
 -1.19607262e+00
 -1.16220020e+00
 -1.13238185e+00
 -1.10718267e+00
 -1.08707916e+00
 -1.07244796e+00
 -1.06356033e+00
 -1.06057961e+00
 -1.77501998e+00
 -1.77173090e+00
 -1.76320928e+00
 -1.75233592e+00
 -1.74133613e+00
 -1.73069055e+00
 -1.71961293e+00
 -1.70699907e+00
 -1.69196350e+00
 -1.67392303e+00
 -1.65249966e+00
 -1.62744162e+00
 -1.59865178e+00
 -1.56625952e+00
 -1.53056002e+00
 -1.49184697e+00
 -1.45035763e+00
 -1.40637010e+00
 -1.36037273e+00
 -1.31317226e+00
 -1.26577864e+00
 -1.21917521e+00
 -1.17421849e+00
 -1.13166957e+00
 -1.09222860e+00
 -1.05654780e+00
 -1.02523410e+00
 -9.98835044e-01
 -9.77815619e-01
 -9.62541785e-01
 -9.53274056e-01
 -9.50167655e-01
 -1.71936518e+00
 -1.71860639e+00
 -1.71617424e+00
 -1.71167662e+00
 -1.70470213e+00
 -1.69500532e+00
 -1.68246182e+00
 -1.66692498e+00
 -1.64819581e+00
 -1.62607279e+00
 -1.60034211e+00
 -1.57075257e+00
 -1.53719917e+00
 -1.50001272e+00
 -1.45979082e+00
 -1.41692889e+00
 -1.37156804e+00
 -1.32379486e+00
 -1.27394961e+00
 -1.22296345e+00
 -1.17214919e+00
 -1.12264769e+00
 -1.07527702e+00
 -1.03073004e+00
 -9.89643443e-01
 -9.52594051e-01
 -9.20136806e-01
 -8.92804412e-01
 -8.71064042e-01
 -8.55281912e-01
 -8.45713517e-01
 -8.42507781e-01
 -1.66247712e+00
 -1.66378010e+00
 -1.66615695e+00
 -1.66643578e+00
 -1.66227561e+00
 -1.65306040e+00
 -1.63916592e+00
 -1.62107373e+00
 -1.59909609e+00
 -1.57343793e+00
 -1.54409053e+00
 -1.51064499e+00
 -1.47276040e+00
 -1.43114804e+00
 -1.38704800e+00
 -1.34089097e+00
 -1.29259773e+00
 -1.24192014e+00
 -1.18876916e+00
 -1.13426426e+00
 -1.08038462e+00
 -1.02853490e+00
 -9.79300245e-01
 -9.33271930e-01
 -8.91066113e-01
 -8.53113975e-01
 -8.19854135e-01
 -7.91811479e-01
 -7.69491970e-01
 -7.53291474e-01
 -7.43473996e-01
 -7.40185985e-01
 -1.64930442e+00
 -1.64760296e+00
 -1.64271654e+00
 -1.63502482e+00
 -1.62459173e+00
 -1.61107341e+00
 -1.59395826e+00
 -1.57280954e+00
 -1.54760961e+00
 -1.51883689e+00
 -1.48672085e+00
 -1.45031268e+00
 -1.40833272e+00
 -1.36234131e+00
 -1.31507410e+00
 -1.26653074e+00
 -1.21629364e+00
 -1.16379097e+00
 -1.10778910e+00
 -1.04967458e+00
 -9.92912984e-01
 -9.39411558e-01
 -8.88824395e-01
 -8.41694344e-01
 -7.98952060e-01
 -7.60660860e-01
 -7.26943409e-01
 -6.98344135e-01
 -6.75498968e-01
 -6.58895066e-01
 -6.48832874e-01
 -6.45463608e-01
 -1.62775854e+00
 -1.62401415e+00
 -1.61416352e+00
 -1.60083410e+00
 -1.58567061e+00
 -1.56873055e+00
 -1.54892984e+00
 -1.52484992e+00
 -1.49633146e+00
 -1.46478239e+00
 -1.43100353e+00
 -1.39305632e+00
 -1.34681947e+00
 -1.29586758e+00
 -1.24649656e+00
 -1.19644723e+00
 -1.14511654e+00
 -1.09228733e+00
 -1.03378358e+00
 -9.71412945e-01
 -9.11657191e-01
 -8.57747002e-01
 -8.06179539e-01
 -7.57856864e-01
 -7.15367429e-01
 -6.77557034e-01
 -6.43732289e-01
 -6.14610569e-01
 -5.91161941e-01
 -5.74068754e-01
 -5.63704812e-01
 -5.60234243e-01
 -1.57745884e+00
 -1.57536755e+00
 -1.56881104e+00
 -1.55787589e+00
 -1.54367624e+00
 -1.52691916e+00
 -1.50653543e+00
 -1.47988795e+00
 -1.44749165e+00
 -1.41345616e+00
 -1.37922131e+00
 -1.34226899e+00
 -1.29093181e+00
 -1.23337955e+00
 -1.18396550e+00
 -1.13302146e+00
 -1.08090174e+00
 -1.03005120e+00
 -9.69196060e-01
 -9.01360503e-01
 -8.37812289e-01
 -7.86136405e-01
 -7.33587694e-01
 -6.82750472e-01
 -6.42019105e-01
 -6.05933824e-01
 -5.72253548e-01
 -5.42437758e-01
 -5.18144593e-01
 -5.00389928e-01
 -4.89628493e-01
 -4.86023306e-01
 -1.53506975e+00
 -1.53264557e+00
 -1.52591735e+00
 -1.51585618e+00
 -1.50347632e+00
 -1.48890503e+00
 -1.47012948e+00
 -1.44072356e+00
 -1.40283013e+00
 -1.36706522e+00
 -1.33282706e+00
 -1.30125792e+00
 -1.24304343e+00
 -1.17592656e+00
 -1.13028733e+00
 -1.07840514e+00
 -1.02474292e+00
 -9.79394792e-01
 -9.15782259e-01
 -8.41393995e-01
 -7.71708592e-01
 -7.27461336e-01
 -6.73263550e-01
 -6.16165067e-01
 -5.80622962e-01
 -5.47623603e-01
 -5.14038920e-01
 -4.83098769e-01
 -4.57522533e-01
 -4.38946407e-01
 -4.27749060e-01
 -4.23998630e-01
 -1.49597962e+00
 -1.49347041e+00
 -1.48719910e+00
 -1.47865948e+00
 -1.46865295e+00
 -1.45726655e+00
 -1.44267780e+00
 -1.40985407e+00
 -1.36348075e+00
 -1.32843195e+00
 -1.29241424e+00
 -1.27257147e+00
 -1.20492836e+00
 -1.12464943e+00
 -1.08812855e+00
 -1.03444797e+00
 -9.77320580e-01
 -9.42007921e-01
 -8.74164164e-01
 -7.93737627e-01
 -7.13355643e-01
 -6.84364738e-01
 -6.27265079e-01
 -5.57068830e-01
 -5.33489741e-01
 -5.03485634e-01
 -4.69905371e-01
 -4.37226339e-01
 -4.09633442e-01
 -3.90254722e-01
 -3.78815220e-01
 -3.75011378e-01
 -1.46058199e+00
 -1.45883974e+00
 -1.45521007e+00
 -1.44966312e+00
 -1.44179535e+00
 -1.43323095e+00
 -1.42537690e+00
 -1.38886258e+00
 -1.33068172e+00
 -1.30066971e+00
 -1.25882127e+00
 -1.25662517e+00
 -1.17751246e+00
 -1.08213741e+00
 -1.05905780e+00
 -1.00252528e+00
 -9.39860229e-01
 -9.18200048e-01
 -8.44020171e-01
 -7.60414357e-01
 -6.64351871e-01
 -6.57612200e-01
 -5.96702666e-01
 -5.05944428e-01
 -5.02935263e-01
 -4.72612835e-01
 -4.40015762e-01
 -4.04861234e-01
 -3.74404435e-01
 -3.54401656e-01
 -3.43226581e-01
 -3.39651433e-01
 -1.43508036e+00
 -1.43483395e+00
 -1.43471300e+00
 -1.43185678e+00
 -1.42483157e+00
 -1.41772202e+00
 -1.41690432e+00
 -1.37758330e+00
 -1.30751880e+00
 -1.28513666e+00
 -1.23511304e+00
 -1.25050352e+00
 -1.16102945e+00
 -1.05309569e+00
 -1.04273555e+00
 -9.83337551e-01
 -9.15027170e-01
 -9.06129413e-01
 -8.25280255e-01
 -7.41691691e-01
 -6.29900500e-01
 -6.44659134e-01
 -5.80505110e-01
 -4.68355578e-01
 -4.88264319e-01
 -4.53567380e-01
 -4.23641949e-01
 -3.85576096e-01
 -3.52420796e-01
 -3.31713962e-01
 -3.21308212e-01
 -3.18297165e-01
 -1.42573700e+00
 -1.42669519e+00
 -1.42797239e+00
 -1.42603747e+00
 -1.41903658e+00
 -1.41225599e+00
 -1.41454841e+00
 -1.37421312e+00
 -1.29891237e+00
 -1.28039834e+00
 -1.22631623e+00
 -1.24930545e+00
 -1.15552188e+00
 -1.04265586e+00
 -1.03758873e+00
 -9.76967302e-01
 -9.06206993e-01
 -9.02648304e-01
 -8.18818879e-01
 -7.35847632e-01
 -6.17230210e-01
 -6.41086447e-01
 -5.75688822e-01
 -4.54065731e-01
 -4.84492968e-01
 -4.46877980e-01
 -4.18670782e-01
 -3.79115393e-01
 -3.44919311e-01
 -3.23717727e-01
 -3.13823810e-01
 -3.11157000e-01
