 1.22594700e+00
 1.22225584e+00
 1.21227963e+00
 1.19914413e+00
 1.18752357e+00
 1.18289976e+00
 1.18761222e+00
 1.17954559e+00
 1.15655179e+00
 1.13171797e+00
 1.10728868e+00
 1.08354981e+00
 1.04368656e+00
 1.01912443e+00
 9.68614165e-01
 9.22406781e-01
 8.85018640e-01
 8.54997596e-01
 8.30406387e-01
 7.85721239e-01
 7.29188508e-01
 7.14664835e-01
 6.82153253e-01
 6.45905398e-01
 6.04071234e-01
 5.76370112e-01
 5.45691069e-01
 5.33385254e-01
 5.28490059e-01
 5.24616756e-01
 5.21266167e-01
 5.19887000e-01
 1.21809659e+00
 1.21617638e+00
 1.20918264e+00
 1.19790556e+00
 1.18690654e+00
 1.18181361e+00
 1.18457856e+00
 1.17609583e+00
 1.15372085e+00
 1.12890438e+00
 1.10436801e+00
 1.07978682e+00
 1.04090677e+00
 1.01476650e+00
 9.65313925e-01
 9.19233913e-01
 8.81675059e-01
 8.51183758e-01
 8.25484763e-01
 7.81008637e-01
 7.26478607e-01
 7.09443209e-01
 6.77251680e-01
 6.40850541e-01
 6.00220757e-01
 5.71820949e-01
 5.42675014e-01
 5.29611534e-01
 5.24020297e-01
 5.19937268e-01
 5.17342577e-01
 5.16467793e-01
 1.20118066e+00
 1.20200070e+00
 1.20067160e+00
 1.19367209e+00
 1.18419334e+00
 1.17776866e+00
 1.17589753e+00
 1.16609380e+00
 1.14503245e+00
 1.12033793e+00
 1.09534766e+00
 1.06880868e+00
 1.03200385e+00
 1.00216878e+00
 9.55158163e-01
 9.09547488e-01
 8.71455022e-01
 8.39616713e-01
 8.11002861e-01
 7.67219688e-01
 7.17338049e-01
 6.94409347e-01
 6.62542766e-01
 6.26117155e-01
 5.88143573e-01
 5.58718605e-01
 5.32567490e-01
 5.17983444e-01
 5.10508561e-01
 5.05954274e-01
 5.04264165e-01
 5.04005048e-01
 1.18993453e+00
 1.19061530e+00
 1.19053296e+00
 1.18595624e+00
 1.17747306e+00
 1.16910791e+00
 1.16217155e+00
 1.15023000e+00
 1.13012085e+00
 1.10561103e+00
 1.07970947e+00
 1.05109561e+00
 1.01588180e+00
 9.82215178e-01
 9.37637580e-01
 8.92847618e-01
 8.53886282e-01
 8.20002155e-01
 7.87675542e-01
 7.44970928e-01
 6.99769430e-01
 6.70698090e-01
 6.38319390e-01
 6.02445499e-01
 5.67079655e-01
 5.37618945e-01
 5.13610168e-01
 4.97557084e-01
 4.87524052e-01
 4.81385130e-01
 4.78566050e-01
 4.77805808e-01
 1.19238736e+00
 1.19051402e+00
 1.18482509e+00
 1.17590724e+00
 1.16524717e+00
 1.15436836e+00
 1.14328602e+00
 1.12885081e+00
 1.10871559e+00
 1.08413030e+00
 1.05701452e+00
 1.02666629e+00
 9.91820808e-01
 9.55344103e-01
 9.12352669e-01
 8.68432717e-01
 8.28400788e-01
 7.92077179e-01
 7.56259958e-01
 7.14559312e-01
 6.72466696e-01
 6.38909348e-01
 6.05316883e-01
 5.70283365e-01
 5.36895239e-01
 5.08197393e-01
 4.85010123e-01
 4.67523229e-01
 4.54436548e-01
 4.44644203e-01
 4.38371442e-01
 4.36193183e-01
 1.18746162e+00
 1.18231459e+00
 1.17045559e+00
 1.15737747e+00
 1.14486329e+00
 1.13223708e+00
 1.11838398e+00
 1.10162503e+00
 1.08056423e+00
 1.05536220e+00
 1.02691700e+00
 9.95089276e-01
 9.59635856e-01
 9.21373196e-01
 8.79056192e-01
 8.35677980e-01
 7.94511883e-01
 7.55753725e-01
 7.17182030e-01
 6.75981149e-01
 6.35322818e-01
 5.99105642e-01
 5.64269771e-01
 5.29912745e-01
 4.97886909e-01
 4.70024970e-01
 4.47052201e-01
 4.28669999e-01
 4.13783971e-01
 4.01466310e-01
 3.92362391e-01
 3.88829587e-01
 1.12520387e+00
 1.12601188e+00
 1.12615591e+00
 1.12235962e+00
 1.11398557e+00
 1.10185385e+00
 1.08650756e+00
 1.06779423e+00
 1.04528057e+00
 1.01892977e+00
 9.89086799e-01
 9.55856989e-01
 9.19333889e-01
 8.79858677e-01
 8.37561893e-01
 7.94243805e-01
 7.51965441e-01
 7.11106049e-01
 6.70530012e-01
 6.29268327e-01
 5.88964583e-01
 5.51338324e-01
 5.15644630e-01
 4.81685661e-01
 4.50512994e-01
 4.23234921e-01
 4.00453083e-01
 3.82374199e-01
 3.69130508e-01
 3.60788544e-01
 3.56791193e-01
 3.55744125e-01
 1.09294484e+00
 1.09220986e+00
 1.08996179e+00
 1.08535182e+00
 1.07693579e+00
 1.06411563e+00
 1.04721641e+00
 1.02661427e+00
 1.00238673e+00
 9.74550702e-01
 9.43243738e-01
 9.08625400e-01
 8.70910228e-01
 8.30444534e-01
 7.87773047e-01
 7.44123884e-01
 7.00820888e-01
 6.58335575e-01
 6.16338287e-01
 5.74688565e-01
 5.34264060e-01
 4.95946630e-01
 4.59828387e-01
 4.26112946e-01
 3.95437853e-01
 3.68440062e-01
 3.45525270e-01
 3.27009022e-01
 3.13275440e-01
 3.04482022e-01
 3.00017312e-01
 2.98727611e-01
 1.06515456e+00
 1.06359229e+00
 1.05842507e+00
 1.04916230e+00
 1.03609677e+00
 1.01971074e+00
 1.00018814e+00
 9.77475807e-01
 9.51444984e-01
 9.22018214e-01
 8.89242528e-01
 8.53280443e-01
 8.14406193e-01
 7.73035358e-01
 7.29797954e-01
 6.85624405e-01
 6.41456237e-01
 5.97821774e-01
 5.54860344e-01
 5.12786177e-01
 4.72170438e-01
 4.33594674e-01
 3.97405625e-01
 3.63949966e-01
 3.33660087e-01
 3.06866873e-01
 2.83624454e-01
 2.63669436e-01
 2.46617035e-01
 2.32564487e-01
 2.22754106e-01
 2.19151442e-01
 1.03432286e+00
 1.02984586e+00
 1.01816317e+00
 1.00256483e+00
 9.85027627e-01
 9.65753135e-01
 9.44180900e-01
 9.19761713e-01
 8.92170363e-01
 8.61286124e-01
 8.27155898e-01
 7.89970499e-01
 7.50053585e-01
 7.07869401e-01
 6.64044830e-01
 6.19352079e-01
 5.74552939e-01
 5.30210972e-01
 4.86698522e-01
 4.44385204e-01
 4.03742506e-01
 3.65243203e-01
 3.29285369e-01
 2.96242715e-01
 2.66482026e-01
 2.40309142e-01
 2.17925793e-01
 1.99435400e-01
 1.84893774e-01
 1.74375241e-01
 1.67991220e-01
 1.65848232e-01
 9.39304824e-01
 9.38789677e-01
 9.36075920e-01
 9.29083253e-01
 9.16855197e-01
 8.99724012e-01
 8.78379157e-01
 8.53283257e-01
 8.24651335e-01
 7.92618358e-01
 7.57362663e-01
 7.19157652e-01
 6.78387321e-01
 6.35551826e-01
 5.91264780e-01
 5.46217856e-01
 5.01092308e-01
 4.56469369e-01
 4.12824407e-01
 3.70594904e-01
 3.30222440e-01
 2.92129663e-01
 2.56697895e-01
 2.24277756e-01
 1.95203774e-01
 1.69816625e-01
 1.48520827e-01
 1.31830802e-01
 1.20216099e-01
 1.13589989e-01
 1.10822766e-01
 1.10189024e-01
 8.74798388e-01
 8.72743828e-01
 8.66757863e-01
 8.57051194e-01
 8.43544848e-01
 8.26044102e-01
 8.04477512e-01
 7.78931793e-01
 7.49596495e-01
 7.16724371e-01
 6.80623140e-01
 6.41665033e-01
 6.00299499e-01
 5.57059517e-01
 5.12553801e-01
 4.67435779e-01
 4.22349863e-01
 3.77881665e-01
 3.34544917e-01
 2.92800790e-01
 2.53073681e-01
 2.15747641e-01
 1.81159641e-01
 1.49599166e-01
 1.21304620e-01
 9.64429881e-02
 7.50595538e-02
 5.70182101e-02
 4.20688760e-02
 3.02246534e-02
 2.22316160e-02
 1.93485103e-02
 7.99486044e-01
 7.96892062e-01
 7.89584560e-01
 7.78483524e-01
 7.64055987e-01
 7.46084243e-01
 7.24167052e-01
 6.98168611e-01
 6.68257693e-01
 6.34766099e-01
 5.98093025e-01
 5.58683864e-01
 5.17038073e-01
 4.73714532e-01
 4.29322933e-01
 3.84498662e-01
 3.39866317e-01
 2.96006308e-01
 2.53438669e-01
 2.12623116e-01
 1.73962340e-01
 1.37800978e-01
 1.04423309e-01
 7.40532132e-02
 4.68559037e-02
 2.29417067e-02
 2.38125691e-03
 -1.47473370e-02
 -2.82891419e-02
 -3.80213317e-02
 -4.38107717e-02
 -4.57158580e-02
 6.96934789e-01
 6.96767952e-01
 6.95123731e-01
 6.89608011e-01
 6.78491190e-01
 6.61518668e-01
 6.39337892e-01
 6.12704845e-01
 5.82188967e-01
 5.48231568e-01
 5.11255916e-01
 4.71724774e-01
 4.30157041e-01
 3.87124770e-01
 3.43238394e-01
 2.99122536e-01
 2.55386757e-01
 2.12599028e-01
 1.71268673e-01
 1.31839074e-01
 9.46851633e-02
 6.01118038e-02
 2.83534036e-02
 -4.21676876e-04
 -2.60951571e-02
 -4.85625036e-02
 -6.76794351e-02
 -8.32354697e-02
 -9.50329261e-02
 -1.03067380e-01
 -1.07619357e-01
 -1.09076852e-01
 6.48262737e-01
 6.44431736e-01
 6.33719966e-01
 6.17925052e-01
 5.98684647e-01
 5.76707233e-01
 5.51919528e-01
 5.24037446e-01
 4.92943985e-01
 4.58765364e-01
 4.21814783e-01
 3.82529526e-01
 3.41430626e-01
 2.99095704e-01
 2.56134283e-01
 2.13161490e-01
 1.70771324e-01
 1.29513316e-01
 8.98759223e-02
 5.22771835e-02
 1.70605478e-02
 -1.55064864e-02
 -4.52320449e-02
 -7.19977931e-02
 -9.57544761e-02
 -1.16514976e-01
 -1.34343709e-01
 -1.49328656e-01
 -1.61502577e-01
 -1.70712830e-01
 -1.76562474e-01
 -1.78583099e-01
 5.50157067e-01
 5.46600898e-01
 5.36862065e-01
 5.22722707e-01
 5.05264377e-01
 4.84594787e-01
 4.60498504e-01
 4.32918865e-01
 4.02022523e-01
 3.68119254e-01
 3.31610439e-01
 2.92972882e-01
 2.52747685e-01
 2.11522018e-01
 1.69904989e-01
 1.28501467e-01
 8.78871724e-02
 4.85876916e-02
 1.10633335e-02
 -2.42996321e-02
 -5.71920860e-02
 -8.73809044e-02
 -1.14705189e-01
 -1.39071891e-01
 -1.60452775e-01
 -1.78882006e-01
 -1.94445925e-01
 -2.07249069e-01
 -2.17352757e-01
 -2.24722327e-01
 -2.29236110e-01
 -2.30760032e-01
 4.13461178e-01
 4.14976732e-01
 4.17176654e-01
 4.15374823e-01
 4.06504574e-01
 3.90367033e-01
 3.68291965e-01
 3.41666399e-01
 3.11437193e-01
 2.78229864e-01
 2.42562017e-01
 2.04961267e-01
 1.65996777e-01
 1.26269332e-01
 8.63880184e-02
 4.69452820e-02
 8.49451479e-03
 -2.84681758e-02
 -6.35170072e-02
 -9.63036964e-02
 -1.26558511e-01
 -1.54085465e-01
 -1.78752618e-01
 -2.00479259e-01
 -2.19222407e-01
 -2.34965169e-01
 -2.47711933e-01
 -2.57504999e-01
 -2.64480247e-01
 -2.68935488e-01
 -2.71315828e-01
 -2.72049358e-01
 3.89984363e-01
 3.84093849e-01
 3.68719916e-01
 3.48521772e-01
 3.26759059e-01
 3.04075826e-01
 2.79714629e-01
 2.52887849e-01
 2.23289419e-01
 1.91045528e-01
 1.56544919e-01
 1.20314397e-01
 8.29465169e-02
 4.50559671e-02
 7.24940351e-03
 -2.98977561e-02
 -6.58599525e-02
 -1.00176291e-01
 -1.32461381e-01
 -1.62411327e-01
 -1.89803731e-01
 -2.14491100e-01
 -2.36388181e-01
 -2.55455565e-01
 -2.71685275e-01
 -2.85099144e-01
 -2.95770229e-01
 -3.03857610e-01
 -3.09617319e-01
 -3.13368757e-01
 -3.15439852e-01
 -3.16095136e-01
 2.62727418e-01
 2.61097883e-01
 2.55804156e-01
 2.46216268e-01
 2.32244902e-01
 2.14243484e-01
 1.92566610e-01
 1.67468647e-01
 1.39244987e-01
 1.08323620e-01
 7.52512954e-02
 4.06417784e-02
 5.13100872e-03
 -3.06537966e-02
 -6.61158196e-02
 -1.00704888e-01
 -1.33930357e-01
 -1.65372000e-01
 -1.94689192e-01
 -2.21627077e-01
 -2.46017592e-01
 -2.67774126e-01
 -2.86880386e-01
 -3.03375547e-01
 -3.17338014e-01
 -3.28871079e-01
 -3.38100896e-01
 -3.45202675e-01
 -3.50434901e-01
 -3.54087860e-01
 -3.56318387e-01
 -3.57082910e-01
 1.51081634e-01
 1.51612430e-01
 1.52078868e-01
 1.49904659e-01
 1.42765616e-01
 1.29730941e-01
 1.11161045e-01
 8.79891467e-02
 6.11935911e-02
 3.16367660e-02
 8.19316390e-05
 -3.27665207e-02
 -6.62450559e-02
 -9.97320817e-02
 -1.32656314e-01
 -1.64504979e-01
 -1.94830465e-01
 -2.23257300e-01
 -2.49490851e-01
 -2.73325574e-01
 -2.94648851e-01
 -3.13438256e-01
 -3.29752918e-01
 -3.43722528e-01
 -3.55535351e-01
 -3.65414202e-01
 -3.73554073e-01
 -3.80016894e-01
 -3.84688392e-01
 -3.87483446e-01
 -3.88703498e-01
 -3.88992255e-01
 1.09240250e-01
 1.06881242e-01
 1.00214310e-01
 9.00279136e-02
 7.67282219e-02
 6.01801666e-02
 4.01745365e-02
 1.68285008e-02
 -9.40367765e-03
 -3.78991527e-02
 -6.79921214e-02
 -9.90243917e-02
 -1.30366180e-01
 -1.61433621e-01
 -1.91701580e-01
 -2.20708727e-01
 -2.48058443e-01
 -2.73421332e-01
 -2.96545329e-01
 -3.17268821e-01
 -3.35528396e-01
 -3.51358344e-01
 -3.64879903e-01
 -3.76285141e-01
 -3.85828256e-01
 -3.93835305e-01
 -4.00731773e-01
 -4.07039327e-01
 -4.13194271e-01
 -4.19083898e-01
 -4.23668866e-01
 -4.25442572e-01
 5.74097487e-02
 5.46726650e-02
 4.67686845e-02
 3.44175373e-02
 1.83970023e-02
 -6.66575640e-04
 -2.23434140e-02
 -4.63242079e-02
 -7.22931956e-02
 -9.98482112e-02
 -1.28493484e-01
 -1.57671968e-01
 -1.86816033e-01
 -2.15399516e-01
 -2.42960694e-01
 -2.69102470e-01
 -2.93486756e-01
 -3.15827194e-01
 -3.35904843e-01
 -3.53591939e-01
 -3.68862356e-01
 -3.81795946e-01
 -3.92562987e-01
 -4.01384094e-01
 -4.08486168e-01
 -4.14061514e-01
 -4.18222364e-01
 -4.20984081e-01
 -4.22367546e-01
 -4.22625933e-01
 -4.22342836e-01
 -4.22157516e-01
 9.12709282e-04
 -1.38969158e-03
 -8.49517818e-03
 -2.05168365e-02
 -3.68821088e-02
 -5.65503281e-02
 -7.86028201e-02
 -1.02471381e-01
 -1.27793742e-01
 -1.54222982e-01
 -1.81336807e-01
 -2.08622179e-01
 -2.35539169e-01
 -2.61622491e-01
 -2.86487700e-01
 -3.09809812e-01
 -3.31321645e-01
 -3.50769185e-01
 -3.67948102e-01
 -3.82755275e-01
 -3.95183441e-01
 -4.05345725e-01
 -4.13470609e-01
 -4.19827545e-01
 -4.24650385e-01
 -4.28103189e-01
 -4.30250009e-01
 -4.31009910e-01
 -4.30232136e-01
 -4.28093295e-01
 -4.25633540e-01
 -4.24521915e-01
 -4.30129754e-02
 -4.66536632e-02
 -5.66759246e-02
 -7.11553823e-02
 -8.84904417e-02
 -1.07916203e-01
 -1.29161224e-01
 -1.52011012e-01
 -1.76147209e-01
 -2.01182184e-01
 -2.26681840e-01
 -2.52080790e-01
 -2.76774932e-01
 -3.00385187e-01
 -3.22626160e-01
 -3.43228598e-01
 -3.62041025e-01
 -3.78810174e-01
 -3.93307862e-01
 -4.05470717e-01
 -4.15274098e-01
 -4.22836361e-01
 -4.28475486e-01
 -4.32570658e-01
 -4.35418020e-01
 -4.37266751e-01
 -4.38509600e-01
 -4.39805469e-01
 -4.41941612e-01
 -4.45233609e-01
 -4.48688329e-01
 -4.50226189e-01
 -1.05441538e-01
 -1.07783068e-01
 -1.14427001e-01
 -1.24677495e-01
 -1.38111177e-01
 -1.54529003e-01
 -1.73622062e-01
 -1.94830362e-01
 -2.17457436e-01
 -2.40927832e-01
 -2.64844843e-01
 -2.88491227e-01
 -3.10978730e-01
 -3.32180510e-01
 -3.51952327e-01
 -3.69948426e-01
 -3.86322210e-01
 -4.00713758e-01
 -4.12778194e-01
 -4.22614846e-01
 -4.30083891e-01
 -4.35237581e-01
 -4.38533240e-01
 -4.40565349e-01
 -4.41702670e-01
 -4.42014913e-01
 -4.41665736e-01
 -4.41031954e-01
 -4.40417555e-01
 -4.39802254e-01
 -4.39136359e-01
 -4.38803509e-01
 -1.67843244e-01
 -1.67597622e-01
 -1.68142424e-01
 -1.71942918e-01
 -1.80495748e-01
 -1.93801214e-01
 -2.10971617e-01
 -2.30756292e-01
 -2.51910305e-01
 -2.73710253e-01
 -2.96241772e-01
 -3.18522593e-01
 -3.38725133e-01
 -3.57615403e-01
 -3.75243664e-01
 -3.90645442e-01
 -4.04972485e-01
 -4.17387460e-01
 -4.27202666e-01
 -4.35143946e-01
 -4.40647575e-01
 -4.43587356e-01
 -4.44618532e-01
 -4.44731617e-01
 -4.44585106e-01
 -4.43739611e-01
 -4.41798049e-01
 -4.38844287e-01
 -4.35277471e-01
 -4.31855077e-01
 -4.29504086e-01
 -4.28707502e-01
 -1.94347938e-01
 -1.94928131e-01
 -1.97160010e-01
 -2.02198251e-01
 -2.11052846e-01
 -2.24108015e-01
 -2.40912872e-01
 -2.60051708e-01
 -2.79981703e-01
 -2.99805401e-01
 -3.21300589e-01
 -3.43094332e-01
 -3.60582243e-01
 -3.77303751e-01
 -3.93488786e-01
 -4.05951716e-01
 -4.18876091e-01
 -4.29840662e-01
 -4.37349553e-01
 -4.44032525e-01
 -4.47990326e-01
 -4.48920351e-01
 -4.47709594e-01
 -4.45821440e-01
 -4.45109662e-01
 -4.43975552e-01
 -4.41303069e-01
 -4.37197223e-01
 -4.32216387e-01
 -4.27026195e-01
 -4.22734258e-01
 -4.21002442e-01
 -2.05782979e-01
 -2.07721463e-01
 -2.13218519e-01
 -2.21601025e-01
 -2.32424765e-01
 -2.46517314e-01
 -2.64273242e-01
 -2.83324673e-01
 -3.02469753e-01
 -3.19472607e-01
 -3.40355180e-01
 -3.63355702e-01
 -3.76993294e-01
 -3.91789416e-01
 -4.07876345e-01
 -4.16350463e-01
 -4.28958525e-01
 -4.39119092e-01
 -4.43823593e-01
 -4.50242404e-01
 -4.53011669e-01
 -4.52160774e-01
 -4.48864484e-01
 -4.44298902e-01
 -4.44181258e-01
 -4.43695601e-01
 -4.41126956e-01
 -4.36723468e-01
 -4.32073037e-01
 -4.28297222e-01
 -4.25747764e-01
 -4.24853282e-01
 -2.15823674e-01
 -2.18727404e-01
 -2.26386020e-01
 -2.36619257e-01
 -2.47670440e-01
 -2.62198225e-01
 -2.82326709e-01
 -3.00920558e-01
 -3.20343790e-01
 -3.33023046e-01
 -3.53674302e-01
 -3.80382148e-01
 -3.88301617e-01
 -4.01585993e-01
 -4.19562292e-01
 -4.22263676e-01
 -4.36123771e-01
 -4.46134903e-01
 -4.47139945e-01
 -4.54653803e-01
 -4.56393506e-01
 -4.53972137e-01
 -4.49297464e-01
 -4.40402704e-01
 -4.42826062e-01
 -4.43286804e-01
 -4.41628914e-01
 -4.36476821e-01
 -4.31810490e-01
 -4.30081982e-01
 -4.29797964e-01
 -4.29851053e-01
 -2.27150715e-01
 -2.30603410e-01
 -2.39037391e-01
 -2.49112181e-01
 -2.57928093e-01
 -2.71467530e-01
 -2.96285668e-01
 -3.12654082e-01
 -3.34281140e-01
 -3.41071710e-01
 -3.61778729e-01
 -3.94422655e-01
 -3.95040606e-01
 -4.07366559e-01
 -4.29075211e-01
 -4.24466817e-01
 -4.41086947e-01
 -4.51388262e-01
 -4.48028521e-01
 -4.57860085e-01
 -4.58596227e-01
 -4.54720166e-01
 -4.50085863e-01
 -4.34680855e-01
 -4.42215115e-01
 -4.42523138e-01
 -4.43217595e-01
 -4.35920312e-01
 -4.29450938e-01
 -4.28849420e-01
 -4.30526585e-01
 -4.31576154e-01
 -2.36683525e-01
 -2.40355632e-01
 -2.48918905e-01
 -2.57803050e-01
 -2.63744726e-01
 -2.75169411e-01
 -3.06165496e-01
 -3.18678355e-01
 -3.43840426e-01
 -3.44818392e-01
 -3.65750095e-01
 -4.04266973e-01
 -3.98232978e-01
 -4.10112304e-01
 -4.35773623e-01
 -4.24491277e-01
 -4.44150205e-01
 -4.54813257e-01
 -4.47671657e-01
 -4.59963875e-01
 -4.59882844e-01
 -4.54756597e-01
 -4.51350244e-01
 -4.29019085e-01
 -4.42731324e-01
 -4.41275869e-01
 -4.45563338e-01
 -4.35238999e-01
 -4.26296619e-01
 -4.25783531e-01
 -4.29088136e-01
 -4.30987204e-01
 -2.40429000e-01
 -2.44173303e-01
 -2.52871345e-01
 -2.60955627e-01
 -2.65658986e-01
 -2.75837930e-01
 -3.09959779e-01
 -3.20351746e-01
 -3.47371217e-01
 -3.45809237e-01
 -3.66877332e-01
 -4.07888446e-01
 -3.99106173e-01
 -4.10869599e-01
 -4.38256338e-01
 -4.24204242e-01
 -4.45212352e-01
 -4.56025058e-01
 -4.47360004e-01
 -4.60718543e-01
 -4.60317766e-01
 -4.54654672e-01
 -4.52024893e-01
 -4.26558568e-01
 -4.43222936e-01
 -4.40564295e-01
 -4.46792006e-01
 -4.34895263e-01
 -4.24853341e-01
 -4.24012459e-01
 -4.28091203e-01
 -4.30428000e-01
