 2.75987300e+00
 2.75876859e+00
 2.73918299e+00
 2.68981441e+00
 2.65073800e+00
 2.62347542e+00
 2.61280439e+00
 2.61202829e+00
 2.61061540e+00
 2.61401833e+00
 2.61694900e+00
 2.75987667e+00
 2.75562792e+00
 2.73528715e+00
 2.69093166e+00
 2.65135187e+00
 2.62371649e+00
 2.61183668e+00
 2.60966491e+00
 2.60798573e+00
 2.60696993e+00
 2.60477946e+00
 2.75963819e+00
 2.75227843e+00
 2.72971831e+00
 2.69214192e+00
 2.65325042e+00
 2.62469922e+00
 2.61030231e+00
 2.60567153e+00
 2.60348978e+00
 2.59912818e+00
 2.59538314e+00
 2.75863797e+00
 2.75051394e+00
 2.72726138e+00
 2.69280169e+00
 2.65607429e+00
 2.62743198e+00
 2.61145495e+00
 2.60596747e+00
 2.60668796e+00
 2.61102413e+00
 2.61419358e+00
 2.75658337e+00
 2.74858226e+00
 2.72605962e+00
 2.69376028e+00
 2.65979304e+00
 2.63291575e+00
 2.61774023e+00
 2.61338901e+00
 2.61592757e+00
 2.61998980e+00
 2.62149614e+00
 2.75372451e+00
 2.74608029e+00
 2.72480698e+00
 2.69499943e+00
 2.66451233e+00
 2.64116010e+00
 2.62902466e+00
 2.62723669e+00
 2.63184883e+00
 2.63831408e+00
 2.64157333e+00
 2.75055683e+00
 2.74333724e+00
 2.72353537e+00
 2.69653834e+00
 2.67007948e+00
 2.65133187e+00
 2.64369951e+00
 2.64558278e+00
 2.65153412e+00
 2.65557252e+00
 2.65637550e+00
 2.74742970e+00
 2.74069277e+00
 2.72247292e+00
 2.69837554e+00
 2.67602755e+00
 2.66212172e+00
 2.65954625e+00
 2.66647374e+00
 2.67787780e+00
 2.68819290e+00
 2.69250695e+00
 2.74468440e+00
 2.73841836e+00
 2.72169796e+00
 2.70021572e+00
 2.68146008e+00
 2.67176060e+00
 2.67359668e+00
 2.68482737e+00
 2.70036085e+00
 2.71419223e+00
 2.71985009e+00
 2.74279228e+00
 2.73688021e+00
 2.72124648e+00
 2.70159782e+00
 2.68529612e+00
 2.67843472e+00
 2.68319703e+00
 2.69700695e+00
 2.71397147e+00
 2.72782741e+00
 2.73358179e+00
 2.74211700e+00
 2.73633334e+00
 2.72110446e+00
 2.70211567e+00
 2.68668246e+00
 2.68081940e+00
 2.68660736e+00
 2.70129452e+00
 2.71869507e+00
 2.73217649e+00
 2.73719400e+00
