 -2.45701000e-01
 -2.44782913e-01
 -2.45016455e-01
 -2.52879574e-01
 -2.71223967e-01
 -2.88511684e-01
 -2.80140011e-01
 -2.95346984e-01
 -3.08458763e-01
 -3.35266796e-01
 -3.30802550e-01
 -3.33846418e-01
 -3.50587672e-01
 -3.52659540e-01
 -3.82178259e-01
 -3.62308834e-01
 -3.58683196e-01
 -3.89822493e-01
 -4.06877317e-01
 -3.79784432e-01
 -3.76524598e-01
 -3.90866455e-01
 -3.92326767e-01
 -3.87029474e-01
 -3.69759005e-01
 -3.64150365e-01
 -3.58227832e-01
 -3.65374697e-01
 -3.69228766e-01
 -3.65289261e-01
 -3.58494743e-01
 -3.55309000e-01
 -2.48418520e-01
 -2.48196502e-01
 -2.49233444e-01
 -2.56474235e-01
 -2.73173121e-01
 -2.88723326e-01
 -2.83573596e-01
 -2.97353111e-01
 -3.10910236e-01
 -3.35596616e-01
 -3.32730722e-01
 -3.36045549e-01
 -3.51602341e-01
 -3.54849298e-01
 -3.81589098e-01
 -3.63997253e-01
 -3.60817708e-01
 -3.89908662e-01
 -4.05569203e-01
 -3.80894311e-01
 -3.77422572e-01
 -3.90286743e-01
 -3.91613874e-01
 -3.86003516e-01
 -3.70006313e-01
 -3.63911245e-01
 -3.58731661e-01
 -3.64297089e-01
 -3.67061848e-01
 -3.63032265e-01
 -3.57119741e-01
 -3.54584938e-01
 -2.56749151e-01
 -2.57373076e-01
 -2.59783388e-01
 -2.66141199e-01
 -2.78989101e-01
 -2.91149714e-01
 -2.92367107e-01
 -3.03621092e-01
 -3.17534952e-01
 -3.37403925e-01
 -3.38134923e-01
 -3.42169020e-01
 -3.54940530e-01
 -3.60572091e-01
 -3.80706806e-01
 -3.68541348e-01
 -3.66552852e-01
 -3.90213143e-01
 -4.02378720e-01
 -3.83576715e-01
 -3.79665746e-01
 -3.88757338e-01
 -3.89460421e-01
 -3.83298245e-01
 -3.70145268e-01
 -3.63297861e-01
 -3.59221024e-01
 -3.61331922e-01
 -3.61645580e-01
 -3.57884233e-01
 -3.53876550e-01
 -3.52347165e-01
 -2.70773841e-01
 -2.71648131e-01
 -2.74414300e-01
 -2.79819686e-01
 -2.88875215e-01
 -2.98341223e-01
 -3.04197233e-01
 -3.13996280e-01
 -3.27064487e-01
 -3.42114406e-01
 -3.46226939e-01
 -3.51109025e-01
 -3.60951077e-01
 -3.68119303e-01
 -3.81228731e-01
 -3.74781099e-01
 -3.74216388e-01
 -3.90839926e-01
 -3.98814961e-01
 -3.86411681e-01
 -3.82137849e-01
 -3.86605932e-01
 -3.85953901e-01
 -3.79493316e-01
 -3.69074856e-01
 -3.62009914e-01
 -3.58021086e-01
 -3.56888745e-01
 -3.55034594e-01
 -3.51871932e-01
 -3.49315811e-01
 -3.48407116e-01
 -2.89180364e-01
 -2.89773562e-01
 -2.91803353e-01
 -2.95930023e-01
 -3.02553633e-01
 -3.10460178e-01
 -3.18122068e-01
 -3.27358773e-01
 -3.38726684e-01
 -3.50251416e-01
 -3.56276449e-01
 -3.61703946e-01
 -3.69263767e-01
 -3.76224687e-01
 -3.84038720e-01
 -3.81571556e-01
 -3.81925113e-01
 -3.91783650e-01
 -3.95897161e-01
 -3.88134366e-01
 -3.83572031e-01
 -3.83814280e-01
 -3.81280342e-01
 -3.74688534e-01
 -3.66038782e-01
 -3.59075512e-01
 -3.54342312e-01
 -3.51053529e-01
 -3.47952573e-01
 -3.45083857e-01
 -3.43142152e-01
 -3.42477056e-01
 -3.07308998e-01
 -3.07703054e-01
 -3.09393456e-01
 -3.13109844e-01
 -3.18871064e-01
 -3.26011145e-01
 -3.33820737e-01
 -3.42459198e-01
 -3.52026081e-01
 -3.61174397e-01
 -3.67616257e-01
 -3.72997779e-01
 -3.78810169e-01
 -3.84296339e-01
 -3.88671732e-01
 -3.87986647e-01
 -3.88271944e-01
 -3.92691444e-01
 -3.93567918e-01
 -3.88015643e-01
 -3.82976273e-01
 -3.79922332e-01
 -3.75404585e-01
 -3.68505906e-01
 -3.60605699e-01
 -3.53596590e-01
 -3.47990372e-01
 -3.43442958e-01
 -3.39635577e-01
 -3.36685906e-01
 -3.34833673e-01
 -3.34207124e-01
 -3.19276192e-01
 -3.20911204e-01
 -3.25076310e-01
 -3.30525860e-01
 -3.36669102e-01
 -3.43408673e-01
 -3.50662527e-01
 -3.58355113e-01
 -3.66273415e-01
 -3.73627083e-01
 -3.79451854e-01
 -3.84137695e-01
 -3.88340911e-01
 -3.91854820e-01
 -3.93847625e-01
 -3.93194061e-01
 -3.92445307e-01
 -3.92815749e-01
 -3.90959243e-01
 -3.85644375e-01
 -3.79737618e-01
 -3.74233959e-01
 -3.67901255e-01
 -3.60367755e-01
 -3.52442065e-01
 -3.45104705e-01
 -3.38758786e-01
 -3.33416313e-01
 -3.29084736e-01
 -3.25872810e-01
 -3.23898267e-01
 -3.23232953e-01
 -3.45442319e-01
 -3.46028414e-01
 -3.47935727e-01
 -3.51302482e-01
 -3.55955290e-01
 -3.61548001e-01
 -3.67728487e-01
 -3.74170829e-01
 -3.80507653e-01
 -3.86217457e-01
 -3.90801789e-01
 -3.94237891e-01
 -3.96723663e-01
 -3.98164061e-01
 -3.98120133e-01
 -3.96370183e-01
 -3.93930704e-01
 -3.91204115e-01
 -3.86920291e-01
 -3.80633372e-01
 -3.73471654e-01
 -3.66045203e-01
 -3.58111884e-01
 -3.49679394e-01
 -3.41242560e-01
 -3.33361018e-01
 -3.26365988e-01
 -3.20415207e-01
 -3.15624623e-01
 -3.12107849e-01
 -3.09958312e-01
 -3.09235156e-01
 -3.67163525e-01
 -3.67525944e-01
 -3.68741256e-01
 -3.71050663e-01
 -3.74522331e-01
 -3.78929632e-01
 -3.83866395e-01
 -3.88898217e-01
 -3.93615273e-01
 -3.97619302e-01
 -4.00579367e-01
 -4.02357150e-01
 -4.02947955e-01
 -4.02283989e-01
 -4.00201510e-01
 -3.96717733e-01
 -3.92241465e-01
 -3.86926904e-01
 -3.80385062e-01
 -3.72531683e-01
 -3.63859568e-01
 -3.54770838e-01
 -3.45396617e-01
 -3.35932363e-01
 -3.26739671e-01
 -3.18196570e-01
 -3.10586199e-01
 -3.04104556e-01
 -2.98900766e-01
 -2.95094084e-01
 -2.92773445e-01
 -2.91993743e-01
 -3.82014628e-01
 -3.82642161e-01
 -3.84406067e-01
 -3.87065344e-01
 -3.90386296e-01
 -3.94108633e-01
 -3.97912860e-01
 -4.01468624e-01
 -4.04469103e-01
 -4.06630081e-01
 -4.07709690e-01
 -4.07553216e-01
 -4.06088499e-01
 -4.03266422e-01
 -3.99052201e-01
 -3.93518627e-01
 -3.86867603e-01
 -3.79216107e-01
 -3.70530341e-01
 -3.60895801e-01
 -3.50612342e-01
 -3.39995897e-01
 -3.29296745e-01
 -3.18780457e-01
 -3.08755541e-01
 -2.99521947e-01
 -2.91328965e-01
 -2.84372002e-01
 -2.78803889e-01
 -2.74742262e-01
 -2.72271377e-01
 -2.71442071e-01
 -3.95053244e-01
 -3.95725195e-01
 -3.97652389e-01
 -4.00480396e-01
 -4.03625471e-01
 -4.06575590e-01
 -4.09056051e-01
 -4.10924768e-01
 -4.12034501e-01
 -4.12198033e-01
 -4.11224217e-01
 -4.08965192e-01
 -4.05336128e-01
 -4.00305894e-01
 -3.93895037e-01
 -3.86196107e-01
 -3.77361063e-01
 -3.67530545e-01
 -3.56820062e-01
 -3.45401619e-01
 -3.33534532e-01
 -3.21507178e-01
 -3.09600082e-01
 -2.98094507e-01
 -2.87271847e-01
 -2.77392846e-01
 -2.68680590e-01
 -2.61316857e-01
 -2.55445310e-01
 -2.51174953e-01
 -2.48582433e-01
 -2.47713242e-01
 -4.11233853e-01
 -4.11853759e-01
 -4.13275277e-01
 -4.14709957e-01
 -4.15752375e-01
 -4.16387976e-01
 -4.16633560e-01
 -4.16371812e-01
 -4.15387847e-01
 -4.13443827e-01
 -4.10330898e-01
 -4.05898943e-01
 -4.00068079e-01
 -3.92826511e-01
 -3.84225974e-01
 -3.74378671e-01
 -3.63442038e-01
 -3.51591590e-01
 -3.39015037e-01
 -3.25933692e-01
 -3.12609392e-01
 -2.99324091e-01
 -2.86360448e-01
 -2.73993777e-01
 -2.62483949e-01
 -2.52064410e-01
 -2.42934337e-01
 -2.35256575e-01
 -2.29159160e-01
 -2.24738017e-01
 -2.22059458e-01
 -2.21162336e-01
 -4.34951972e-01
 -4.33552171e-01
 -4.30191112e-01
 -4.26493073e-01
 -4.23459904e-01
 -4.21129886e-01
 -4.19052965e-01
 -4.16718658e-01
 -4.13706402e-01
 -4.09700509e-01
 -4.04478677e-01
 -3.97903372e-01
 -3.89916321e-01
 -3.80532374e-01
 -3.69832126e-01
 -3.57952763e-01
 -3.45074558e-01
 -3.31405783e-01
 -3.17175706e-01
 -3.02635919e-01
 -2.88057650e-01
 -2.73720426e-01
 -2.59899258e-01
 -2.46854661e-01
 -2.34824312e-01
 -2.24016203e-01
 -2.14604830e-01
 -2.06730790e-01
 -2.00502775e-01
 -1.96000604e-01
 -1.93278484e-01
 -1.92367710e-01
 -4.17891424e-01
 -4.18447788e-01
 -4.19509277e-01
 -4.19973695e-01
 -4.19285721e-01
 -4.17501954e-01
 -4.14790769e-01
 -4.11161322e-01
 -4.06491444e-01
 -4.00624322e-01
 -3.93429597e-01
 -3.84830673e-01
 -3.74815005e-01
 -3.63435444e-01
 -3.50805815e-01
 -3.37092354e-01
 -3.22502160e-01
 -3.07271245e-01
 -2.91655586e-01
 -2.75925081e-01
 -2.60356619e-01
 -2.45224631e-01
 -2.30791039e-01
 -2.17296609e-01
 -2.04954325e-01
 -1.93945229e-01
 -1.84417081e-01
 -1.76485630e-01
 -1.70237660e-01
 -1.65734933e-01
 -1.63018087e-01
 -1.62110013e-01
 -4.15247402e-01
 -4.14737510e-01
 -4.13549546e-01
 -4.12169791e-01
 -4.10540395e-01
 -4.08197153e-01
 -4.04739118e-01
 -3.99979509e-01
 -3.93848060e-01
 -3.86301765e-01
 -3.77309015e-01
 -3.66866836e-01
 -3.55018159e-01
 -3.41859713e-01
 -3.27541347e-01
 -3.12259423e-01
 -2.96246744e-01
 -2.79761414e-01
 -2.63076565e-01
 -2.46471296e-01
 -2.30221860e-01
 -2.14592665e-01
 -1.99827829e-01
 -1.86144342e-01
 -1.73727505e-01
 -1.62729002e-01
 -1.53267590e-01
 -1.45431969e-01
 -1.39285109e-01
 -1.34869178e-01
 -1.32210335e-01
 -1.31322595e-01
 -3.98641832e-01
 -3.99077802e-01
 -3.99786570e-01
 -3.99646256e-01
 -3.98003566e-01
 -3.94783913e-01
 -3.90082465e-01
 -3.83933272e-01
 -3.76313450e-01
 -3.67196802e-01
 -3.56584141e-01
 -3.44516499e-01
 -3.31081792e-01
 -3.16417147e-01
 -3.00706576e-01
 -2.84174331e-01
 -2.67075197e-01
 -2.49683380e-01
 -2.32281435e-01
 -2.15149930e-01
 -1.98557925e-01
 -1.82754400e-01
 -1.67961126e-01
 -1.54367605e-01
 -1.42128518e-01
 -1.31363826e-01
 -1.22161293e-01
 -1.14580934e-01
 -1.08660593e-01
 -1.04421887e-01
 -1.01875681e-01
 -1.01026547e-01
 -3.98487620e-01
 -3.97007126e-01
 -3.93239813e-01
 -3.88442275e-01
 -3.83291319e-01
 -3.77691583e-01
 -3.71243276e-01
 -3.63597793e-01
 -3.54548593e-01
 -3.44010795e-01
 -3.31987454e-01
 -3.18547178e-01
 -3.03812842e-01
 -2.87955497e-01
 -2.71188451e-01
 -2.53759251e-01
 -2.35939440e-01
 -2.18013092e-01
 -2.00265240e-01
 -1.82971063e-01
 -1.66386319e-01
 -1.50739427e-01
 -1.36225636e-01
 -1.23003667e-01
 -1.11195049e-01
 -1.00886084e-01
 -9.21320862e-02
 -8.49632717e-02
 -7.93915562e-02
 -7.54174402e-02
 -7.30362868e-02
 -7.22432296e-02
 -3.66105692e-01
 -3.66176278e-01
 -3.65847379e-01
 -3.64147053e-01
 -3.60588146e-01
 -3.55209017e-01
 -3.48164367e-01
 -3.39532128e-01
 -3.29339772e-01
 -3.17620695e-01
 -3.04442129e-01
 -2.89914961e-01
 -2.74195793e-01
 -2.57484461e-01
 -2.40017971e-01
 -2.22061549e-01
 -2.03897662e-01
 -1.85814061e-01
 -1.68091918e-01
 -1.50994963e-01
 -1.34760282e-01
 -1.19591268e-01
 -1.05653127e-01
 -9.30711632e-02
 -8.19318799e-02
 -7.22866794e-02
 -6.41576638e-02
 -5.75448801e-02
 -5.24342000e-02
 -4.88050599e-02
 -4.66372714e-02
 -4.59164095e-02
 -3.48084207e-01
 -3.47133734e-01
 -3.44633090e-01
 -3.41070515e-01
 -3.36400890e-01
 -3.30257208e-01
 -3.22414712e-01
 -3.12871332e-01
 -3.01716152e-01
 -2.89051667e-01
 -2.74992541e-01
 -2.59683388e-01
 -2.43308240e-01
 -2.26089995e-01
 -2.08283740e-01
 -1.90166732e-01
 -1.72026620e-01
 -1.54149052e-01
 -1.36805722e-01
 -1.20243748e-01
 -1.04677100e-01
 -9.02805891e-02
 -7.71867373e-02
 -6.54856518e-02
 -5.52277787e-02
 -4.64291753e-02
 -3.90787280e-02
 -3.31465778e-02
 -2.85929732e-02
 -2.53767427e-02
 -2.34627271e-02
 -2.28274630e-02
 -3.21152170e-01
 -3.21048258e-01
 -3.20058293e-01
 -3.17056532e-01
 -3.11689684e-01
 -3.04297794e-01
 -2.95254385e-01
 -2.84718970e-01
 -2.72739828e-01
 -2.59371781e-01
 -2.44719047e-01
 -2.28938794e-01
 -2.12234461e-01
 -1.94846973e-01
 -1.77044644e-01
 -1.59111680e-01
 -1.41335735e-01
 -1.23995295e-01
 -1.07347858e-01
 -9.16197893e-02
 -7.69985669e-02
 -6.36279108e-02
 -5.16060391e-02
 -4.09870578e-02
 -3.17852391e-02
 -2.39817226e-02
 -1.75329806e-02
 -1.23802903e-02
 -8.45938076e-03
 -5.70949745e-03
 -4.08114715e-03
 -3.54209047e-03
 -3.12633639e-01
 -3.09931938e-01
 -3.03134579e-01
 -2.94681979e-01
 -2.85932735e-01
 -2.76855651e-01
 -2.66942025e-01
 -2.55823824e-01
 -2.43369711e-01
 -2.29608089e-01
 -2.14661367e-01
 -1.98712090e-01
 -1.81985820e-01
 -1.64739680e-01
 -1.47251529e-01
 -1.29808206e-01
 -1.12692968e-01
 -9.61729804e-02
 -8.04878583e-02
 -6.58401826e-02
 -5.23887014e-02
 -4.02446567e-02
 -2.94714061e-02
 -2.00872437e-02
 -1.20710700e-02
 -5.37035230e-03
 8.93358963e-05
 4.39400077e-03
 7.63092324e-03
 9.87912890e-03
 1.12012403e-02
 1.16373481e-02
 -2.56592386e-01
 -2.57425783e-01
 -2.58649816e-01
 -2.57932807e-01
 -2.54080313e-01
 -2.47271828e-01
 -2.38126763e-01
 -2.27131244e-01
 -2.14591054e-01
 -2.00730812e-01
 -1.85762472e-01
 -1.69913657e-01
 -1.53435047e-01
 -1.36597848e-01
 -1.19685937e-01
 -1.02985000e-01
 -8.67703053e-02
 -7.12945112e-02
 -5.67767499e-02
 -4.33939343e-02
 -3.12749908e-02
 -2.04984000e-02
 -1.10931351e-02
 -3.04280855e-03
 3.70741208e-03
 9.24174460e-03
 1.36633526e-02
 1.70833293e-02
 1.96099201e-02
 2.13386850e-02
 2.23442499e-02
 2.26740222e-02
 -2.43459325e-01
 -2.42117615e-01
 -2.38638994e-01
 -2.33848273e-01
 -2.27854537e-01
 -2.20292532e-01
 -2.10949744e-01
 -1.99904101e-01
 -1.87370986e-01
 -1.73592282e-01
 -1.58811834e-01
 -1.43281933e-01
 -1.27269296e-01
 -1.11053797e-01
 -9.49213041e-02
 -7.91530349e-02
 -6.40134985e-02
 -4.97386725e-02
 -3.65256979e-02
 -2.45250504e-02
 -1.38358337e-02
 -4.50451112e-03
 3.47291728e-03
 1.01455661e-02
 1.55996536e-02
 1.99485174e-02
 2.33214418e-02
 2.58521202e-02
 2.76675171e-02
 2.88778476e-02
 2.95681851e-02
 2.97921866e-02
 -2.20174377e-01
 -2.19174277e-01
 -2.16130797e-01
 -2.11084812e-01
 -2.04270515e-01
 -1.95910680e-01
 -1.86097326e-01
 -1.74889946e-01
 -1.62407845e-01
 -1.48835516e-01
 -1.34399376e-01
 -1.19352421e-01
 -1.03966262e-01
 -8.85236586e-02
 -7.33088637e-02
 -5.85960652e-02
 -4.46371714e-02
 -3.16503082e-02
 -1.98101638e-02
 -9.24104418e-03
 -1.32153990e-05
 7.85722965e-03
 1.44050597e-02
 1.97094880e-02
 2.38852226e-02
 2.70717156e-02
 2.94214275e-02
 3.10879022e-02
 3.22144162e-02
 3.29238083e-02
 3.33100828e-02
 3.34321568e-02
 -1.96742357e-01
 -1.95941905e-01
 -1.93336269e-01
 -1.88650517e-01
 -1.81941283e-01
 -1.73500766e-01
 -1.63601962e-01
 -1.52426976e-01
 -1.40127739e-01
 -1.26881883e-01
 -1.12907018e-01
 -9.84538410e-02
 -8.37948198e-02
 -6.92124732e-02
 -5.49871922e-02
 -4.13845986e-02
 -2.86431145e-02
 -1.69628061e-02
 -6.49640985e-03
 2.65675124e-03
 1.04534164e-02
 1.69054682e-02
 2.20756091e-02
 2.60700232e-02
 2.90286295e-02
 3.11137183e-02
 3.24977768e-02
 3.33513097e-02
 3.38313629e-02
 3.40714103e-02
 3.41730193e-02
 3.41996879e-02
 -1.81714838e-01
 -1.79994732e-01
 -1.75511794e-01
 -1.69381231e-01
 -1.62064252e-01
 -1.53529864e-01
 -1.43742479e-01
 -1.32782241e-01
 -1.20796167e-01
 -1.07971219e-01
 -9.45304426e-02
 -8.07276387e-02
 -6.68368734e-02
 -5.31396347e-02
 -3.99115039e-02
 -2.74089914e-02
 -1.58570301e-02
 -5.43828601e-03
 3.71510536e-03
 1.15268358e-02
 1.79781273e-02
 2.31058556e-02
 2.69973592e-02
 2.97823360e-02
 3.16224277e-02
 3.26993758e-02
 3.32025491e-02
 3.33166063e-02
 3.32100069e-02
 3.30249153e-02
 3.28690203e-02
 3.28094534e-02
 -1.56618863e-01
 -1.56201714e-01
 -1.54393138e-01
 -1.50412071e-01
 -1.44215528e-01
 -1.36212596e-01
 -1.26774754e-01
 -1.16153792e-01
 -1.04557094e-01
 -9.21977977e-02
 -7.93125856e-02
 -6.61624616e-02
 -5.30244704e-02
 -4.01791073e-02
 -2.78969787e-02
 -1.64257273e-02
 -5.97754053e-03
 3.28091811e-03
 1.12360261e-02
 1.78318971e-02
 2.30711709e-02
 2.70123096e-02
 2.97636687e-02
 3.14748410e-02
 3.23256167e-02
 3.25138307e-02
 3.22426559e-02
 3.17082365e-02
 3.10882052e-02
 3.05316965e-02
 3.01511710e-02
 3.00164464e-02
 -1.43347066e-01
 -1.42551224e-01
 -1.40088249e-01
 -1.35814386e-01
 -1.29728036e-01
 -1.22012195e-01
 -1.12907370e-01
 -1.02644375e-01
 -9.14455713e-02
 -7.95417981e-02
 -6.71827837e-02
 -5.46373789e-02
 -4.21859930e-02
 -3.01081694e-02
 -1.86697540e-02
 -8.11040861e-03
 1.36908928e-03
 9.61605679e-03
 1.65326842e-02
 2.20804332e-02
 2.62798902e-02
 2.92074182e-02
 3.09885621e-02
 3.17891683e-02
 3.18036019e-02
 3.12425599e-02
 3.03200784e-02
 2.92412609e-02
 2.81908400e-02
 2.73231754e-02
 2.67544083e-02
 2.65566627e-02
 -1.34507136e-01
 -1.33219689e-01
 -1.29751323e-01
 -1.24782667e-01
 -1.18560655e-01
 -1.11022287e-01
 -1.02198754e-01
 -9.22555102e-02
 -8.14110733e-02
 -6.99061417e-02
 -5.80003823e-02
 -4.59691036e-02
 -3.40956855e-02
 -2.26586173e-02
 -1.19194943e-02
 -2.11139123e-03
 6.57448142e-03
 1.39969052e-02
 2.00706791e-02
 2.47712083e-02
 2.81332295e-02
 3.02471977e-02
 3.12518615e-02
 3.13257986e-02
 3.06743621e-02
 2.95181477e-02
 2.80792201e-02
 2.65693863e-02
 2.51786879e-02
 2.40653981e-02
 2.33482685e-02
 2.31009072e-02
 -1.26354895e-01
 -1.25005569e-01
 -1.21504329e-01
 -1.16642192e-01
 -1.10576323e-01
 -1.03224348e-01
 -9.46205940e-02
 -8.49251471e-02
 -7.43556556e-02
 -6.31583034e-02
 -5.15992986e-02
 -3.99584084e-02
 -2.85212071e-02
 -1.75651343e-02
 -7.34832565e-03
 1.90093746e-03
 9.99874992e-03
 1.68124119e-02
 2.22658121e-02
 2.63446202e-02
 2.90937160e-02
 3.06137750e-02
 3.10527164e-02
 3.05984395e-02
 2.94637363e-02
 2.78764021e-02
 2.60638346e-02
 2.42424883e-02
 2.26061560e-02
 2.13157307e-02
 2.04917305e-02
 2.02086693e-02
 -1.19928943e-01
 -1.18770859e-01
 -1.15889219e-01
 -1.11549508e-01
 -1.05756114e-01
 -9.85666034e-02
 -9.01089210e-02
 -8.05707544e-02
 -7.01745573e-02
 -5.91704723e-02
 -4.78285126e-02
 -3.64309829e-02
 -2.52647958e-02
 -1.46065866e-02
 -4.71219018e-03
 4.19296116e-03
 1.19295824e-02
 1.83702283e-02
 2.34442237e-02
 2.71435693e-02
 2.95191912e-02
 3.06780260e-02
 3.07732659e-02
 2.99986472e-02
 2.85710764e-02
 2.67229063e-02
 2.46844066e-02
 2.26748206e-02
 2.08901463e-02
 1.94928135e-02
 1.86043479e-02
 1.82996842e-02
 -1.17448000e-01
 -1.16596210e-01
 -1.14058171e-01
 -1.09885997e-01
 -1.04166856e-01
 -9.70232000e-02
 -8.86126734e-02
 -7.91274946e-02
 -6.87903386e-02
 -5.78520405e-02
 -4.65839282e-02
 -3.52690052e-02
 -2.41947086e-02
 -1.36373147e-02
 -3.85188793e-03
 4.93710775e-03
 1.25519467e-02
 1.88669844e-02
 2.38133261e-02
 2.73851387e-02
 2.96353305e-02
 3.06729758e-02
 3.06529479e-02
 2.97710144e-02
 2.82453435e-02
 2.63099006e-02
 2.41958093e-02
 2.21232706e-02
 2.02890008e-02
 1.88559354e-02
 1.79458482e-02
 1.76340000e-02
