 2.93820400e+00
 2.93749675e+00
 2.95551023e+00
 3.00371284e+00
 3.02416680e+00
 3.09896854e+00
 3.08321147e+00
 3.19195255e+00
 3.14483148e+00
 3.15378508e+00
 3.18607600e+00
 2.97860546e+00
 2.97200313e+00
 2.98328919e+00
 3.02192912e+00
 3.05113946e+00
 3.11323466e+00
 3.11793883e+00
 3.19901624e+00
 3.18408777e+00
 3.21048535e+00
 3.24454200e+00
 3.04398460e+00
 3.04189308e+00
 3.05179129e+00
 3.08148222e+00
 3.11948946e+00
 3.16644521e+00
 3.19640981e+00
 3.24281668e+00
 3.26519364e+00
 3.30161176e+00
 3.32609305e+00
 3.10216287e+00
 3.11572209e+00
 3.14271513e+00
 3.17471096e+00
 3.21355741e+00
 3.25500024e+00
 3.29067592e+00
 3.32219592e+00
 3.34204604e+00
 3.34766725e+00
 3.34496274e+00
 3.24729373e+00
 3.24656448e+00
 3.25528108e+00
 3.28091571e+00
 3.31716624e+00
 3.35469118e+00
 3.38610872e+00
 3.40884268e+00
 3.42345478e+00
 3.43399384e+00
 3.43942260e+00
 3.31161075e+00
 3.32061111e+00
 3.34344019e+00
 3.37487530e+00
 3.41050778e+00
 3.44376889e+00
 3.46861458e+00
 3.48298548e+00
 3.48824746e+00
 3.48723595e+00
 3.48523242e+00
 3.37843086e+00
 3.38927622e+00
 3.41520109e+00
 3.44758777e+00
 3.48164838e+00
 3.51126225e+00
 3.53070074e+00
 3.53927768e+00
 3.53934494e+00
 3.53620719e+00
 3.53514042e+00
 3.46097152e+00
 3.46144567e+00
 3.47157081e+00
 3.49613108e+00
 3.52767116e+00
 3.55617499e+00
 3.57178396e+00
 3.57807882e+00
 3.57864065e+00
 3.57248839e+00
 3.56723441e+00
 3.46687918e+00
 3.47397649e+00
 3.49246822e+00
 3.51914896e+00
 3.55097473e+00
 3.58430857e+00
 3.59461492e+00
 3.59888650e+00
 3.60910321e+00
 3.61842594e+00
 3.62491207e+00
 3.46737838e+00
 3.47643515e+00
 3.49791596e+00
 3.52745853e+00
 3.55761857e+00
 3.60278646e+00
 3.60411629e+00
 3.60295724e+00
 3.62473154e+00
 3.62896991e+00
 3.62922193e+00
 3.47402400e+00
 3.47874727e+00
 3.49861387e+00
 3.52975897e+00
 3.55748990e+00
 3.61042893e+00
 3.60631084e+00
 3.60122588e+00
 3.63091257e+00
 3.62899233e+00
 3.61807500e+00
