 3.08871300e+00
 3.10136539e+00
 3.09112161e+00
 3.01671341e+00
 2.97552865e+00
 2.92635121e+00
 2.82362504e+00
 2.72740052e+00
 2.70634561e+00
 2.67046735e+00
 2.64626600e+00
 3.09801627e+00
 3.10563824e+00
 3.09598318e+00
 3.03542333e+00
 2.98904077e+00
 2.93446686e+00
 2.83629832e+00
 2.74562922e+00
 2.70982067e+00
 2.67226938e+00
 2.65339690e+00
 3.14599514e+00
 3.14338170e+00
 3.12578449e+00
 3.08073869e+00
 3.02756977e+00
 2.96301930e+00
 2.87331387e+00
 2.78852715e+00
 2.73111206e+00
 2.69072259e+00
 2.67579325e+00
 3.23144183e+00
 3.21776138e+00
 3.18524864e+00
 3.14051375e+00
 3.08435390e+00
 3.01448679e+00
 2.92966874e+00
 2.84503879e+00
 2.77614173e+00
 2.73085584e+00
 2.71512549e+00
 3.27533585e+00
 3.26778550e+00
 3.24427279e+00
 3.20486096e+00
 3.15029030e+00
 3.08060516e+00
 2.99802160e+00
 2.91228330e+00
 2.83792041e+00
 2.78811077e+00
 2.77074487e+00
 3.32156727e+00
 3.31748698e+00
 3.30114194e+00
 3.26751377e+00
 3.21636712e+00
 3.14929843e+00
 3.06927260e+00
 2.98414216e+00
 2.90786495e+00
 2.85558306e+00
 2.83714039e+00
 3.38970476e+00
 3.38202147e+00
 3.36053670e+00
 3.32543223e+00
 3.27548909e+00
 3.21094927e+00
 3.13404555e+00
 3.05150169e+00
 2.97604287e+00
 2.92333024e+00
 2.90454687e+00
 3.43377090e+00
 3.42779900e+00
 3.40761821e+00
 3.37179873e+00
 3.32233041e+00
 3.25983523e+00
 3.18552917e+00
 3.10693468e+00
 3.03375223e+00
 2.98165710e+00
 2.96295706e+00
 3.47379874e+00
 3.46586018e+00
 3.44226423e+00
 3.40312780e+00
 3.35441982e+00
 3.29450478e+00
 3.21989885e+00
 3.14772108e+00
 3.07646974e+00
 3.02453146e+00
 3.00602897e+00
 3.49766518e+00
 3.48894171e+00
 3.46313711e+00
 3.41906092e+00
 3.37200815e+00
 3.31650719e+00
 3.23597643e+00
 3.17478647e+00
 3.10226523e+00
 3.04952725e+00
 3.03167544e+00
 3.50377200e+00
 3.49620800e+00
 3.47016358e+00
 3.42334324e+00
 3.37728151e+00
 3.32477334e+00
 3.23926533e+00
 3.18539503e+00
 3.11048816e+00
 3.05731716e+00
 3.04009700e+00
