 2.94609700e+00
 2.94249522e+00
 2.93075207e+00
 2.90773335e+00
 2.86816736e+00
 2.80792748e+00
 2.73190314e+00
 2.65670880e+00
 2.59896836e+00
 2.56500349e+00
 2.55410900e+00
 2.96892474e+00
 2.95260019e+00
 2.93027476e+00
 2.90693314e+00
 2.86924864e+00
 2.81085868e+00
 2.73626321e+00
 2.66174320e+00
 2.60298494e+00
 2.56328542e+00
 2.54539208e+00
 2.95459120e+00
 2.94141956e+00
 2.92280824e+00
 2.90530227e+00
 2.87357225e+00
 2.82047934e+00
 2.75023039e+00
 2.67830653e+00
 2.61907547e+00
 2.57619541e+00
 2.55868088e+00
 2.86968078e+00
 2.88751066e+00
 2.90907940e+00
 2.90792339e+00
 2.88437014e+00
 2.83872052e+00
 2.77535013e+00
 2.70923115e+00
 2.65875468e+00
 2.63248935e+00
 2.62552619e+00
 2.95224546e+00
 2.94508074e+00
 2.93541987e+00
 2.92595783e+00
 2.90558542e+00
 2.86699058e+00
 2.81115995e+00
 2.75009987e+00
 2.70199056e+00
 2.67942971e+00
 2.67569070e+00
 2.96600991e+00
 2.96647585e+00
 2.96353320e+00
 2.95459433e+00
 2.93669206e+00
 2.90412005e+00
 2.85566907e+00
 2.79801537e+00
 2.73946382e+00
 2.68711012e+00
 2.66304877e+00
 3.00078059e+00
 2.99853540e+00
 2.99413950e+00
 2.98694542e+00
 2.97225284e+00
 2.94541549e+00
 2.90537591e+00
 2.85886818e+00
 2.81883949e+00
 2.79729775e+00
 2.79270788e+00
 3.02205872e+00
 3.02261957e+00
 3.02211713e+00
 3.01759064e+00
 3.00525144e+00
 2.98361223e+00
 2.95126316e+00
 2.91428216e+00
 2.88396661e+00
 2.86728053e+00
 2.86217828e+00
 3.04388996e+00
 3.04405915e+00
 3.04427151e+00
 3.04295073e+00
 3.02906955e+00
 3.01295129e+00
 2.98599927e+00
 2.95463019e+00
 2.92369415e+00
 2.90583482e+00
 2.90010610e+00
 3.06639958e+00
 3.06063503e+00
 3.05560284e+00
 3.06284703e+00
 3.03959834e+00
 3.03196698e+00
 3.00610761e+00
 2.98173494e+00
 2.94343151e+00
 2.92994392e+00
 2.92984581e+00
 3.07590300e+00
 3.06344001e+00
 3.05636653e+00
 3.07209661e+00
 3.04093297e+00
 3.03923866e+00
 3.01190509e+00
 2.99266742e+00
 2.94703111e+00
 2.93458013e+00
 2.93876300e+00
