 -2.40429000e-01
 -2.44173303e-01
 -2.52871345e-01
 -2.60955627e-01
 -2.65658986e-01
 -2.75837930e-01
 -3.09959779e-01
 -3.20351746e-01
 -3.47371217e-01
 -3.45809236e-01
 -3.66877332e-01
 -4.07888446e-01
 -3.99106173e-01
 -4.10869599e-01
 -4.38256338e-01
 -4.24204242e-01
 -4.45212352e-01
 -4.56025058e-01
 -4.47360004e-01
 -4.60718543e-01
 -4.60317766e-01
 -4.54654672e-01
 -4.52024893e-01
 -4.26558568e-01
 -4.43222936e-01
 -4.40564295e-01
 -4.46792006e-01
 -4.34895263e-01
 -4.24853341e-01
 -4.24012459e-01
 -4.28091203e-01
 -4.30428000e-01
 -2.44065968e-01
 -2.47246669e-01
 -2.54956393e-01
 -2.63261599e-01
 -2.68918685e-01
 -2.80183507e-01
 -3.11018355e-01
 -3.23321565e-01
 -3.48224561e-01
 -3.48906252e-01
 -3.69515157e-01
 -4.07689869e-01
 -4.01299296e-01
 -4.12811986e-01
 -4.38100984e-01
 -4.26445285e-01
 -4.45734633e-01
 -4.56036723e-01
 -4.48547478e-01
 -4.60509858e-01
 -4.60121054e-01
 -4.54713295e-01
 -4.51056231e-01
 -4.28510958e-01
 -4.42054501e-01
 -4.40489038e-01
 -4.44739058e-01
 -4.34440712e-01
 -4.25511172e-01
 -4.24834814e-01
 -4.27779519e-01
 -4.29529495e-01
 -2.54349102e-01
 -2.56492106e-01
 -2.62441095e-01
 -2.70671434e-01
 -2.78516053e-01
 -2.91463583e-01
 -3.15647526e-01
 -3.31179791e-01
 -3.51772659e-01
 -3.57380872e-01
 -3.76800035e-01
 -4.08078902e-01
 -4.07274358e-01
 -4.18137669e-01
 -4.38361000e-01
 -4.32263155e-01
 -4.47408883e-01
 -4.56270174e-01
 -4.51523520e-01
 -4.60039204e-01
 -4.59547454e-01
 -4.54548242e-01
 -4.48913494e-01
 -4.32653854e-01
 -4.39514018e-01
 -4.39382310e-01
 -4.39932199e-01
 -4.32780548e-01
 -4.26531474e-01
 -4.25777092e-01
 -4.26690569e-01
 -4.27177877e-01
 -2.69796286e-01
 -2.71472395e-01
 -2.76371436e-01
 -2.84103342e-01
 -2.93605164e-01
 -3.06985020e-01
 -3.25719098e-01
 -3.42432089e-01
 -3.59531150e-01
 -3.69558695e-01
 -3.87324725e-01
 -4.10975368e-01
 -4.15709324e-01
 -4.25718197e-01
 -4.40368187e-01
 -4.39733886e-01
 -4.50291987e-01
 -4.57078000e-01
 -4.54976846e-01
 -4.59543405e-01
 -4.58532694e-01
 -4.53594906e-01
 -4.46677580e-01
 -4.35863793e-01
 -4.36766092e-01
 -4.36217864e-01
 -4.34200792e-01
 -4.29375251e-01
 -4.25414178e-01
 -4.24156865e-01
 -4.23914784e-01
 -4.23935216e-01
 -2.89220378e-01
 -2.90824707e-01
 -2.95571519e-01
 -3.03145844e-01
 -3.13053843e-01
 -3.25676587e-01
 -3.41029142e-01
 -3.56712095e-01
 -3.71716007e-01
 -3.84021090e-01
 -3.99805549e-01
 -4.17408845e-01
 -4.25423711e-01
 -4.34438168e-01
 -4.44653355e-01
 -4.47238863e-01
 -4.54017473e-01
 -4.58484043e-01
 -4.57704103e-01
 -4.58918440e-01
 -4.56829695e-01
 -4.51531696e-01
 -4.44266477e-01
 -4.36291109e-01
 -4.33437589e-01
 -4.31064531e-01
 -4.27692647e-01
 -4.23786537e-01
 -4.20926929e-01
 -4.19699514e-01
 -4.19321944e-01
 -4.19238276e-01
 -3.13469567e-01
 -3.15172784e-01
 -3.19883225e-01
 -3.26970718e-01
 -3.36118049e-01
 -3.47278591e-01
 -3.60203119e-01
 -3.73922121e-01
 -3.87325563e-01
 -3.99833640e-01
 -4.13428848e-01
 -4.26872152e-01
 -4.35663348e-01
 -4.43441655e-01
 -4.50542930e-01
 -4.53894889e-01
 -4.57798913e-01
 -4.59951816e-01
 -4.58972178e-01
 -4.57598022e-01
 -4.54031543e-01
 -4.48066497e-01
 -4.40686094e-01
 -4.33459333e-01
 -4.28372041e-01
 -4.24007425e-01
 -4.19492864e-01
 -4.15197718e-01
 -4.11851728e-01
 -4.09936878e-01
 -4.09366968e-01
 -4.09370426e-01
 -3.45247906e-01
 -3.46175069e-01
 -3.49205766e-01
 -3.54548880e-01
 -3.61975046e-01
 -3.71166582e-01
 -3.81802555e-01
 -3.93310211e-01
 -4.04930893e-01
 -4.16244965e-01
 -4.27531448e-01
 -4.37949905e-01
 -4.45801510e-01
 -4.51988226e-01
 -4.56709938e-01
 -4.59163729e-01
 -4.60669294e-01
 -4.60557222e-01
 -4.58301967e-01
 -4.54781777e-01
 -4.49573845e-01
 -4.42682085e-01
 -4.34883205e-01
 -4.27282107e-01
 -4.20642624e-01
 -4.14615745e-01
 -4.08869909e-01
 -4.03477421e-01
 -3.98548953e-01
 -3.94112580e-01
 -3.90593279e-01
 -3.89165501e-01
 -3.75810511e-01
 -3.76895244e-01
 -3.79725743e-01
 -3.83776419e-01
 -3.89125220e-01
 -3.96007782e-01
 -4.04303707e-01
 -4.13527846e-01
 -4.23056062e-01
 -4.32401791e-01
 -4.41270943e-01
 -4.49067546e-01
 -4.55050511e-01
 -4.59268461e-01
 -4.61777442e-01
 -4.62449380e-01
 -4.61663613e-01
 -4.59285247e-01
 -4.55185531e-01
 -4.49665065e-01
 -4.42767003e-01
 -4.34706894e-01
 -4.26083883e-01
 -4.17604128e-01
 -4.09691378e-01
 -4.02361140e-01
 -3.95563220e-01
 -3.89374886e-01
 -3.84062461e-01
 -3.80128574e-01
 -3.77959034e-01
 -3.77335217e-01
 -4.12569900e-01
 -4.11979060e-01
 -4.11165232e-01
 -4.11820813e-01
 -4.14726134e-01
 -4.19633388e-01
 -4.25923926e-01
 -4.32980319e-01
 -4.40249026e-01
 -4.47256345e-01
 -4.53591278e-01
 -4.58796080e-01
 -4.62440618e-01
 -4.64370074e-01
 -4.64559025e-01
 -4.63020306e-01
 -4.59893711e-01
 -4.55214418e-01
 -4.49029330e-01
 -4.41528472e-01
 -4.32913193e-01
 -4.23497018e-01
 -4.13758961e-01
 -4.04196632e-01
 -3.95159145e-01
 -3.86836231e-01
 -3.79375017e-01
 -3.72925489e-01
 -3.67557023e-01
 -3.63230433e-01
 -3.60132498e-01
 -3.58946180e-01
 -4.20408905e-01
 -4.21908110e-01
 -4.25684736e-01
 -4.30389409e-01
 -4.35225682e-01
 -4.40091176e-01
 -4.45086633e-01
 -4.50175464e-01
 -4.55136993e-01
 -4.59646940e-01
 -4.63349204e-01
 -4.65884703e-01
 -4.66946464e-01
 -4.66360920e-01
 -4.64075260e-01
 -4.60119548e-01
 -4.54589814e-01
 -4.47589072e-01
 -4.39250818e-01
 -4.29779551e-01
 -4.19437117e-01
 -4.08562079e-01
 -3.97563203e-01
 -3.86848513e-01
 -3.76761592e-01
 -3.67580936e-01
 -3.59561471e-01
 -3.52990695e-01
 -3.48236656e-01
 -3.45590472e-01
 -3.44748071e-01
 -3.44681252e-01
 -4.47533339e-01
 -4.48112953e-01
 -4.49741061e-01
 -4.52125869e-01
 -4.54940325e-01
 -4.57953907e-01
 -4.61009648e-01
 -4.63936074e-01
 -4.66505623e-01
 -4.68443732e-01
 -4.69456545e-01
 -4.69261261e-01
 -4.67624441e-01
 -4.64401128e-01
 -4.59544847e-01
 -4.53093810e-01
 -4.45150109e-01
 -4.35856708e-01
 -4.25397893e-01
 -4.14009326e-01
 -4.01977291e-01
 -3.89635418e-01
 -3.77347294e-01
 -3.65474442e-01
 -3.54355223e-01
 -3.44298017e-01
 -3.35543918e-01
 -3.28151504e-01
 -3.21893360e-01
 -3.16506124e-01
 -3.12395606e-01
 -3.10778964e-01
 -4.74284838e-01
 -4.73652856e-01
 -4.72298979e-01
 -4.71263063e-01
 -4.71110899e-01
 -4.71688339e-01
 -4.72521808e-01
 -4.73173047e-01
 -4.73312029e-01
 -4.72667941e-01
 -4.70994137e-01
 -4.68069413e-01
 -4.63719362e-01
 -4.57840269e-01
 -4.50410818e-01
 -4.41488259e-01
 -4.31195256e-01
 -4.19705736e-01
 -4.07237847e-01
 -3.94050942e-01
 -3.80439258e-01
 -3.66720296e-01
 -3.53217203e-01
 -3.40241858e-01
 -3.28092077e-01
 -3.17071592e-01
 -3.07538035e-01
 -2.99971698e-01
 -2.94949341e-01
 -2.92738317e-01
 -2.92587558e-01
 -2.92846894e-01
 -4.72974766e-01
 -4.73885700e-01
 -4.75965926e-01
 -4.77939621e-01
 -4.79007233e-01
 -4.79090120e-01
 -4.78376157e-01
 -4.76950222e-01
 -4.74738387e-01
 -4.71581022e-01
 -4.67297517e-01
 -4.61724477e-01
 -4.54741466e-01
 -4.46290070e-01
 -4.36384052e-01
 -4.25108942e-01
 -4.12613666e-01
 -3.99099230e-01
 -3.84808435e-01
 -3.70016230e-01
 -3.55017794e-01
 -3.40112620e-01
 -3.25585452e-01
 -3.11688568e-01
 -2.98630637e-01
 -2.86570076e-01
 -2.75594879e-01
 -2.65673878e-01
 -2.56673974e-01
 -2.48707928e-01
 -2.42743948e-01
 -2.40456341e-01
 -4.91566606e-01
 -4.90737117e-01
 -4.88680658e-01
 -4.86213126e-01
 -4.83770545e-01
 -4.81253226e-01
 -4.78344754e-01
 -4.74760367e-01
 -4.70287806e-01
 -4.64755937e-01
 -4.58019025e-01
 -4.49962544e-01
 -4.40517019e-01
 -4.29670943e-01
 -4.17478109e-01
 -4.04057483e-01
 -3.89586599e-01
 -3.74291181e-01
 -3.58433393e-01
 -3.42299226e-01
 -3.26184157e-01
 -3.10376405e-01
 -2.95138412e-01
 -2.80689016e-01
 -2.67191955e-01
 -2.54765405e-01
 -2.43544814e-01
 -2.33822193e-01
 -2.26151237e-01
 -2.21102314e-01
 -2.18636989e-01
 -2.17984617e-01
 -4.84680717e-01
 -4.84476085e-01
 -4.83718184e-01
 -4.82141137e-01
 -4.79605795e-01
 -4.76116940e-01
 -4.71690680e-01
 -4.66280876e-01
 -4.59792718e-01
 -4.52118640e-01
 -4.43164685e-01
 -4.32868124e-01
 -4.21210929e-01
 -4.08229642e-01
 -3.94020253e-01
 -3.78737155e-01
 -3.62586707e-01
 -3.45817064e-01
 -3.28706028e-01
 -3.11547914e-01
 -2.94639872e-01
 -2.78268155e-01
 -2.62695463e-01
 -2.48150699e-01
 -2.34821298e-01
 -2.22843212e-01
 -2.12273609e-01
 -2.03040375e-01
 -1.94959936e-01
 -1.88040503e-01
 -1.82985431e-01
 -1.81070821e-01
 -4.75962039e-01
 -4.75611413e-01
 -4.74454981e-01
 -4.72282527e-01
 -4.68946710e-01
 -4.64407756e-01
 -4.58668589e-01
 -4.51713865e-01
 -4.43500418e-01
 -4.33976435e-01
 -4.23103278e-01
 -4.10872504e-01
 -3.97318333e-01
 -3.82525610e-01
 -3.66632675e-01
 -3.49828980e-01
 -3.32348116e-01
 -3.14457561e-01
 -2.96446677e-01
 -2.78614258e-01
 -2.61256828e-01
 -2.44659063e-01
 -2.29088164e-01
 -2.14793932e-01
 -2.02015275e-01
 -1.90993160e-01
 -1.81991717e-01
 -1.75316030e-01
 -1.71237321e-01
 -1.69664262e-01
 -1.69716315e-01
 -1.69978140e-01
 -4.65293471e-01
 -4.64276426e-01
 -4.61517738e-01
 -4.57569465e-01
 -4.52727639e-01
 -4.46928235e-01
 -4.39971791e-01
 -4.31706048e-01
 -4.22056490e-01
 -4.10997839e-01
 -3.98537641e-01
 -3.84718201e-01
 -3.69623919e-01
 -3.53386242e-01
 -3.36184065e-01
 -3.18239584e-01
 -2.99810385e-01
 -2.81178935e-01
 -2.62640816e-01
 -2.44493015e-01
 -2.27023528e-01
 -2.10503452e-01
 -1.95182576e-01
 -1.81288426e-01
 -1.69025175e-01
 -1.58559577e-01
 -1.49968687e-01
 -1.43141727e-01
 -1.37739132e-01
 -1.33431639e-01
 -1.30369934e-01
 -1.29214864e-01
 -4.36228505e-01
 -4.36217044e-01
 -4.35718666e-01
 -4.33823689e-01
 -4.29962051e-01
 -4.24103948e-01
 -4.16458286e-01
 -4.07199475e-01
 -3.96411812e-01
 -3.84139709e-01
 -3.70436894e-01
 -3.55390950e-01
 -3.39132253e-01
 -3.21835434e-01
 -3.03716473e-01
 -2.85026376e-01
 -2.66042137e-01
 -2.47055843e-01
 -2.28363042e-01
 -2.10251434e-01
 -1.92990765e-01
 -1.76824229e-01
 -1.61960846e-01
 -1.48567650e-01
 -1.36762292e-01
 -1.26614475e-01
 -1.18176107e-01
 -1.11545984e-01
 -1.06887814e-01
 -1.04240602e-01
 -1.03196871e-01
 -1.02987447e-01
 -4.23270154e-01
 -4.21818377e-01
 -4.17899580e-01
 -4.12381589e-01
 -4.05829724e-01
 -3.98288830e-01
 -3.89541863e-01
 -3.79384294e-01
 -3.67719687e-01
 -3.54548947e-01
 -3.39943340e-01
 -3.24028702e-01
 -3.06977681e-01
 -2.89004071e-01
 -2.70356265e-01
 -2.51308931e-01
 -2.32152948e-01
 -2.13184172e-01
 -1.94691896e-01
 -1.76947887e-01
 -1.60196602e-01
 -1.44646596e-01
 -1.30462085e-01
 -1.17752523e-01
 -1.06557976e-01
 -9.68312564e-02
 -8.84270662e-02
 -8.11275650e-02
 -7.47584272e-02
 -6.94201906e-02
 -6.56683409e-02
 -6.42892483e-02
 -3.87403050e-01
 -3.86769663e-01
 -3.84765211e-01
 -3.81181613e-01
 -3.75871088e-01
 -3.68790984e-01
 -3.59959301e-01
 -3.49416133e-01
 -3.37220295e-01
 -3.23461638e-01
 -3.08270614e-01
 -2.91820711e-01
 -2.74325724e-01
 -2.56033980e-01
 -2.37220507e-01
 -2.18177579e-01
 -1.99203980e-01
 -1.80593572e-01
 -1.62623950e-01
 -1.45545996e-01
 -1.29575080e-01
 -1.14884504e-01
 -1.01601736e-01
 -8.98080728e-02
 -7.95419592e-02
 -7.08042513e-02
 -6.35608162e-02
 -5.77405266e-02
 -5.32424318e-02
 -4.99799318e-02
 -4.79538700e-02
 -4.72578677e-02
 -3.53706859e-01
 -3.53484029e-01
 -3.52461641e-01
 -3.49903915e-01
 -3.45271727e-01
 -3.38442437e-01
 -3.29543148e-01
 -3.18749597e-01
 -3.06219885e-01
 -2.92110630e-01
 -2.76602040e-01
 -2.59908635e-01
 -2.42278612e-01
 -2.23987739e-01
 -2.05330649e-01
 -1.86610617e-01
 -1.68128365e-01
 -1.50170559e-01
 -1.32998751e-01
 -1.16839594e-01
 -1.01877172e-01
 -8.82485436e-02
 -7.60442217e-02
 -6.53166865e-02
 -5.61011579e-02
 -4.84512735e-02
 -4.24816971e-02
 -3.83792016e-02
 -3.62926428e-02
 -3.60251230e-02
 -3.67261196e-02
 -3.71653671e-02
 -3.35292583e-01
 -3.33839518e-01
 -3.29890679e-01
 -3.24253952e-01
 -3.17416995e-01
 -3.09352858e-01
 -2.99824146e-01
 -2.88672614e-01
 -2.75894611e-01
 -2.61605370e-01
 -2.45994895e-01
 -2.29301458e-01
 -2.11796814e-01
 -1.93775391e-01
 -1.75543832e-01
 -1.57409873e-01
 -1.39670728e-01
 -1.22601563e-01
 -1.06444803e-01
 -9.14010496e-02
 -7.76223021e-02
 -6.52082412e-02
 -5.42063151e-02
 -4.46162303e-02
 -3.63977033e-02
 -2.94741554e-02
 -2.37142254e-02
 -1.88813536e-02
 -1.46317207e-02
 -1.07685846e-02
 -7.72214999e-03
 -6.51198720e-03
 -3.01419810e-01
 -3.00710223e-01
 -2.98475097e-01
 -2.94492676e-01
 -2.88623319e-01
 -2.80875924e-01
 -2.71322740e-01
 -2.60048146e-01
 -2.47168139e-01
 -2.32850694e-01
 -2.17314203e-01
 -2.00816893e-01
 -1.83645766e-01
 -1.66105815e-01
 -1.48508725e-01
 -1.31160973e-01
 -1.14351791e-01
 -9.83416627e-02
 -8.33520903e-02
 -6.95572994e-02
 -5.70784241e-02
 -4.59803762e-02
 -3.62709758e-02
 -2.79010615e-02
 -2.07646630e-02
 -1.47053403e-02
 -9.55615791e-03
 -5.25632434e-03
 -1.99581150e-03
 -1.01425427e-04
 5.07895457e-04
 5.49832099e-04
 -2.72948687e-01
 -2.72522814e-01
 -2.70916745e-01
 -2.67543277e-01
 -2.62077541e-01
 -2.54502667e-01
 -2.44958661e-01
 -2.33640192e-01
 -2.20756726e-01
 -2.06530399e-01
 -1.91205792e-01
 -1.75054519e-01
 -1.58371495e-01
 -1.41465705e-01
 -1.24648386e-01
 -1.08220382e-01
 -9.24597398e-02
 -7.76102886e-02
 -6.38719597e-02
 -5.13934362e-02
 -4.02676363e-02
 -3.05301936e-02
 -2.21604797e-02
 -1.50840840e-02
 -9.17575459e-03
 -4.26281440e-03
 -1.26438124e-04
 3.50959652e-03
 6.97282682e-03
 1.04315473e-02
 1.33822514e-02
 1.46060163e-02
 -2.55780665e-01
 -2.54453936e-01
 -2.50928976e-01
 -2.45861811e-01
 -2.39358170e-01
 -2.31232828e-01
 -2.21414619e-01
 -2.09997195e-01
 -1.97157218e-01
 -1.83109265e-01
 -1.68097968e-01
 -1.52397033e-01
 -1.36303048e-01
 -1.20124465e-01
 -1.04168410e-01
 -8.87272851e-02
 -7.40660904e-02
 -6.04111938e-02
 -4.79412773e-02
 -3.67809889e-02
 -2.69978833e-02
 -1.86031329e-02
 -1.15562040e-02
 -5.77363128e-03
 -1.14215931e-03
 2.46374588e-03
 5.15973741e-03
 7.01653335e-03
 8.00852287e-03
 8.07424803e-03
 7.50060788e-03
 7.12956385e-03
 -2.32137787e-01
 -2.31755346e-01
 -2.29955906e-01
 -2.25839116e-01
 -2.19352675e-01
 -2.10914771e-01
 -2.00861051e-01
 -1.89386560e-01
 -1.76654081e-01
 -1.62855323e-01
 -1.48224577e-01
 -1.33033003e-01
 -1.17576253e-01
 -1.02160081e-01
 -8.70856068e-02
 -7.26354187e-02
 -5.90608807e-02
 -4.65711291e-02
 -3.53247434e-02
 -2.54242963e-02
 -1.69145312e-02
 -9.78498905e-03
 -3.97760650e-03
 5.99955205e-04
 4.05480317e-03
 6.48443797e-03
 7.95548884e-03
 8.52104737e-03
 8.34638261e-03
 7.86614620e-03
 7.56932110e-03
 7.51505921e-03
 -2.22304893e-01
 -2.20599554e-01
 -2.16143740e-01
 -2.09948840e-01
 -2.02403577e-01
 -1.93532534e-01
 -1.83352437e-01
 -1.71929852e-01
 -1.59381238e-01
 -1.45881817e-01
 -1.31662155e-01
 -1.16993841e-01
 -1.02172097e-01
 -8.74996025e-02
 -7.32708513e-02
 -5.97584352e-02
 -4.72005797e-02
 -3.57903004e-02
 -2.56679568e-02
 -1.69164689e-02
 -9.56030653e-03
 -3.56929982e-03
 1.13253098e-03
 4.65282436e-03
 7.11245545e-03
 8.62948703e-03
 9.31536826e-03
 9.28505542e-03
 8.65880964e-03
 7.58068611e-03
 6.41040930e-03
 5.86982740e-03
 -2.06862651e-01
 -2.05479095e-01
 -2.01499795e-01
 -1.95456648e-01
 -1.87888277e-01
 -1.79030605e-01
 -1.68944744e-01
 -1.57687619e-01
 -1.45375180e-01
 -1.32190620e-01
 -1.18372734e-01
 -1.04198284e-01
 -8.99632307e-02
 -7.59676070e-02
 -6.24994506e-02
 -4.98220500e-02
 -3.81619147e-02
 -2.76977373e-02
 -1.85542027e-02
 -1.07975007e-02
 -4.43471738e-03
 5.81711216e-04
 4.34515529e-03
 6.98205197e-03
 8.63655756e-03
 9.46333598e-03
 9.64036335e-03
 9.39417472e-03
 8.98518385e-03
 8.63140980e-03
 8.44973967e-03
 8.41217591e-03
 -1.92179285e-01
 -1.91183021e-01
 -1.88165226e-01
 -1.83072248e-01
 -1.76094834e-01
 -1.67569774e-01
 -1.57717924e-01
 -1.46677451e-01
 -1.34605617e-01
 -1.21711188e-01
 -1.08247584e-01
 -9.44991649e-02
 -8.07628017e-02
 -6.73366519e-02
 -5.45028826e-02
 -4.25168774e-02
 -3.15955628e-02
 -2.19056493e-02
 -1.35592467e-02
 -6.60916275e-03
 -1.04848052e-03
 3.18465985e-03
 6.19845366e-03
 8.13706710e-03
 9.16636447e-03
 9.46896941e-03
 9.25912822e-03
 8.82651639e-03
 8.56443613e-03
 8.80185319e-03
 9.37256969e-03
 9.66729740e-03
 -1.82213224e-01
 -1.81459807e-01
 -1.78866912e-01
 -1.74173738e-01
 -1.67568523e-01
 -1.59343581e-01
 -1.49719729e-01
 -1.38873671e-01
 -1.27001522e-01
 -1.14337805e-01
 -1.01149519e-01
 -8.77281373e-02
 -7.43707800e-02
 -6.13745854e-02
 -4.90168539e-02
 -3.75469754e-02
 -2.71749115e-02
 -1.80582108e-02
 -1.02998898e-02
 -3.94303013e-03
 1.02953174e-03
 4.69020304e-03
 7.15807762e-03
 8.59113026e-03
 9.17127974e-03
 9.09743167e-03
 8.58839118e-03
 7.90481928e-03
 7.37489477e-03
 7.32852601e-03
 7.79150770e-03
 8.12634881e-03
 -1.77036132e-01
 -1.76166645e-01
 -1.73476420e-01
 -1.68865434e-01
 -1.62449111e-01
 -1.54413749e-01
 -1.44941761e-01
 -1.34224154e-01
 -1.22481300e-01
 -1.09964960e-01
 -9.69505626e-02
 -8.37345931e-02
 -7.06137185e-02
 -5.78848253e-02
 -4.58218418e-02
 -3.46704689e-02
 -2.46364913e-02
 -1.58716406e-02
 -8.47348918e-03
 -2.47921080e-03
 2.13457167e-03
 5.44674877e-03
 7.58284362e-03
 8.70952621e-03
 9.01818995e-03
 8.71622740e-03
 8.01807621e-03
 7.14180062e-03
 6.31250888e-03
 5.74639469e-03
 5.56934723e-03
 5.60453636e-03
 -1.75506000e-01
 -1.74561820e-01
 -1.71746574e-01
 -1.67112392e-01
 -1.60746891e-01
 -1.52773990e-01
 -1.43354059e-01
 -1.32680695e-01
 -1.20982321e-01
 -1.08516534e-01
 -9.55615235e-02
 -8.24155658e-02
 -6.93750254e-02
 -5.67367914e-02
 -4.47735751e-02
 -3.37298298e-02
 -2.38099655e-02
 -1.51636993e-02
 -7.88680986e-03
 -2.01447718e-03
 2.47874103e-03
 5.67394246e-03
 7.69872475e-03
 8.72275919e-03
 8.94053575e-03
 8.56238750e-03
 7.80107891e-03
 6.85913946e-03
 5.91908083e-03
 5.13273843e-03
 4.61389662e-03
 4.43300000e-03
