 -2.60493000e-01
 -2.54296404e-01
 -2.35788613e-01
 -2.06328845e-01
 -1.71733949e-01
 -1.47065181e-01
 -1.46063429e-01
 -7.95774379e-02
 -1.38086897e-02
 2.68801004e-02
 8.99253391e-02
 1.65594549e-01
 2.63382550e-01
 2.52122668e-01
 3.17917156e-01
 4.27064181e-01
 4.42259039e-01
 5.50074765e-01
 5.29680421e-01
 6.37621225e-01
 6.90738810e-01
 7.20108263e-01
 7.55162042e-01
 7.90577332e-01
 8.10120680e-01
 8.46542700e-01
 8.77287570e-01
 9.06459767e-01
 9.30682160e-01
 9.47978722e-01
 9.58103445e-01
 9.61410000e-01
 -2.47663286e-01
 -2.42672829e-01
 -2.26196774e-01
 -1.99029905e-01
 -1.65915989e-01
 -1.41413210e-01
 -1.34709178e-01
 -7.21082878e-02
 -7.77787514e-03
 3.49303873e-02
 9.73510263e-02
 1.72822330e-01
 2.65980665e-01
 2.61481101e-01
 3.26299925e-01
 4.30308937e-01
 4.51542009e-01
 5.51886985e-01
 5.40369787e-01
 6.41402665e-01
 6.95357545e-01
 7.25484797e-01
 7.60622430e-01
 7.95204165e-01
 8.16436396e-01
 8.51504719e-01
 8.82277404e-01
 9.10723972e-01
 9.34500562e-01
 9.51290535e-01
 9.61420773e-01
 9.64464399e-01
 -2.13261678e-01
 -2.10334242e-01
 -1.98650113e-01
 -1.76668789e-01
 -1.47475536e-01
 -1.22488360e-01
 -1.03923329e-01
 -4.93633535e-02
 1.11074497e-02
 5.83431212e-02
 1.19495831e-01
 1.93648109e-01
 2.76000467e-01
 2.87896052e-01
 3.50325613e-01
 4.42019811e-01
 4.76763519e-01
 5.60231199e-01
 5.69072855e-01
 6.54125425e-01
 7.09052975e-01
 7.41393337e-01
 7.76506598e-01
 8.09460008e-01
 8.34163800e-01
 8.66411274e-01
 8.96572468e-01
 9.23270922e-01
 9.45490491e-01
 9.61084054e-01
 9.70603309e-01
 9.73544587e-01
 -1.67008798e-01
 -1.64704591e-01
 -1.56167555e-01
 -1.39029445e-01
 -1.14116362e-01
 -8.76648268e-02
 -5.93312250e-02
 -1.13821081e-02
 4.43335088e-02
 9.56124252e-02
 1.55672029e-01
 2.26556094e-01
 2.97905392e-01
 3.27718765e-01
 3.87515361e-01
 4.65830703e-01
 5.12922012e-01
 5.80370814e-01
 6.09085068e-01
 6.77972068e-01
 7.31768134e-01
 7.67026503e-01
 8.01784767e-01
 8.33538761e-01
 8.60903257e-01
 8.90588425e-01
 9.18866729e-01
 9.43273388e-01
 9.63110009e-01
 9.77137637e-01
 9.85595355e-01
 9.88310992e-01
 -1.16975343e-01
 -1.14138782e-01
 -1.04896490e-01
 -8.84428675e-02
 -6.51874492e-02
 -3.71573738e-02
 -3.77123085e-03
 4.06244486e-02
 9.23805062e-02
 1.45497839e-01
 2.04514376e-01
 2.70815098e-01
 3.34541284e-01
 3.77744768e-01
 4.35504479e-01
 5.03386626e-01
 5.56985332e-01
 6.14582768e-01
 6.55695860e-01
 7.13171162e-01
 7.63676814e-01
 8.01096746e-01
 8.35339616e-01
 8.66398675e-01
 8.94634785e-01
 9.22234915e-01
 9.47767555e-01
 9.69337644e-01
 9.86321083e-01
 9.98338710e-01
 1.00554500e+00
 1.00790911e+00
 -5.85505070e-02
 -5.42240910e-02
 -4.25683354e-02
 -2.51512363e-02
 -1.96932314e-03
 2.70679135e-02
 6.23066718e-02
 1.05043575e-01
 1.54129453e-01
 2.07054490e-01
 2.64536405e-01
 3.26291182e-01
 3.85693396e-01
 4.36266712e-01
 4.92566104e-01
 5.53519552e-01
 6.08396425e-01
 6.61251429e-01
 7.07356962e-01
 7.57917754e-01
 8.04357423e-01
 8.42237268e-01
 8.75785847e-01
 9.06070618e-01
 9.33722638e-01
 9.59251193e-01
 9.81829469e-01
 1.00024722e+00
 1.01401666e+00
 1.02332056e+00
 1.02876293e+00
 1.03058160e+00
 2.57945832e-02
 2.76522022e-02
 3.50007509e-02
 5.01868287e-02
 7.32056351e-02
 1.02908653e-01
 1.38650733e-01
 1.80389800e-01
 2.27592241e-01
 2.79138164e-01
 3.34478262e-01
 3.92414053e-01
 4.49168721e-01
 5.02429989e-01
 5.57306731e-01
 6.13656423e-01
 6.66986695e-01
 7.17176261e-01
 7.63701321e-01
 8.09746016e-01
 8.52278251e-01
 8.88986899e-01
 9.21335562e-01
 9.50331096e-01
 9.76476401e-01
 9.99798865e-01
 1.01970821e+00
 1.03540650e+00
 1.04638954e+00
 1.05269706e+00
 1.05528379e+00
 1.05583208e+00
 9.16935111e-02
 9.72782306e-02
 1.12076537e-01
 1.32919341e-01
 1.58517582e-01
 1.88967985e-01
 2.24509977e-01
 2.65174477e-01
 3.10639885e-01
 3.60207555e-01
 4.13017237e-01
 4.67727459e-01
 5.22185433e-01
 5.75248565e-01
 6.28257755e-01
 6.81038113e-01
 7.31642821e-01
 7.79283695e-01
 8.23928921e-01
 8.66252802e-01
 9.05113474e-01
 9.39509725e-01
 9.69904830e-01
 9.96945151e-01
 1.02099977e+00
 1.04209262e+00
 1.05997207e+00
 1.07437283e+00
 1.08531722e+00
 1.09315367e+00
 1.09810946e+00
 1.09986475e+00
 2.05552413e-01
 2.08143825e-01
 2.16833280e-01
 2.32753000e-01
 2.55617408e-01
 2.84464688e-01
 3.18613768e-01
 3.57656990e-01
 4.01132451e-01
 4.48355787e-01
 4.98408122e-01
 5.50080623e-01
 6.01963625e-01
 6.53164534e-01
 7.03649610e-01
 7.53041807e-01
 8.00348362e-01
 8.44887946e-01
 8.86474702e-01
 9.25087651e-01
 9.60242006e-01
 9.91556496e-01
 1.01921974e+00
 1.04362856e+00
 1.06510334e+00
 1.08383255e+00
 1.09992024e+00
 1.11340360e+00
 1.12415873e+00
 1.13186878e+00
 1.13633236e+00
 1.13775064e+00
 3.08995164e-01
 3.12753002e-01
 3.23205172e-01
 3.39120185e-01
 3.60225313e-01
 3.86766438e-01
 4.18705270e-01
 4.55593161e-01
 4.96744600e-01
 5.41337605e-01
 5.88425557e-01
 6.36935424e-01
 6.85769904e-01
 7.34081181e-01
 7.81363628e-01
 8.27104199e-01
 8.70644374e-01
 9.11451493e-01
 9.49243494e-01
 9.83843392e-01
 1.01502205e+00
 1.04266387e+00
 1.06690690e+00
 1.08803293e+00
 1.10634311e+00
 1.12213807e+00
 1.13576203e+00
 1.14761000e+00
 1.15797826e+00
 1.16671175e+00
 1.17289433e+00
 1.17518054e+00
 4.33107502e-01
 4.34379817e-01
 4.39323805e-01
 4.49999062e-01
 4.67482571e-01
 4.91574252e-01
 5.21457311e-01
 5.56193909e-01
 5.94878184e-01
 6.36622152e-01
 6.80507121e-01
 7.25569594e-01
 7.70859791e-01
 8.15556160e-01
 8.59009862e-01
 9.00653430e-01
 9.39948188e-01
 9.76456933e-01
 1.00989382e+00
 1.04008139e+00
 1.06691092e+00
 1.09038471e+00
 1.11064359e+00
 1.12791553e+00
 1.14244643e+00
 1.15445786e+00
 1.16412081e+00
 1.17153664e+00
 1.17676971e+00
 1.17997964e+00
 1.18155351e+00
 1.18199641e+00
 5.18454791e-01
 5.22138367e-01
 5.32565557e-01
 5.48553923e-01
 5.69301140e-01
 5.94443281e-01
 6.23701747e-01
 6.56686984e-01
 6.92859566e-01
 7.31541066e-01
 7.71942711e-01
 8.13210580e-01
 8.54490687e-01
 8.95001555e-01
 9.34073875e-01
 9.71139745e-01
 1.00572009e+00
 1.03744373e+00
 1.06606363e+00
 1.09144580e+00
 1.11355630e+00
 1.13246383e+00
 1.14833077e+00
 1.16137528e+00
 1.17182167e+00
 1.17986007e+00
 1.18563088e+00
 1.18925530e+00
 1.19093523e+00
 1.19111722e+00
 1.19059701e+00
 1.19028330e+00
 6.21345324e-01
 6.24932956e-01
 6.35322880e-01
 6.51489941e-01
 6.72205268e-01
 6.96601802e-01
 7.24264958e-01
 7.54921621e-01
 7.88177780e-01
 8.23456468e-01
 8.60043575e-01
 8.97155983e-01
 9.34007142e-01
 9.69864192e-01
 1.00408561e+00
 1.03613482e+00
 1.06558388e+00
 1.09212036e+00
 1.11555160e+00
 1.13579967e+00
 1.15289239e+00
 1.16695399e+00
 1.17818904e+00
 1.18685785e+00
 1.19325226e+00
 1.19768428e+00
 1.20050203e+00
 1.20213989e+00
 1.20314414e+00
 1.20400927e+00
 1.20481683e+00
 1.20517778e+00
 7.43472599e-01
 7.45499860e-01
 7.51665711e-01
 7.62243639e-01
 7.77512532e-01
 7.97387116e-01
 8.21332230e-01
 8.48583663e-01
 8.78343605e-01
 9.09831282e-01
 9.42271947e-01
 9.74896289e-01
 1.00696263e+00
 1.03778944e+00
 1.06678406e+00
 1.09346027e+00
 1.11744710e+00
 1.13849316e+00
 1.15646679e+00
 1.17135079e+00
 1.18323298e+00
 1.19229398e+00
 1.19879285e+00
 1.20305443e+00
 1.20546353e+00
 1.20646099e+00
 1.20651009e+00
 1.20598872e+00
 1.20505968e+00
 1.20376901e+00
 1.20246113e+00
 1.20188113e+00
 8.44602090e-01
 8.45856032e-01
 8.50209283e-01
 8.58732483e-01
 8.71906082e-01
 8.89427753e-01
 9.10608407e-01
 9.34670183e-01
 9.60831689e-01
 9.88318366e-01
 1.01636786e+00
 1.04424261e+00
 1.07125020e+00
 1.09676774e+00
 1.12026421e+00
 1.14131653e+00
 1.15961860e+00
 1.17498480e+00
 1.18734847e+00
 1.19675566e+00
 1.20335469e+00
 1.20738255e+00
 1.20914942e+00
 1.20902468e+00
 1.20742854e+00
 1.20483493e+00
 1.20179520e+00
 1.19897987e+00
 1.19713731e+00
 1.19673102e+00
 1.19734394e+00
 1.19777944e+00
 9.11158785e-01
 9.14708341e-01
 9.24222016e-01
 9.37470648e-01
 9.52979543e-01
 9.70404904e-01
 9.89794054e-01
 1.01100409e+00
 1.03360689e+00
 1.05699777e+00
 1.08050404e+00
 1.10345465e+00
 1.12522315e+00
 1.14525665e+00
 1.16309632e+00
 1.17839140e+00
 1.19090715e+00
 1.20052762e+00
 1.20725337e+00
 1.21119467e+00
 1.21256057e+00
 1.21164416e+00
 1.20880409e+00
 1.20444133e+00
 1.19896937e+00
 1.19277366e+00
 1.18615118e+00
 1.17923729e+00
 1.17204916e+00
 1.16492352e+00
 1.15919222e+00
 1.15692366e+00
 1.01242610e+00
 1.01260315e+00
 1.01426469e+00
 1.01945487e+00
 1.02905441e+00
 1.04247105e+00
 1.05859768e+00
 1.07647516e+00
 1.09534752e+00
 1.11454119e+00
 1.13341013e+00
 1.15134305e+00
 1.16778697e+00
 1.18226820e+00
 1.19440813e+00
 1.20393430e+00
 1.21068704e+00
 1.21462157e+00
 1.21580555e+00
 1.21441219e+00
 1.21070968e+00
 1.20504746e+00
 1.19783963e+00
 1.18954446e+00
 1.18063999e+00
 1.17160911e+00
 1.16297607e+00
 1.15542946e+00
 1.14987774e+00
 1.14700832e+00
 1.14639164e+00
 1.14649280e+00
 1.05437745e+00
 1.05764393e+00
 1.06607868e+00
 1.07705411e+00
 1.08898359e+00
 1.10171349e+00
 1.11547375e+00
 1.13014766e+00
 1.14526562e+00
 1.16022422e+00
 1.17442447e+00
 1.18732253e+00
 1.19844746e+00
 1.20741212e+00
 1.21392280e+00
 1.21778758e+00
 1.21892198e+00
 1.21735079e+00
 1.21320567e+00
 1.20671846e+00
 1.19821085e+00
 1.18808211e+00
 1.17679766e+00
 1.16487908e+00
 1.15288972e+00
 1.14139316e+00
 1.13083539e+00
 1.12133173e+00
 1.11257913e+00
 1.10441463e+00
 1.09791368e+00
 1.09532709e+00
 1.13727900e+00
 1.13644163e+00
 1.13529546e+00
 1.13648681e+00
 1.14148469e+00
 1.14988306e+00
 1.16038993e+00
 1.17178906e+00
 1.18319238e+00
 1.19394057e+00
 1.20349822e+00
 1.21141310e+00
 1.21730941e+00
 1.22089139e+00
 1.22195034e+00
 1.22037257e+00
 1.21614513e+00
 1.20935745e+00
 1.20019924e+00
 1.18895418e+00
 1.17598830e+00
 1.16173535e+00
 1.14668452e+00
 1.13137500e+00
 1.11640201e+00
 1.10244302e+00
 1.09032083e+00
 1.08108047e+00
 1.07583711e+00
 1.07492399e+00
 1.07666464e+00
 1.07782821e+00
 1.14434450e+00
 1.14704402e+00
 1.15424838e+00
 1.16389183e+00
 1.17408225e+00
 1.18391467e+00
 1.19319615e+00
 1.20184315e+00
 1.20962197e+00
 1.21618245e+00
 1.22115145e+00
 1.22419223e+00
 1.22502873e+00
 1.22345362e+00
 1.21933627e+00
 1.21263395e+00
 1.20339862e+00
 1.19177646e+00
 1.17800662e+00
 1.16241739e+00
 1.14541208e+00
 1.12744636e+00
 1.10900578e+00
 1.09058586e+00
 1.07267000e+00
 1.05569046e+00
 1.03993583e+00
 1.02538723e+00
 1.01171167e+00
 9.98991082e-01
 9.89032054e-01
 9.85118444e-01
 1.18368393e+00
 1.18597375e+00
 1.19158199e+00
 1.19826448e+00
 1.20481370e+00
 1.21100743e+00
 1.21674665e+00
 1.22174122e+00
 1.22559470e+00
 1.22791575e+00
 1.22837189e+00
 1.22670558e+00
 1.22272827e+00
 1.21630836e+00
 1.20737688e+00
 1.19595083e+00
 1.18214088e+00
 1.16613975e+00
 1.14822284e+00
 1.12875673e+00
 1.10818313e+00
 1.08698176e+00
 1.06563789e+00
 1.04461781e+00
 1.02434469e+00
 1.00519467e+00
 9.87586748e-01
 9.72238352e-01
 9.60374098e-01
 9.53174452e-01
 9.50338030e-01
 9.49827209e-01
 1.25117062e+00
 1.24737557e+00
 1.23923259e+00
 1.23246507e+00
 1.22965209e+00
 1.22989432e+00
 1.23129205e+00
 1.23237706e+00
 1.23225589e+00
 1.23040032e+00
 1.22649406e+00
 1.22035787e+00
 1.21189279e+00
 1.20102484e+00
 1.18771417e+00
 1.17202510e+00
 1.15413237e+00
 1.13426278e+00
 1.11270132e+00
 1.08984661e+00
 1.06619308e+00
 1.04225792e+00
 1.01854253e+00
 9.95529599e-01
 9.73675238e-01
 9.53376010e-01
 9.34896222e-01
 9.18244745e-01
 9.03157398e-01
 8.89693007e-01
 8.79452396e-01
 8.75476825e-01
 1.20109666e+00
 1.20644643e+00
 1.21813280e+00
 1.22860992e+00
 1.23456555e+00
 1.23677574e+00
 1.23664288e+00
 1.23472168e+00
 1.23096128e+00
 1.22514602e+00
 1.21710845e+00
 1.20680210e+00
 1.19425597e+00
 1.17942584e+00
 1.16222423e+00
 1.14275680e+00
 1.12131015e+00
 1.09812804e+00
 1.07343773e+00
 1.04766352e+00
 1.02139605e+00
 9.95205655e-01
 9.69600315e-01
 9.45081459e-01
 9.22187397e-01
 9.01497616e-01
 8.83619073e-01
 8.69195840e-01
 8.58915453e-01
 8.53173605e-01
 8.51189521e-01
 8.50931060e-01
 1.26628491e+00
 1.26189677e+00
 1.25283950e+00
 1.24558024e+00
 1.24173413e+00
 1.23917451e+00
 1.23580729e+00
 1.23067140e+00
 1.22342080e+00
 1.21388511e+00
 1.20198180e+00
 1.18782436e+00
 1.17168359e+00
 1.15349321e+00
 1.13291239e+00
 1.11011273e+00
 1.08565857e+00
 1.05978026e+00
 1.03246721e+00
 1.00417145e+00
 9.75704970e-01
 9.47700828e-01
 9.20616130e-01
 8.94900401e-01
 8.71097058e-01
 8.49850277e-01
 8.31860238e-01
 8.17723364e-01
 8.07553201e-01
 8.00751445e-01
 7.96612283e-01
 7.95149861e-01
 1.22704174e+00
 1.23029892e+00
 1.23657785e+00
 1.24037397e+00
 1.23996488e+00
 1.23629282e+00
 1.23022060e+00
 1.22195458e+00
 1.21141442e+00
 1.19846474e+00
 1.18298328e+00
 1.16521894e+00
 1.14605080e+00
 1.12530147e+00
 1.10182235e+00
 1.07599332e+00
 1.04908214e+00
 1.02124671e+00
 9.91782333e-01
 9.61211209e-01
 9.30906661e-01
 9.01512195e-01
 8.73339210e-01
 8.46670579e-01
 8.21956084e-01
 7.99718275e-01
 7.80420217e-01
 7.64503214e-01
 7.52380083e-01
 7.44328754e-01
 7.40125872e-01
 7.38910987e-01
 1.25102766e+00
 1.24965759e+00
 1.24650954e+00
 1.24256059e+00
 1.23739519e+00
 1.23040005e+00
 1.22134458e+00
 1.21014792e+00
 1.19667015e+00
 1.18075408e+00
 1.16206603e+00
 1.14065735e+00
 1.11911225e+00
 1.09698958e+00
 1.07094873e+00
 1.04211592e+00
 1.01328910e+00
 9.84486075e-01
 9.53272672e-01
 9.20383386e-01
 8.88613343e-01
 8.58234854e-01
 8.29408105e-01
 8.02051891e-01
 7.76563395e-01
 7.53439080e-01
 7.32766359e-01
 7.14700053e-01
 6.99558750e-01
 6.87868633e-01
 6.80342040e-01
 6.77717459e-01
 1.26280404e+00
 1.25990148e+00
 1.25229403e+00
 1.24258847e+00
 1.23262035e+00
 1.22226170e+00
 1.21046599e+00
 1.19676699e+00
 1.18084853e+00
 1.16250625e+00
 1.14133953e+00
 1.11556509e+00
 1.09239108e+00
 1.07074780e+00
 1.04211359e+00
 1.00996629e+00
 9.79709521e-01
 9.51338625e-01
 9.18679304e-01
 8.82921522e-01
 8.50307068e-01
 8.19198462e-01
 7.90290530e-01
 7.62465240e-01
 7.36342012e-01
 7.12930320e-01
 6.91613892e-01
 6.72377789e-01
 6.55389799e-01
 6.41169925e-01
 6.31220228e-01
 6.27581823e-01
 1.24804243e+00
 1.24598568e+00
 1.24050186e+00
 1.23281266e+00
 1.22352317e+00
 1.21252081e+00
 1.19887678e+00
 1.18325088e+00
 1.16559408e+00
 1.14505670e+00
 1.12317053e+00
 1.09105972e+00
 1.06718032e+00
 1.04870295e+00
 1.01678340e+00
 9.80881223e-01
 9.49500516e-01
 9.23402523e-01
 8.89544050e-01
 8.49605208e-01
 8.17500256e-01
 7.85332621e-01
 7.57302204e-01
 7.29007388e-01
 7.02054821e-01
 6.79344058e-01
 6.58141408e-01
 6.39203741e-01
 6.23479007e-01
 6.11389307e-01
 6.03521822e-01
 6.00756267e-01
 1.22932605e+00
 1.22879800e+00
 1.22638027e+00
 1.22152951e+00
 1.21401229e+00
 1.20347030e+00
 1.18809671e+00
 1.17080160e+00
 1.15267601e+00
 1.12903425e+00
 1.10997471e+00
 1.06811188e+00
 1.04476944e+00
 1.03249734e+00
 9.95941135e-01
 9.56214477e-01
 9.23708610e-01
 9.01777556e-01
 8.67084875e-01
 8.20911127e-01
 7.91800031e-01
 7.57112180e-01
 7.31615035e-01
 7.02471717e-01
 6.73920285e-01
 6.53456730e-01
 6.32210343e-01
 6.13495322e-01
 5.99432998e-01
 5.90062150e-01
 5.84913878e-01
 5.83369422e-01
 1.21727099e+00
 1.21715827e+00
 1.21576904e+00
 1.21254189e+00
 1.20659904e+00
 1.19681540e+00
 1.17949949e+00
 1.16028767e+00
 1.14376798e+00
 1.11483153e+00
 1.10313576e+00
 1.04815752e+00
 1.02675858e+00
 1.02257824e+00
 9.80234576e-01
 9.37365476e-01
 9.03551522e-01
 8.86811994e-01
 8.51885168e-01
 7.97664042e-01
 7.74395303e-01
 7.34982147e-01
 7.13975315e-01
 6.83367436e-01
 6.52150367e-01
 6.35903609e-01
 6.13596873e-01
 5.94499635e-01
 5.81510920e-01
 5.73843142e-01
 5.70156895e-01
 5.69172103e-01
 1.21214053e+00
 1.21203583e+00
 1.21013662e+00
 1.20708946e+00
 1.20222716e+00
 1.19302060e+00
 1.17410529e+00
 1.15278564e+00
 1.13935592e+00
 1.10407839e+00
 1.10144490e+00
 1.03385143e+00
 1.01497713e+00
 1.01786278e+00
 9.70321586e-01
 9.25547988e-01
 8.90520626e-01
 8.78183743e-01
 8.43544015e-01
 7.81833845e-01
 7.65073618e-01
 7.20230050e-01
 7.04163316e-01
 6.71917881e-01
 6.37769325e-01
 6.26431046e-01
 6.02191689e-01
 5.82525427e-01
 5.69898113e-01
 5.62754423e-01
 5.59478376e-01
 5.58836305e-01
 1.21094500e+00
 1.21015096e+00
 1.20805775e+00
 1.20512381e+00
 1.20080918e+00
 1.19181247e+00
 1.17230751e+00
 1.14996479e+00
 1.13821150e+00
 1.09990233e+00
 1.10152795e+00
 1.02853761e+00
 1.01087333e+00
 1.01657870e+00
 9.66907254e-01
 9.21526321e-01
 8.85987103e-01
 8.75382471e-01
 8.40968115e-01
 7.76110703e-01
 7.62287382e-01
 7.14941700e-01
 7.01108624e-01
 6.68117063e-01
 6.32632135e-01
 6.23595310e-01
 5.98305701e-01
 5.78450612e-01
 5.65958927e-01
 5.59061255e-01
 5.55866645e-01
 5.54973000e-01
