 -1.75981300e+00
 -1.76250216e+00
 -1.76773527e+00
 -1.76946889e+00
 -1.76549253e+00
 -1.76807712e+00
 -1.79915952e+00
 -1.78109383e+00
 -1.74585856e+00
 -1.78372424e+00
 -1.81598327e+00
 -1.78092987e+00
 -1.83160440e+00
 -1.83277087e+00
 -1.76591114e+00
 -1.80873429e+00
 -1.73530941e+00
 -1.76390267e+00
 -1.69088801e+00
 -1.71692408e+00
 -1.69812356e+00
 -1.66448199e+00
 -1.62268709e+00
 -1.61467864e+00
 -1.56007824e+00
 -1.56198157e+00
 -1.53217060e+00
 -1.48484759e+00
 -1.44864148e+00
 -1.43102525e+00
 -1.42615855e+00
 -1.42573700e+00
 -1.75799570e+00
 -1.76050199e+00
 -1.76630336e+00
 -1.76945187e+00
 -1.76757278e+00
 -1.77147892e+00
 -1.79798880e+00
 -1.78228386e+00
 -1.75144186e+00
 -1.78528113e+00
 -1.81461268e+00
 -1.78462980e+00
 -1.83003222e+00
 -1.83004813e+00
 -1.76929850e+00
 -1.80415165e+00
 -1.73789826e+00
 -1.75919332e+00
 -1.69291049e+00
 -1.71302039e+00
 -1.69494930e+00
 -1.66096258e+00
 -1.62101549e+00
 -1.60909921e+00
 -1.55922980e+00
 -1.55589997e+00
 -1.52675696e+00
 -1.48180783e+00
 -1.44763637e+00
 -1.42962409e+00
 -1.42283431e+00
 -1.41971750e+00
 -1.75410983e+00
 -1.75694893e+00
 -1.76398850e+00
 -1.77028175e+00
 -1.77326234e+00
 -1.77956114e+00
 -1.79658101e+00
 -1.78617103e+00
 -1.76554991e+00
 -1.78982586e+00
 -1.81194056e+00
 -1.79343769e+00
 -1.82590841e+00
 -1.82320271e+00
 -1.77651340e+00
 -1.79301790e+00
 -1.74268030e+00
 -1.74749018e+00
 -1.69615914e+00
 -1.70252288e+00
 -1.68503663e+00
 -1.65082640e+00
 -1.61443345e+00
 -1.59430871e+00
 -1.55383032e+00
 -1.53961171e+00
 -1.51136197e+00
 -1.47240039e+00
 -1.44209822e+00
 -1.42224987e+00
 -1.41060138e+00
 -1.40589519e+00
 -1.75261967e+00
 -1.75589063e+00
 -1.76429983e+00
 -1.77374228e+00
 -1.78133462e+00
 -1.78905112e+00
 -1.79836342e+00
 -1.79311144e+00
 -1.78261722e+00
 -1.79671890e+00
 -1.81052119e+00
 -1.80254564e+00
 -1.82039114e+00
 -1.81460096e+00
 -1.78167864e+00
 -1.77993830e+00
 -1.74392653e+00
 -1.73294285e+00
 -1.69508938e+00
 -1.68727711e+00
 -1.66798770e+00
 -1.63435984e+00
 -1.60022654e+00
 -1.57312271e+00
 -1.53926241e+00
 -1.51607797e+00
 -1.48815259e+00
 -1.45626397e+00
 -1.43066153e+00
 -1.41173553e+00
 -1.39888753e+00
 -1.39373710e+00
 -1.76021180e+00
 -1.76357496e+00
 -1.77225045e+00
 -1.78264586e+00
 -1.79178651e+00
 -1.79914260e+00
 -1.80433536e+00
 -1.80240705e+00
 -1.79813688e+00
 -1.80448835e+00
 -1.81110260e+00
 -1.80816462e+00
 -1.81396676e+00
 -1.80514329e+00
 -1.78067132e+00
 -1.76660608e+00
 -1.73799233e+00
 -1.71681110e+00
 -1.68586007e+00
 -1.66735802e+00
 -1.64395907e+00
 -1.61080273e+00
 -1.57692925e+00
 -1.54569087e+00
 -1.51379640e+00
 -1.48588774e+00
 -1.45832321e+00
 -1.43230205e+00
 -1.41228210e+00
 -1.39865000e+00
 -1.39103847e+00
 -1.38865848e+00
 -1.78475097e+00
 -1.78703863e+00
 -1.79271529e+00
 -1.79943636e+00
 -1.80554897e+00
 -1.81029707e+00
 -1.81293642e+00
 -1.81210288e+00
 -1.80990394e+00
 -1.81099822e+00
 -1.81190613e+00
 -1.80865702e+00
 -1.80578766e+00
 -1.79372736e+00
 -1.77215721e+00
 -1.75116366e+00
 -1.72393102e+00
 -1.69705772e+00
 -1.66712945e+00
 -1.64119262e+00
 -1.61284698e+00
 -1.57894395e+00
 -1.54402961e+00
 -1.51028502e+00
 -1.47772499e+00
 -1.44769050e+00
 -1.42052435e+00
 -1.39837496e+00
 -1.38431969e+00
 -1.37857209e+00
 -1.37778463e+00
 -1.37797774e+00
 -1.82768000e+00
 -1.82630367e+00
 -1.82343897e+00
 -1.82130864e+00
 -1.82083877e+00
 -1.82131548e+00
 -1.82131257e+00
 -1.81966880e+00
 -1.81676104e+00
 -1.81387706e+00
 -1.80994859e+00
 -1.80330364e+00
 -1.79396954e+00
 -1.77820863e+00
 -1.75583117e+00
 -1.73050749e+00
 -1.70142472e+00
 -1.67064303e+00
 -1.63844236e+00
 -1.60684313e+00
 -1.57368878e+00
 -1.53770364e+00
 -1.50098553e+00
 -1.46517537e+00
 -1.43109099e+00
 -1.39957436e+00
 -1.37146627e+00
 -1.34803524e+00
 -1.33100452e+00
 -1.32197499e+00
 -1.32019537e+00
 -1.32076013e+00
 -1.84056091e+00
 -1.83917283e+00
 -1.83587321e+00
 -1.83243308e+00
 -1.82995165e+00
 -1.82816083e+00
 -1.82599511e+00
 -1.82249450e+00
 -1.81738365e+00
 -1.81080394e+00
 -1.80231588e+00
 -1.79105781e+00
 -1.77622256e+00
 -1.75625482e+00
 -1.73101679e+00
 -1.70192603e+00
 -1.66958176e+00
 -1.63504428e+00
 -1.59914306e+00
 -1.56263419e+00
 -1.52500199e+00
 -1.48607938e+00
 -1.44703100e+00
 -1.40912802e+00
 -1.37332841e+00
 -1.34038382e+00
 -1.31071941e+00
 -1.28395255e+00
 -1.25835750e+00
 -1.23231549e+00
 -1.20932148e+00
 -1.19954880e+00
 -1.82199589e+00
 -1.82318266e+00
 -1.82588050e+00
 -1.82828892e+00
 -1.82903349e+00
 -1.82762165e+00
 -1.82400426e+00
 -1.81815998e+00
 -1.81005080e+00
 -1.79960996e+00
 -1.78654784e+00
 -1.77032607e+00
 -1.75027536e+00
 -1.72568213e+00
 -1.69648578e+00
 -1.66336859e+00
 -1.62707829e+00
 -1.58846190e+00
 -1.54831308e+00
 -1.50720640e+00
 -1.46533336e+00
 -1.42307564e+00
 -1.38134712e+00
 -1.34122595e+00
 -1.30369855e+00
 -1.26962360e+00
 -1.23981205e+00
 -1.21543743e+00
 -1.19872229e+00
 -1.19204285e+00
 -1.19362713e+00
 -1.19581554e+00
 -1.82114436e+00
 -1.82202453e+00
 -1.82385396e+00
 -1.82490978e+00
 -1.82381764e+00
 -1.82006114e+00
 -1.81364248e+00
 -1.80461324e+00
 -1.79289954e+00
 -1.77831779e+00
 -1.76058309e+00
 -1.73931349e+00
 -1.71408567e+00
 -1.68457440e+00
 -1.65081727e+00
 -1.61327595e+00
 -1.57262676e+00
 -1.52963683e+00
 -1.48505691e+00
 -1.43952278e+00
 -1.39356922e+00
 -1.34784709e+00
 -1.30324113e+00
 -1.26075786e+00
 -1.22140369e+00
 -1.18611976e+00
 -1.15565260e+00
 -1.13014484e+00
 -1.10854036e+00
 -1.08927865e+00
 -1.07364840e+00
 -1.06722712e+00
 -1.83800129e+00
 -1.83562826e+00
 -1.82948379e+00
 -1.82149176e+00
 -1.81284619e+00
 -1.80349987e+00
 -1.79274408e+00
 -1.77981607e+00
 -1.76411555e+00
 -1.74519893e+00
 -1.72272154e+00
 -1.69639334e+00
 -1.66598356e+00
 -1.63139264e+00
 -1.59276298e+00
 -1.55051560e+00
 -1.50527493e+00
 -1.45777128e+00
 -1.40875702e+00
 -1.35895485e+00
 -1.30907807e+00
 -1.25991089e+00
 -1.21234544e+00
 -1.16733895e+00
 -1.12585700e+00
 -1.08884966e+00
 -1.05729447e+00
 -1.03238253e+00
 -1.01568012e+00
 -1.00819517e+00
 -1.00777625e+00
 -1.00876474e+00
 -1.80220265e+00
 -1.80106863e+00
 -1.79749812e+00
 -1.79128196e+00
 -1.78252263e+00
 -1.77143647e+00
 -1.75795770e+00
 -1.74169193e+00
 -1.72214536e+00
 -1.69890925e+00
 -1.67170371e+00
 -1.64035755e+00
 -1.60480118e+00
 -1.56509820e+00
 -1.52149515e+00
 -1.47444133e+00
 -1.42455570e+00
 -1.37256541e+00
 -1.31924665e+00
 -1.26538999e+00
 -1.21180236e+00
 -1.15932782e+00
 -1.10884697e+00
 -1.06124082e+00
 -1.01733727e+00
 -9.77846276e-01
 -9.43233129e-01
 -9.13443599e-01
 -8.87706959e-01
 -8.65446322e-01
 -8.48634997e-01
 -8.42086816e-01
 -1.75404217e+00
 -1.75280014e+00
 -1.74914598e+00
 -1.74316127e+00
 -1.73467770e+00
 -1.72322104e+00
 -1.70823630e+00
 -1.68930417e+00
 -1.66617519e+00
 -1.63871166e+00
 -1.60684570e+00
 -1.57057445e+00
 -1.52997944e+00
 -1.48525864e+00
 -1.43675761e+00
 -1.38498098e+00
 -1.33057413e+00
 -1.27428399e+00
 -1.21691713e+00
 -1.15931031e+00
 -1.10231805e+00
 -1.04680606e+00
 -9.93633024e-01
 -9.43612724e-01
 -8.97465164e-01
 -8.55795530e-01
 -8.19208194e-01
 -7.88673133e-01
 -7.65838051e-01
 -7.52170381e-01
 -7.46689373e-01
 -7.45635642e-01
 -1.68448216e+00
 -1.68431044e+00
 -1.68335481e+00
 -1.68034444e+00
 -1.67365180e+00
 -1.66209725e+00
 -1.64528278e+00
 -1.62330200e+00
 -1.59635643e+00
 -1.56459485e+00
 -1.52812457e+00
 -1.48707138e+00
 -1.44163221e+00
 -1.39211165e+00
 -1.33894357e+00
 -1.28269569e+00
 -1.22405507e+00
 -1.16379965e+00
 -1.10276564e+00
 -1.04181981e+00
 -9.81839372e-01
 -9.23695394e-01
 -8.68234038e-01
 -8.16254367e-01
 -7.68479218e-01
 -7.25489616e-01
 -6.87548461e-01
 -6.54308424e-01
 -6.24855621e-01
 -5.99044046e-01
 -5.79728063e-01
 -5.72307150e-01
 -1.63451180e+00
 -1.63377628e+00
 -1.63058615e+00
 -1.62319015e+00
 -1.61075509e+00
 -1.59340028e+00
 -1.57137913e+00
 -1.54471816e+00
 -1.51332212e+00
 -1.47712462e+00
 -1.43615245e+00
 -1.39054413e+00
 -1.34055783e+00
 -1.28657687e+00
 -1.22911088e+00
 -1.16878925e+00
 -1.10634478e+00
 -1.04258892e+00
 -9.78383415e-01
 -9.14613373e-01
 -8.52163896e-01
 -7.91900343e-01
 -7.34653357e-01
 -6.81216979e-01
 -6.32381862e-01
 -5.89042841e-01
 -5.52408068e-01
 -5.24179297e-01
 -5.06161025e-01
 -4.98606415e-01
 -4.98192092e-01
 -4.99080517e-01
 -1.60161401e+00
 -1.59552523e+00
 -1.57971625e+00
 -1.55896100e+00
 -1.53623086e+00
 -1.51173615e+00
 -1.48442361e+00
 -1.45327162e+00
 -1.41765353e+00
 -1.37728308e+00
 -1.33212183e+00
 -1.28232384e+00
 -1.22820382e+00
 -1.17021641e+00
 -1.10894038e+00
 -1.04506291e+00
 -9.79360377e-01
 -9.12674825e-01
 -8.45887680e-01
 -7.79893350e-01
 -7.15574598e-01
 -6.53780341e-01
 -5.95305370e-01
 -5.40868553e-01
 -4.91077815e-01
 -4.46358355e-01
 -4.06827550e-01
 -3.72192952e-01
 -3.41994366e-01
 -3.16622236e-01
 -2.98594146e-01
 -2.91896470e-01
 -1.44855981e+00
 -1.44967451e+00
 -1.45030953e+00
 -1.44537627e+00
 -1.43209823e+00
 -1.41080455e+00
 -1.38289586e+00
 -1.34934842e+00
 -1.31055340e+00
 -1.26665759e+00
 -1.21782374e+00
 -1.16433131e+00
 -1.10659377e+00
 -1.04514902e+00
 -9.80644306e-01
 -9.13819770e-01
 -8.45489691e-01
 -7.76520519e-01
 -7.07806286e-01
 -6.40243151e-01
 -5.74704927e-01
 -5.12021035e-01
 -4.52957685e-01
 -3.98201088e-01
 -3.48337083e-01
 -3.03819504e-01
 -2.64944512e-01
 -2.31918915e-01
 -2.05106809e-01
 -1.85232411e-01
 -1.73090147e-01
 -1.69035834e-01
 -1.39480805e+00
 -1.38867679e+00
 -1.37284133e+00
 -1.35204273e+00
 -1.32874289e+00
 -1.30247531e+00
 -1.27184167e+00
 -1.23592812e+00
 -1.19447421e+00
 -1.14760438e+00
 -1.09563273e+00
 -1.03899141e+00
 -9.78212906e-01
 -9.13923299e-01
 -8.46833753e-01
 -7.77729039e-01
 -7.07452407e-01
 -6.36886184e-01
 -5.66928977e-01
 -4.98471511e-01
 -4.32373098e-01
 -3.69441075e-01
 -3.10417243e-01
 -2.55980156e-01
 -2.06783580e-01
 -1.63559806e-01
 -1.27265105e-01
 -9.90611341e-02
 -7.97731357e-02
 -6.88998728e-02
 -6.42365721e-02
 -6.30854600e-02
 -1.23160793e+00
 -1.23183655e+00
 -1.23039554e+00
 -1.22326456e+00
 -1.20807931e+00
 -1.18469951e+00
 -1.15385920e+00
 -1.11626451e+00
 -1.07247106e+00
 -1.02298446e+00
 -9.68327781e-01
 -9.09071832e-01
 -8.45849354e-01
 -7.79358311e-01
 -7.10358429e-01
 -6.39664908e-01
 -5.68137969e-01
 -4.96665762e-01
 -4.26142700e-01
 -3.57446726e-01
 -2.91416683e-01
 -2.28831035e-01
 -1.70389794e-01
 -1.16696305e-01
 -6.82254498e-02
 -2.52602552e-02
 1.21878593e-02
 4.43503471e-02
 7.13525266e-02
 9.25995067e-02
 1.06548908e-01
 1.11453616e-01
 -1.14496383e+00
 -1.14140630e+00
 -1.13145930e+00
 -1.11611051e+00
 -1.09523786e+00
 -1.06810147e+00
 -1.03432156e+00
 -9.94049590e-01
 -9.47700246e-01
 -8.95774507e-01
 -8.38827145e-01
 -7.77477583e-01
 -7.12411677e-01
 -6.44369895e-01
 -5.74136507e-01
 -5.02537851e-01
 -4.30438012e-01
 -3.58721181e-01
 -2.88268396e-01
 -2.19937392e-01
 -1.54541946e-01
 -9.28289318e-02
 -3.54602343e-02
 1.70001351e-02
 6.41095885e-02
 1.05602489e-01
 1.41472648e-01
 1.71987201e-01
 1.97429222e-01
 2.17498185e-01
 2.30846469e-01
 2.35600990e-01
 -1.04470687e+00
 -1.04106792e+00
 -1.02983709e+00
 -1.01087110e+00
 -9.84890448e-01
 -9.52799549e-01
 -9.15026792e-01
 -8.71662291e-01
 -8.22813273e-01
 -7.68761848e-01
 -7.09974254e-01
 -6.47066958e-01
 -5.80756998e-01
 -5.11806256e-01
 -4.40994575e-01
 -3.69136185e-01
 -2.97089968e-01
 -2.25730385e-01
 -1.55914579e-01
 -8.84714918e-02
 -2.41886255e-02
 3.62195784e-02
 9.21321977e-02
 1.43006380e-01
 1.88323616e-01
 2.27485127e-01
 2.59673179e-01
 2.83868842e-01
 2.99392223e-01
 3.06953259e-01
 3.09183559e-01
 3.09410730e-01
 -9.39931360e-01
 -9.34593442e-01
 -9.19779970e-01
 -8.97655402e-01
 -8.69463334e-01
 -8.35511953e-01
 -7.95874711e-01
 -7.50674182e-01
 -7.00117713e-01
 -6.44540012e-01
 -5.84448023e-01
 -5.20522285e-01
 -4.53550326e-01
 -3.84311553e-01
 -3.13535187e-01
 -2.41992293e-01
 -1.70544550e-01
 -1.00062439e-01
 -3.13611671e-02
 3.47748840e-02
 9.75748157e-02
 1.56349031e-01
 2.10545307e-01
 2.59728794e-01
 3.03548319e-01
 3.41736663e-01
 3.74120505e-01
 4.00563596e-01
 4.20842323e-01
 4.34732760e-01
 4.42480463e-01
 4.44898586e-01
 -8.03873709e-01
 -8.01519106e-01
 -7.93182754e-01
 -7.76817300e-01
 -7.51852490e-01
 -7.19036015e-01
 -6.79348163e-01
 -6.33525370e-01
 -5.82109755e-01
 -5.25627669e-01
 -4.64729124e-01
 -4.00253482e-01
 -3.33152624e-01
 -2.64228380e-01
 -1.94045320e-01
 -1.23281603e-01
 -5.28639218e-02
 1.63113716e-02
 8.35145018e-02
 1.48051704e-01
 2.09126050e-01
 2.66024630e-01
 3.18285002e-01
 3.65621182e-01
 4.07857505e-01
 4.45018309e-01
 4.77564965e-01
 5.06598124e-01
 5.33456237e-01
 5.58032685e-01
 5.76815052e-01
 5.84059570e-01
 -7.07700059e-01
 -7.02837892e-01
 -6.89355553e-01
 -6.68949782e-01
 -6.42164247e-01
 -6.08876447e-01
 -5.69106364e-01
 -5.23122867e-01
 -4.71359499e-01
 -4.14406909e-01
 -3.53035879e-01
 -2.88307303e-01
 -2.21526161e-01
 -1.53549069e-01
 -8.44552772e-02
 -1.47534939e-02
 5.43468308e-02
 1.21868074e-01
 1.87257309e-01
 2.50067179e-01
 3.09341140e-01
 3.64197322e-01
 4.14314730e-01
 4.59593403e-01
 4.99883563e-01
 5.34899932e-01
 5.64136173e-01
 5.86696280e-01
 6.01420393e-01
 6.08092650e-01
 6.09115687e-01
 6.08722968e-01
 -5.98989617e-01
 -5.95706352e-01
 -5.85089930e-01
 -5.66419937e-01
 -5.40235318e-01
 -5.07277846e-01
 -4.67825645e-01
 -4.21992929e-01
 -3.70144928e-01
 -3.12970081e-01
 -2.51267639e-01
 -1.86297072e-01
 -1.20144961e-01
 -5.39309022e-02
 1.36497687e-02
 8.23197725e-02
 1.49962988e-01
 2.15558547e-01
 2.78784928e-01
 3.39978209e-01
 3.97619970e-01
 4.50306337e-01
 4.98086230e-01
 5.41195845e-01
 5.79610406e-01
 6.12974103e-01
 6.40644703e-01
 6.61922597e-01
 6.76388199e-01
 6.84323699e-01
 6.87262606e-01
 6.87769006e-01
 -5.09884632e-01
 -5.05001555e-01
 -4.91979148e-01
 -4.72907650e-01
 -4.47841075e-01
 -4.16176296e-01
 -3.77655310e-01
 -3.32160331e-01
 -2.80241829e-01
 -2.23023917e-01
 -1.61027293e-01
 -9.54045802e-02
 -2.98925303e-02
 3.32096084e-02
 9.89825226e-02
 1.67207097e-01
 2.33264423e-01
 2.96858732e-01
 3.57248292e-01
 4.17361797e-01
 4.73881520e-01
 5.24189266e-01
 5.69431592e-01
 6.10305131e-01
 6.47042435e-01
 6.79525031e-01
 7.07355576e-01
 7.30646351e-01
 7.50672775e-01
 7.68796711e-01
 7.83507011e-01
 7.89523017e-01
 -4.10129095e-01
 -4.09259908e-01
 -4.04021916e-01
 -3.90538375e-01
 -3.68016124e-01
 -3.37835904e-01
 -3.00580057e-01
 -2.55177434e-01
 -2.02778221e-01
 -1.45866396e-01
 -8.36977259e-02
 -1.65270767e-02
 4.90443868e-02
 1.06547414e-01
 1.70516354e-01
 2.39825192e-01
 3.03654152e-01
 3.65934918e-01
 4.21785817e-01
 4.82230614e-01
 5.38489913e-01
 5.85906212e-01
 6.28481938e-01
 6.67065210e-01
 7.02100014e-01
 7.33985074e-01
 7.61899431e-01
 7.84656389e-01
 8.01381391e-01
 8.11252592e-01
 8.14876395e-01
 8.15339909e-01
 -3.59164279e-01
 -3.55703901e-01
 -3.45236701e-01
 -3.27424831e-01
 -3.02684693e-01
 -2.73162361e-01
 -2.38226951e-01
 -1.92046496e-01
 -1.38139302e-01
 -8.24450945e-02
 -2.03984460e-02
 4.94049068e-02
 1.17120873e-01
 1.64804966e-01
 2.27522530e-01
 3.00804735e-01
 3.60188106e-01
 4.23875135e-01
 4.71282959e-01
 5.35140640e-01
 5.91984411e-01
 6.35555694e-01
 6.75615925e-01
 7.12014857e-01
 7.44982884e-01
 7.76576895e-01
 8.05144349e-01
 8.28292007e-01
 8.44674130e-01
 8.53908501e-01
 8.57917536e-01
 8.58941494e-01
 -3.25401892e-01
 -3.19554090e-01
 -3.02931758e-01
 -2.78604596e-01
 -2.49799247e-01
 -2.21570368e-01
 -1.92146554e-01
 -1.43145265e-01
 -8.62048006e-02
 -3.34655119e-02
 2.83107571e-02
 1.01179566e-01
 1.74789538e-01
 2.07141528e-01
 2.69746766e-01
 3.51121006e-01
 4.01488737e-01
 4.72386403e-01
 5.04665280e-01
 5.77166056e-01
 6.34550032e-01
 6.73289533e-01
 7.11338297e-01
 7.46110137e-01
 7.76140233e-01
 8.08037943e-01
 8.37873689e-01
 8.62837802e-01
 8.82057379e-01
 8.94785288e-01
 9.02041196e-01
 9.04235716e-01
 -2.94370325e-01
 -2.87134363e-01
 -2.67586385e-01
 -2.40094459e-01
 -2.08337924e-01
 -1.82331185e-01
 -1.63231060e-01
 -1.08192971e-01
 -4.71737794e-02
 7.13992534e-04
 6.26333724e-02
 1.37671913e-01
 2.21033879e-01
 2.34063053e-01
 2.97746815e-01
 3.90806841e-01
 4.27013519e-01
 5.12021054e-01
 5.22454243e-01
 6.09120145e-01
 6.65649411e-01
 6.99543567e-01
 7.36125344e-01
 7.70424999e-01
 7.96316263e-01
 8.29541661e-01
 8.60368376e-01
 8.87262922e-01
 9.09195585e-01
 9.24416414e-01
 9.34037435e-01
 9.37251110e-01
 -2.69928722e-01
 -2.63444299e-01
 -2.44170234e-01
 -2.15150327e-01
 -1.81230772e-01
 -1.56426109e-01
 -1.49577471e-01
 -8.68547522e-02
 -2.23865791e-02
 2.04851816e-02
 8.30980038e-02
 1.58791469e-01
 2.52202883e-01
 2.47987476e-01
 3.13120687e-01
 4.17472065e-01
 4.39071848e-01
 5.39802808e-01
 5.28684538e-01
 6.30121811e-01
 6.84478156e-01
 7.14994865e-01
 7.50500542e-01
 7.85419679e-01
 8.06949342e-01
 8.42262189e-01
 8.73200013e-01
 9.01697329e-01
 9.25429558e-01
 9.42247506e-01
 9.52577969e-01
 9.55672793e-01
 -2.60493000e-01
 -2.54296404e-01
 -2.35788612e-01
 -2.06328845e-01
 -1.71733949e-01
 -1.47065181e-01
 -1.46063429e-01
 -7.95774379e-02
 -1.38086898e-02
 2.68801003e-02
 8.99253390e-02
 1.65594549e-01
 2.63382550e-01
 2.52122668e-01
 3.17917156e-01
 4.27064181e-01
 4.42259039e-01
 5.50074765e-01
 5.29680421e-01
 6.37621225e-01
 6.90738810e-01
 7.20108263e-01
 7.55162042e-01
 7.90577332e-01
 8.10120680e-01
 8.46542700e-01
 8.77287570e-01
 9.06459767e-01
 9.30682160e-01
 9.47978722e-01
 9.58103445e-01
 9.61410000e-01
