 2.85176700e+00
 2.85830710e+00
 2.87214531e+00
 2.88488936e+00
 2.90688192e+00
 2.91651235e+00
 2.95750557e+00
 2.95110801e+00
 2.99040515e+00
 3.00100650e+00
 2.99395100e+00
 2.84103358e+00
 2.84924573e+00
 2.86440068e+00
 2.87981602e+00
 2.90039325e+00
 2.91470150e+00
 2.94877152e+00
 2.95198469e+00
 2.98174711e+00
 2.99311471e+00
 2.99290519e+00
 2.82493222e+00
 2.83132214e+00
 2.84523580e+00
 2.86280071e+00
 2.88309594e+00
 2.90363563e+00
 2.92917155e+00
 2.94417559e+00
 2.96204839e+00
 2.97256678e+00
 2.97609584e+00
 2.80789522e+00
 2.80843548e+00
 2.81614159e+00
 2.83343040e+00
 2.85543588e+00
 2.87891378e+00
 2.90227272e+00
 2.92123686e+00
 2.93512489e+00
 2.94049805e+00
 2.94046658e+00
 2.74634291e+00
 2.75428372e+00
 2.77207675e+00
 2.79366301e+00
 2.81758731e+00
 2.84246221e+00
 2.86637018e+00
 2.88736834e+00
 2.90467137e+00
 2.91790485e+00
 2.92364284e+00
 2.71736962e+00
 2.72087559e+00
 2.73229383e+00
 2.75089859e+00
 2.77415108e+00
 2.79926432e+00
 2.82383620e+00
 2.84604518e+00
 2.86407225e+00
 2.87533670e+00
 2.87878861e+00
 2.68621214e+00
 2.68800811e+00
 2.69520758e+00
 2.71048455e+00
 2.73244205e+00
 2.75717552e+00
 2.78200217e+00
 2.80512114e+00
 2.82485127e+00
 2.83895333e+00
 2.84431674e+00
 2.64888098e+00
 2.65121500e+00
 2.66022276e+00
 2.67723299e+00
 2.70030507e+00
 2.72450237e+00
 2.74953243e+00
 2.77311892e+00
 2.79305752e+00
 2.80838102e+00
 2.81422222e+00
 2.61574485e+00
 2.62223370e+00
 2.63597283e+00
 2.65592508e+00
 2.68316019e+00
 2.70481417e+00
 2.73081174e+00
 2.75567181e+00
 2.77033602e+00
 2.78342095e+00
 2.79071784e+00
 2.61214980e+00
 2.61652882e+00
 2.62514724e+00
 2.64458198e+00
 2.67995447e+00
 2.69490402e+00
 2.72316007e+00
 2.75266984e+00
 2.75726870e+00
 2.75698905e+00
 2.75871664e+00
 2.61694900e+00
 2.61775574e+00
 2.62206785e+00
 2.64050278e+00
 2.68134885e+00
 2.69156420e+00
 2.72130743e+00
 2.75427897e+00
 2.75381235e+00
 2.74552437e+00
 2.74227000e+00
