 1.27555800e+00
 1.27022309e+00
 1.25876376e+00
 1.25124752e+00
 1.25304503e+00
 1.24937024e+00
 1.20634175e+00
 1.19268230e+00
 1.19998207e+00
 1.14771448e+00
 1.08965348e+00
 1.12023513e+00
 1.03939327e+00
 1.02141850e+00
 9.80736111e-01
 9.54423605e-01
 9.17147396e-01
 8.75129343e-01
 8.29672661e-01
 7.37880323e-01
 7.15899690e-01
 6.95933070e-01
 6.76946603e-01
 6.08022126e-01
 5.84414793e-01
 5.73624892e-01
 5.09428134e-01
 4.94726821e-01
 4.94585684e-01
 4.89241251e-01
 4.80506202e-01
 4.76316000e-01
 1.27022792e+00
 1.26652979e+00
 1.25750884e+00
 1.25010853e+00
 1.25018652e+00
 1.24435317e+00
 1.20579144e+00
 1.19113517e+00
 1.19460243e+00
 1.14470757e+00
 1.09043207e+00
 1.11305922e+00
 1.03843927e+00
 1.01729887e+00
 9.77721011e-01
 9.50128843e-01
 9.12793210e-01
 8.70668992e-01
 8.23978696e-01
 7.36599653e-01
 7.12050023e-01
 6.91527621e-01
 6.70152930e-01
 6.05481523e-01
 5.80418376e-01
 5.66043527e-01
 5.08337261e-01
 4.91699414e-01
 4.89186987e-01
 4.82838252e-01
 4.75068912e-01
 4.71706465e-01
 1.25681584e+00
 1.25552922e+00
 1.25125725e+00
 1.24520385e+00
 1.24152795e+00
 1.23168186e+00
 1.20226074e+00
 1.18560579e+00
 1.17996666e+00
 1.13594009e+00
 1.09001316e+00
 1.09437420e+00
 1.03365489e+00
 1.00564741e+00
 9.68111473e-01
 9.37466594e-01
 8.99742973e-01
 8.57168857e-01
 8.07955697e-01
 7.31184861e-01
 7.00760396e-01
 6.78031306e-01
 6.51412091e-01
 5.96445593e-01
 5.67987135e-01
 5.46390900e-01
 5.01960948e-01
 4.81935148e-01
 4.73761832e-01
 4.65455340e-01
 4.59093035e-01
 4.56899890e-01
 1.24138745e+00
 1.24106719e+00
 1.23918978e+00
 1.23438237e+00
 1.22742531e+00
 1.21484561e+00
 1.19259062e+00
 1.17413469e+00
 1.15911222e+00
 1.12152583e+00
 1.08312146e+00
 1.06940890e+00
 1.02150527e+00
 9.87479307e-01
 9.50862009e-01
 9.16798596e-01
 8.78061830e-01
 8.34573967e-01
 7.83652160e-01
 7.18399854e-01
 6.82185786e-01
 6.55276431e-01
 6.23863439e-01
 5.78294365e-01
 5.46661273e-01
 5.19582957e-01
 4.85706251e-01
 4.63711139e-01
 4.50012230e-01
 4.39395345e-01
 4.32531802e-01
 4.30183709e-01
 1.22871528e+00
 1.22772476e+00
 1.22440479e+00
 1.21804661e+00
 1.20840963e+00
 1.19436710e+00
 1.17523071e+00
 1.15524277e+00
 1.13386884e+00
 1.10082753e+00
 1.06650835e+00
 1.04077583e+00
 1.00008696e+00
 9.62704511e-01
 9.25335647e-01
 8.88227457e-01
 8.47898705e-01
 8.03248122e-01
 7.52290413e-01
 6.95836730e-01
 6.55745680e-01
 6.23856532e-01
 5.89446023e-01
 5.49825434e-01
 5.16666315e-01
 4.87303972e-01
 4.58659083e-01
 4.36066113e-01
 4.18681550e-01
 4.04967750e-01
 3.95820180e-01
 3.92605431e-01
 1.21503876e+00
 1.21258175e+00
 1.20589950e+00
 1.19617242e+00
 1.18390587e+00
 1.16863554e+00
 1.14993366e+00
 1.12854713e+00
 1.10387267e+00
 1.07289028e+00
 1.03975017e+00
 1.00773226e+00
 9.69402229e-01
 9.30396389e-01
 8.91347164e-01
 8.51632933e-01
 8.09472478e-01
 7.63779564e-01
 7.13858568e-01
 6.62793077e-01
 6.20639610e-01
 5.84582337e-01
 5.48498580e-01
 5.11703265e-01
 4.78493282e-01
 4.48911116e-01
 4.22524106e-01
 4.00470472e-01
 3.82371006e-01
 3.67662594e-01
 3.57198287e-01
 3.53250486e-01
 1.18373214e+00
 1.18127945e+00
 1.17445018e+00
 1.16430706e+00
 1.15146153e+00
 1.13571071e+00
 1.11661548e+00
 1.09404416e+00
 1.06768085e+00
 1.03697975e+00
 1.00349820e+00
 9.68387982e-01
 9.29921158e-01
 8.89753058e-01
 8.48851544e-01
 8.06909469e-01
 7.63029548e-01
 7.16600797e-01
 6.67881888e-01
 6.19693091e-01
 5.76592931e-01
 5.37880819e-01
 5.00831905e-01
 4.65215499e-01
 4.32640114e-01
 4.03761061e-01
 3.78912533e-01
 3.58648208e-01
 3.43365304e-01
 3.33351589e-01
 3.28290217e-01
 3.26892136e-01
 1.13179493e+00
 1.13076316e+00
 1.12730950e+00
 1.12059385e+00
 1.10983755e+00
 1.09468960e+00
 1.07519520e+00
 1.05157928e+00
 1.02400862e+00
 9.92662881e-01
 9.58241859e-01
 9.21328235e-01
 8.81844688e-01
 8.40472080e-01
 7.97880957e-01
 7.54102772e-01
 7.08823586e-01
 6.61939721e-01
 6.14131821e-01
 5.67402481e-01
 5.23976895e-01
 4.83953519e-01
 4.46436296e-01
 4.11423533e-01
 3.79649861e-01
 3.51726870e-01
 3.28108910e-01
 3.09206532e-01
 2.95255964e-01
 2.86061633e-01
 2.80957115e-01
 2.79321771e-01
 1.08201551e+00
 1.08157513e+00
 1.07933185e+00
 1.07343135e+00
 1.06259475e+00
 1.04660958e+00
 1.02588882e+00
 1.00093444e+00
 9.72112387e-01
 9.39725575e-01
 9.04188331e-01
 8.65922884e-01
 8.25250372e-01
 7.82658952e-01
 7.38647865e-01
 6.93457627e-01
 6.47170879e-01
 6.00043722e-01
 5.52848045e-01
 5.06939997e-01
 4.63586381e-01
 4.23178570e-01
 3.85641368e-01
 3.51153226e-01
 3.20171414e-01
 2.93134336e-01
 2.70297252e-01
 2.51664763e-01
 2.37056200e-01
 2.26376789e-01
 2.19803891e-01
 2.17583860e-01
 1.05227275e+00
 1.04929309e+00
 1.04088569e+00
 1.02808972e+00
 1.01162935e+00
 9.91758314e-01
 9.68495981e-01
 9.41801183e-01
 9.11659635e-01
 8.78160344e-01
 8.41542056e-01
 8.02152684e-01
 7.60392978e-01
 7.16727732e-01
 6.71624489e-01
 6.25459853e-01
 5.78565151e-01
 5.31398792e-01
 4.84700881e-01
 4.39441326e-01
 3.96481993e-01
 3.56301154e-01
 3.19139989e-01
 2.85273442e-01
 2.55064205e-01
 2.28869018e-01
 2.06926841e-01
 1.89247683e-01
 1.75568508e-01
 1.65544369e-01
 1.59176631e-01
 1.56944057e-01
 9.96912976e-01
 9.93324630e-01
 9.83084336e-01
 9.67567980e-01
 9.48321308e-01
 9.26261209e-01
 9.01487376e-01
 8.73695805e-01
 8.42625533e-01
 8.08244220e-01
 7.70743405e-01
 7.30469230e-01
 6.87857734e-01
 6.43395558e-01
 5.97579470e-01
 5.50883162e-01
 5.03781919e-01
 4.56830336e-01
 4.10715319e-01
 3.66197164e-01
 3.23948455e-01
 2.84444765e-01
 2.48010484e-01
 2.14920646e-01
 1.85450752e-01
 1.59894674e-01
 1.38600091e-01
 1.21993975e-01
 1.10454516e-01
 1.03869834e-01
 1.01140689e-01
 1.00529468e-01
 9.04443900e-01
 9.01742732e-01
 8.94100182e-01
 8.82347018e-01
 8.66872553e-01
 8.47564816e-01
 8.24227211e-01
 7.96839376e-01
 7.65566447e-01
 7.30697841e-01
 6.92609408e-01
 6.51744885e-01
 6.08599553e-01
 5.63701983e-01
 5.17593768e-01
 4.70816824e-01
 4.23924423e-01
 3.77509612e-01
 3.32213908e-01
 2.88682874e-01
 2.47485476e-01
 2.09059442e-01
 1.73713699e-01
 1.41653811e-01
 1.12995148e-01
 8.77692248e-02
 6.59376242e-02
 4.74115457e-02
 3.21107324e-02
 2.01759194e-02
 1.22754064e-02
 9.45911081e-03
 7.87781361e-01
 7.88392313e-01
 7.88775275e-01
 7.85822551e-01
 7.77044642e-01
 7.61646209e-01
 7.40089640e-01
 7.13248756e-01
 6.81930496e-01
 6.46786274e-01
 6.08376679e-01
 5.67240019e-01
 5.23926248e-01
 4.79003491e-01
 4.33051651e-01
 3.86655735e-01
 3.40406959e-01
 2.94907440e-01
 2.50762421e-01
 2.08548804e-01
 1.68770619e-01
 1.31825630e-01
 9.79923188e-02
 6.74236721e-02
 4.01353767e-02
 1.60009405e-02
 -5.20030364e-03
 -2.36228330e-02
 -3.91028059e-02
 -5.10288369e-02
 -5.85803583e-02
 -6.11612227e-02
 7.36118547e-01
 7.33412877e-01
 7.25625798e-01
 7.13444860e-01
 6.97354763e-01
 6.77410365e-01
 6.53459760e-01
 6.25453534e-01
 5.93561371e-01
 5.58130513e-01
 5.19615172e-01
 4.78532711e-01
 4.35442000e-01
 3.90929430e-01
 3.45596432e-01
 3.00049071e-01
 2.54891011e-01
 2.10716900e-01
 1.68099502e-01
 1.27567432e-01
 8.95793800e-02
 5.45050692e-02
 2.26173691e-02
 -5.90771485e-03
 -3.09872660e-02
 -5.26250215e-02
 -7.09008104e-02
 -8.59462218e-02
 -9.78845880e-02
 -1.06724062e-01
 -1.12263580e-01
 -1.14168331e-01
 6.62390504e-01
 6.58355423e-01
 6.47239301e-01
 6.31095607e-01
 6.11484894e-01
 5.88912837e-01
 5.63246805e-01
 5.34263710e-01
 5.01922470e-01
 4.66407549e-01
 4.28079464e-01
 3.87414420e-01
 3.44959556e-01
 3.01302794e-01
 2.57051178e-01
 2.12814189e-01
 1.69190424e-01
 1.26755373e-01
 8.60476102e-02
 4.75529112e-02
 1.16897773e-02
 -2.11984306e-02
 -5.08412451e-02
 -7.70268078e-02
 -9.95736360e-02
 -1.18294431e-01
 -1.32989913e-01
 -1.43549462e-01
 -1.50182963e-01
 -1.53614030e-01
 -1.54961489e-01
 -1.55268321e-01
 5.39519183e-01
 5.38818157e-01
 5.35537012e-01
 5.27461906e-01
 5.13420535e-01
 4.93694545e-01
 4.69154979e-01
 4.40572175e-01
 4.08493343e-01
 3.73362342e-01
 3.35628196e-01
 2.95789572e-01
 2.54397019e-01
 2.12037466e-01
 1.69314198e-01
 1.26827725e-01
 8.51589846e-02
 4.48545547e-02
 6.41315806e-03
 -2.97261621e-02
 -6.31922576e-02
 -9.36844643e-02
 -1.20969873e-01
 -1.44879413e-01
 -1.65309152e-01
 -1.82226385e-01
 -1.95660114e-01
 -2.05659355e-01
 -2.12300960e-01
 -2.15903063e-01
 -2.17296391e-01
 -2.17582674e-01
 4.65630751e-01
 4.61898577e-01
 4.51853263e-01
 4.37581030e-01
 4.20108109e-01
 3.99284821e-01
 3.74789850e-01
 3.46660843e-01
 3.15219203e-01
 2.80898659e-01
 2.44179663e-01
 2.05583403e-01
 1.65669632e-01
 1.25024563e-01
 8.42426441e-02
 4.39071573e-02
 4.57224209e-03
 -3.32527135e-02
 -6.91159657e-02
 -1.02632989e-01
 -1.33491794e-01
 -1.61453702e-01
 -1.86351782e-01
 -2.08094307e-01
 -2.26689344e-01
 -2.42314772e-01
 -2.55436816e-01
 -2.66864856e-01
 -2.77442780e-01
 -2.87205302e-01
 -2.94672307e-01
 -2.97542419e-01
 3.52375210e-01
 3.51692000e-01
 3.48306175e-01
 3.39875716e-01
 3.25495217e-01
 3.05848255e-01
 2.81966968e-01
 2.54555811e-01
 2.24070162e-01
 1.90930528e-01
 1.55610023e-01
 1.18637424e-01
 8.05789322e-02
 4.20183175e-02
 3.53721379e-03
 -3.43042251e-02
 -7.09852640e-02
 -1.06040044e-01
 -1.39069783e-01
 -1.69751102e-01
 -1.97840017e-01
 -2.23171437e-01
 -2.45653709e-01
 -2.65254779e-01
 -2.81967976e-01
 -2.95735828e-01
 -3.06332371e-01
 -3.13321116e-01
 -3.16367333e-01
 -3.15995908e-01
 -3.14090335e-01
 -3.13076247e-01
 2.90584096e-01
 2.85545839e-01
 2.72478264e-01
 2.55298003e-01
 2.36304468e-01
 2.15528656e-01
 1.92216985e-01
 1.65957470e-01
 1.36835773e-01
 1.05226821e-01
 7.16304070e-02
 3.65986486e-02
 7.06261412e-04
 -3.54681439e-02
 -7.13599919e-02
 -1.06437007e-01
 -1.40216466e-01
 -1.72279989e-01
 -2.02284862e-01
 -2.29971293e-01
 -2.55165473e-01
 -2.77778725e-01
 -2.97803235e-01
 -3.15304109e-01
 -3.30406519e-01
 -3.43277269e-01
 -3.54099820e-01
 -3.63028364e-01
 -3.70102771e-01
 -3.75204421e-01
 -3.78210943e-01
 -3.79183919e-01
 1.51335424e-01
 1.52505622e-01
 1.53928334e-01
 1.51507822e-01
 1.42700579e-01
 1.27481584e-01
 1.07059104e-01
 8.26598417e-02
 5.51891472e-02
 2.53309922e-02
 -6.31738459e-03
 -3.91783485e-02
 -7.26766455e-02
 -1.06245804e-01
 -1.39343555e-01
 -1.71469505e-01
 -2.02181801e-01
 -2.31111064e-01
 -2.57970516e-01
 -2.82561729e-01
 -3.04775865e-01
 -3.24590886e-01
 -3.42066418e-01
 -3.57340315e-01
 -3.70635620e-01
 -3.82291435e-01
 -3.92820963e-01
 -4.02931198e-01
 -4.13273572e-01
 -4.23643301e-01
 -4.32065108e-01
 -4.35409804e-01
 1.07286716e-01
 1.04344699e-01
 9.61753848e-02
 8.40900922e-02
 6.89673224e-02
 5.09991804e-02
 3.01543849e-02
 6.54917191e-03
 -1.95054690e-02
 -4.75745343e-02
 -7.71541711e-02
 -1.07703297e-01
 -1.38667544e-01
 -1.69501603e-01
 -1.99690367e-01
 -2.28768160e-01
 -2.56335209e-01
 -2.82070580e-01
 -3.05740820e-01
 -3.27203674e-01
 -3.46406376e-01
 -3.63378033e-01
 -3.78215576e-01
 -3.91061380e-01
 -4.02064787e-01
 -4.11303713e-01
 -4.18626770e-01
 -4.23447340e-01
 -4.24833124e-01
 -4.22516624e-01
 -4.18452432e-01
 -4.16412616e-01
 4.73689671e-02
 4.32094347e-02
 3.21561874e-02
 1.70392249e-02
 -1.75706592e-04
 -1.89642109e-02
 -3.95258304e-02
 -6.20782303e-02
 -8.65871976e-02
 -1.12774943e-01
 -1.40208803e-01
 -1.68379843e-01
 -1.96755388e-01
 -2.24813645e-01
 -2.52068896e-01
 -2.78091384e-01
 -3.02523120e-01
 -3.25089535e-01
 -3.45606463e-01
 -3.63981778e-01
 -3.80210849e-01
 -3.94364681e-01
 -4.06569352e-01
 -4.16975867e-01
 -4.25725108e-01
 -4.32935294e-01
 -4.38789080e-01
 -4.43792438e-01
 -4.48950457e-01
 -4.55044866e-01
 -4.60948686e-01
 -4.63532728e-01
 -5.85340254e-02
 -5.77469124e-02
 -5.74346402e-02
 -6.11808270e-02
 -7.05064079e-02
 -8.47145917e-02
 -1.02551765e-01
 -1.23092354e-01
 -1.45720340e-01
 -1.69922795e-01
 -1.95187860e-01
 -2.20989603e-01
 -2.46803993e-01
 -2.72130709e-01
 -2.96513733e-01
 -3.19559113e-01
 -3.40949168e-01
 -3.60452577e-01
 -3.77929711e-01
 -3.93332557e-01
 -4.06698441e-01
 -4.18136671e-01
 -4.27807514e-01
 -4.35894689e-01
 -4.42575647e-01
 -4.47990547e-01
 -4.52178488e-01
 -4.54914684e-01
 -4.55578018e-01
 -4.53707550e-01
 -4.50465994e-01
 -4.48804606e-01
 -9.17517778e-02
 -9.53639649e-02
 -1.04204663e-01
 -1.15051887e-01
 -1.26949977e-01
 -1.40720543e-01
 -1.57040757e-01
 -1.75849959e-01
 -1.96677980e-01
 -2.18957295e-01
 -2.42127236e-01
 -2.65648232e-01
 -2.89005924e-01
 -3.11722440e-01
 -3.33371776e-01
 -3.53594885e-01
 -3.72112077e-01
 -3.88731481e-01
 -4.03352872e-01
 -4.15966294e-01
 -4.26645058e-01
 -4.35532810e-01
 -4.42825044e-01
 -4.48746889e-01
 -4.53531460e-01
 -4.57406457e-01
 -4.60607674e-01
 -4.63457582e-01
 -4.66464732e-01
 -4.70047440e-01
 -4.73581871e-01
 -4.75154453e-01
 -1.64642847e-01
 -1.64105786e-01
 -1.64197227e-01
 -1.67730147e-01
 -1.75740556e-01
 -1.87702172e-01
 -2.02781155e-01
 -2.20276428e-01
 -2.39578952e-01
 -2.60117920e-01
 -2.81347265e-01
 -3.02744291e-01
 -3.23815564e-01
 -3.44109119e-01
 -3.63229169e-01
 -3.80849980e-01
 -3.96726845e-01
 -4.10703106e-01
 -4.22712631e-01
 -4.32777418e-01
 -4.41000240e-01
 -4.47552651e-01
 -4.52659034e-01
 -4.56577985e-01
 -4.59582727e-01
 -4.61944748e-01
 -4.63928281e-01
 -4.65777250e-01
 -4.67601542e-01
 -4.69185540e-01
 -4.70147100e-01
 -4.70429157e-01
 -1.92550556e-01
 -1.93793728e-01
 -1.97510993e-01
 -2.03909315e-01
 -2.13292841e-01
 -2.25559870e-01
 -2.40251017e-01
 -2.56853747e-01
 -2.74893372e-01
 -2.93898368e-01
 -3.13383349e-01
 -3.32862160e-01
 -3.51869385e-01
 -3.69980497e-01
 -3.86828937e-01
 -4.02119757e-01
 -4.15639637e-01
 -4.27262602e-01
 -4.36951366e-01
 -4.44753995e-01
 -4.50796179e-01
 -4.55269860e-01
 -4.58418880e-01
 -4.60522009e-01
 -4.61870181e-01
 -4.62725342e-01
 -4.63237492e-01
 -4.63332340e-01
 -4.62747120e-01
 -4.61448965e-01
 -4.60054757e-01
 -4.59458206e-01
 -2.08950819e-01
 -2.11896713e-01
 -2.19727381e-01
 -2.30399771e-01
 -2.42538457e-01
 -2.55855658e-01
 -2.70456284e-01
 -2.86330459e-01
 -3.03272905e-01
 -3.20936606e-01
 -3.38895355e-01
 -3.56696992e-01
 -3.73902495e-01
 -3.90112941e-01
 -4.04988389e-01
 -4.18261211e-01
 -4.29745363e-01
 -4.39340876e-01
 -4.47034273e-01
 -4.52894375e-01
 -4.57063949e-01
 -4.59748643e-01
 -4.61203285e-01
 -4.61716747e-01
 -4.61593509e-01
 -4.61126330e-01
 -4.60553395e-01
 -4.60008465e-01
 -4.59502252e-01
 -4.58978137e-01
 -4.58468947e-01
 -4.58232711e-01
 -2.36435563e-01
 -2.38893608e-01
 -2.45687246e-01
 -2.55545313e-01
 -2.67290648e-01
 -2.80278357e-01
 -2.94339620e-01
 -3.09431049e-01
 -3.25391238e-01
 -3.41908646e-01
 -3.58580204e-01
 -3.74973606e-01
 -3.90670106e-01
 -4.05292382e-01
 -4.18523363e-01
 -4.30118441e-01
 -4.39914421e-01
 -4.47832536e-01
 -4.53878395e-01
 -4.58136946e-01
 -4.60763275e-01
 -4.61971775e-01
 -4.62022290e-01
 -4.61206233e-01
 -4.59833865e-01
 -4.58227172e-01
 -4.56730217e-01
 -4.55722726e-01
 -4.55536695e-01
 -4.56188455e-01
 -4.57169121e-01
 -4.57647503e-01
 -2.62529192e-01
 -2.64109241e-01
 -2.68927960e-01
 -2.76832883e-01
 -2.87152348e-01
 -2.99150639e-01
 -3.12416792e-01
 -3.26736359e-01
 -3.41863530e-01
 -3.57454424e-01
 -3.73100213e-01
 -3.88376764e-01
 -4.02879498e-01
 -4.16248013e-01
 -4.28183696e-01
 -4.38460088e-01
 -4.46932174e-01
 -4.53537556e-01
 -4.58296442e-01
 -4.61305947e-01
 -4.62729645e-01
 -4.62787508e-01
 -4.61740929e-01
 -4.59879373e-01
 -4.57509384e-01
 -4.54952900e-01
 -4.52574088e-01
 -4.50830724e-01
 -4.50236071e-01
 -4.50978187e-01
 -4.52318262e-01
 -4.52958445e-01
 -2.80475746e-01
 -2.81631260e-01
 -2.85425942e-01
 -2.92138246e-01
 -3.01350958e-01
 -3.12454344e-01
 -3.25015488e-01
 -3.38714402e-01
 -3.53214672e-01
 -3.68126634e-01
 -3.83027148e-01
 -3.97494991e-01
 -4.11135037e-01
 -4.23598990e-01
 -4.34601911e-01
 -4.43930229e-01
 -4.51452308e-01
 -4.57117235e-01
 -4.60955578e-01
 -4.63073016e-01
 -4.63638596e-01
 -4.62875800e-01
 -4.61046190e-01
 -4.58435820e-01
 -4.55344100e-01
 -4.52075514e-01
 -4.48951908e-01
 -4.46338942e-01
 -4.44643013e-01
 -4.44167820e-01
 -4.44732929e-01
 -4.45230463e-01
 -2.89988903e-01
 -2.91117499e-01
 -2.94849438e-01
 -3.01175369e-01
 -3.09785315e-01
 -3.20322234e-01
 -3.32428408e-01
 -3.45737124e-01
 -3.59851967e-01
 -3.74350886e-01
 -3.88799530e-01
 -4.02778001e-01
 -4.15896670e-01
 -4.27814548e-01
 -4.38255146e-01
 -4.47012526e-01
 -4.53963288e-01
 -4.59063305e-01
 -4.62349300e-01
 -4.63932160e-01
 -4.63983854e-01
 -4.62729993e-01
 -4.60431842e-01
 -4.57372948e-01
 -4.53847230e-01
 -4.50144794e-01
 -4.46549343e-01
 -4.43340571e-01
 -4.40793681e-01
 -4.39144590e-01
 -4.38405784e-01
 -4.38202605e-01
 -2.92849000e-01
 -2.94132315e-01
 -2.97940976e-01
 -3.04152560e-01
 -3.12567781e-01
 -3.22917451e-01
 -3.34871637e-01
 -3.48049232e-01
 -3.62034702e-01
 -3.76395142e-01
 -3.90692442e-01
 -4.04507110e-01
 -4.17451397e-01
 -4.29186711e-01
 -4.39439470e-01
 -4.48006217e-01
 -4.54766375e-01
 -4.59678024e-01
 -4.62779957e-01
 -4.64184790e-01
 -4.64065429e-01
 -4.62648174e-01
 -4.60194189e-01
 -4.56986058e-01
 -4.53315852e-01
 -4.49468135e-01
 -4.45711347e-01
 -4.42286185e-01
 -4.39399015e-01
 -4.37215435e-01
 -4.35856271e-01
 -4.35395000e-01
