 -1.42573700e+00
 -1.42669519e+00
 -1.42797239e+00
 -1.42603747e+00
 -1.41903658e+00
 -1.41225599e+00
 -1.41454841e+00
 -1.37421312e+00
 -1.29891237e+00
 -1.28039834e+00
 -1.22631623e+00
 -1.24930545e+00
 -1.15552188e+00
 -1.04265586e+00
 -1.03758873e+00
 -9.76967302e-01
 -9.06206993e-01
 -9.02648304e-01
 -8.18818879e-01
 -7.35847632e-01
 -6.17230210e-01
 -6.41086447e-01
 -5.75688822e-01
 -4.54065731e-01
 -4.84492968e-01
 -4.46877980e-01
 -4.18670782e-01
 -3.79115393e-01
 -3.44919311e-01
 -3.23717727e-01
 -3.13823810e-01
 -3.11157000e-01
 -1.41971750e+00
 -1.42164795e+00
 -1.42377905e+00
 -1.42199427e+00
 -1.41531585e+00
 -1.40815048e+00
 -1.40711271e+00
 -1.36749626e+00
 -1.29709400e+00
 -1.27434618e+00
 -1.22394257e+00
 -1.23894913e+00
 -1.14909702e+00
 -1.04079893e+00
 -1.03009540e+00
 -9.70380654e-01
 -9.01784924e-01
 -8.92636345e-01
 -8.11572819e-01
 -7.27806609e-01
 -6.15873583e-01
 -6.30523871e-01
 -5.66291802e-01
 -4.54090372e-01
 -4.73968851e-01
 -4.39258343e-01
 -4.09331308e-01
 -3.71271121e-01
 -3.38124833e-01
 -3.17426742e-01
 -3.07027381e-01
 -3.04018312e-01
 -1.40589519e+00
 -1.40751401e+00
 -1.41065505e+00
 -1.40987527e+00
 -1.40369218e+00
 -1.39501908e+00
 -1.38630830e+00
 -1.34862152e+00
 -1.28909220e+00
 -1.25762198e+00
 -1.21425688e+00
 -1.21052950e+00
 -1.12990831e+00
 -1.03307995e+00
 -1.00863020e+00
 -9.50834126e-01
 -8.87030522e-01
 -8.64369778e-01
 -7.89334557e-01
 -7.05020093e-01
 -6.08391650e-01
 -6.01219793e-01
 -5.39998790e-01
 -4.49033569e-01
 -4.45903564e-01
 -4.15527089e-01
 -3.82923482e-01
 -3.47791712e-01
 -3.17370689e-01
 -2.97403198e-01
 -2.86252970e-01
 -2.82686691e-01
 -1.39373710e+00
 -1.39474231e+00
 -1.39559327e+00
 -1.39237256e+00
 -1.38405761e+00
 -1.37184279e+00
 -1.35520958e+00
 -1.31973595e+00
 -1.27033622e+00
 -1.23201865e+00
 -1.19260282e+00
 -1.16932980e+00
 -1.09830775e+00
 -1.01477356e+00
 -9.75183669e-01
 -9.18672784e-01
 -8.58995072e-01
 -8.21441136e-01
 -7.51681354e-01
 -6.69667351e-01
 -5.88017507e-01
 -5.58058368e-01
 -5.00260863e-01
 -4.29600807e-01
 -4.05750874e-01
 -3.75625545e-01
 -3.42030510e-01
 -3.09402381e-01
 -2.81889707e-01
 -2.62590445e-01
 -2.51207471e-01
 -2.47423929e-01
 -1.38865848e+00
 -1.38631271e+00
 -1.37993562e+00
 -1.36980787e+00
 -1.35596428e+00
 -1.33851040e+00
 -1.31579715e+00
 -1.28164121e+00
 -1.23837902e+00
 -1.19683025e+00
 -1.15658612e+00
 -1.11895728e+00
 -1.05477481e+00
 -9.81908658e-01
 -9.30849042e-01
 -8.73967906e-01
 -8.15801068e-01
 -7.66494017e-01
 -6.99496874e-01
 -6.22304199e-01
 -5.50378778e-01
 -5.04420645e-01
 -4.48989501e-01
 -3.91071016e-01
 -3.55049731e-01
 -3.21835516e-01
 -2.88224090e-01
 -2.57373427e-01
 -2.31938921e-01
 -2.13503808e-01
 -2.02407282e-01
 -1.98693198e-01
 -1.37797774e+00
 -1.37269433e+00
 -1.35829386e+00
 -1.33877285e+00
 -1.31758440e+00
 -1.29477222e+00
 -1.26789222e+00
 -1.23375951e+00
 -1.19298388e+00
 -1.14995929e+00
 -1.10641058e+00
 -1.06006996e+00
 -9.99489656e-01
 -9.33033621e-01
 -8.75224949e-01
 -8.16538483e-01
 -7.57441406e-01
 -7.00458140e-01
 -6.34359351e-01
 -5.62178367e-01
 -4.95158575e-01
 -4.40830420e-01
 -3.86368901e-01
 -3.34259023e-01
 -2.92782924e-01
 -2.56362430e-01
 -2.22638568e-01
 -1.92959650e-01
 -1.68884964e-01
 -1.51348451e-01
 -1.40743418e-01
 -1.37194689e-01
 -1.32076013e+00
 -1.31479317e+00
 -1.30042784e+00
 -1.28270523e+00
 -1.26260030e+00
 -1.23879753e+00
 -1.20994148e+00
 -1.17503842e+00
 -1.13445250e+00
 -1.09003919e+00
 -1.04297645e+00
 -9.91657936e-01
 -9.32262622e-01
 -8.68636427e-01
 -8.07315086e-01
 -7.46242590e-01
 -6.84976554e-01
 -6.23413227e-01
 -5.57440017e-01
 -4.88877809e-01
 -4.24173840e-01
 -3.66481366e-01
 -3.12184066e-01
 -2.62042851e-01
 -2.18486601e-01
 -1.80192776e-01
 -1.46300329e-01
 -1.17368541e-01
 -9.42268304e-02
 -7.74409863e-02
 -6.72975581e-02
 -6.39066068e-02
 -1.19954880e+00
 -1.20361807e+00
 -1.20956025e+00
 -1.20737062e+00
 -1.19382632e+00
 -1.17091160e+00
 -1.14082759e+00
 -1.10460901e+00
 -1.06295561e+00
 -1.01681936e+00
 -9.66848135e-01
 -9.12494887e-01
 -8.52863456e-01
 -7.89870456e-01
 -7.26570642e-01
 -6.63235589e-01
 -5.99663380e-01
 -5.35434698e-01
 -4.69401418e-01
 -4.02968198e-01
 -3.39554719e-01
 -2.80964736e-01
 -2.26700543e-01
 -1.77116048e-01
 -1.32928278e-01
 -9.39751164e-02
 -6.01546751e-02
 -3.17995369e-02
 -9.35708437e-03
 6.84172152e-03
 1.66129779e-02
 1.98772081e-02
 -1.19581554e+00
 -1.18762906e+00
 -1.16811257e+00
 -1.14510938e+00
 -1.12069749e+00
 -1.09293080e+00
 -1.06015959e+00
 -1.02197744e+00
 -9.78628844e-01
 -9.30607893e-01
 -8.78332552e-01
 -8.21866094e-01
 -7.61341353e-01
 -6.97919341e-01
 -6.33247221e-01
 -5.68104396e-01
 -5.02688963e-01
 -4.36949239e-01
 -3.70906614e-01
 -3.05704584e-01
 -2.43264158e-01
 -1.84857977e-01
 -1.30877225e-01
 -8.16715728e-02
 -3.75838965e-02
 1.24305737e-03
 3.46580111e-02
 6.24071236e-02
 8.42256027e-02
 9.99174242e-02
 1.09368000e-01
 1.12523286e-01
 -1.06722712e+00
 -1.06736920e+00
 -1.06422636e+00
 -1.05241676e+00
 -1.03098162e+00
 -1.00195344e+00
 -9.67017490e-01
 -9.26844727e-01
 -8.81718324e-01
 -8.31935355e-01
 -7.77839581e-01
 -7.19764852e-01
 -6.58188568e-01
 -5.93996210e-01
 -5.28289559e-01
 -4.61897133e-01
 -3.95305093e-01
 -3.28844804e-01
 -2.62994636e-01
 -1.98716743e-01
 -1.37253134e-01
 -7.95824634e-02
 -2.62838852e-02
 2.22475880e-02
 6.57123631e-02
 1.03889517e-01
 1.36578729e-01
 1.63581853e-01
 1.84729437e-01
 1.99901977e-01
 2.09028459e-01
 2.12074023e-01
 -1.00876474e+00
 -1.00123717e+00
 -9.82106573e-01
 -9.57236004e-01
 -9.29124142e-01
 -8.97261732e-01
 -8.60744996e-01
 -8.19224112e-01
 -7.72753491e-01
 -7.21597553e-01
 -6.66145067e-01
 -6.06876402e-01
 -5.44403452e-01
 -4.79527391e-01
 -4.13153969e-01
 -3.46101577e-01
 -2.79025568e-01
 -2.12501008e-01
 -1.47184466e-01
 -8.39218709e-02
 -2.36398953e-02
 3.28712735e-02
 8.50404619e-02
 1.32462770e-01
 1.74841433e-01
 2.11950327e-01
 2.43607188e-01
 2.69665274e-01
 2.90016332e-01
 3.04590046e-01
 3.13346739e-01
 3.16267456e-01
 -8.42086816e-01
 -8.41867874e-01
 -8.38447642e-01
 -8.27224293e-01
 -8.06584432e-01
 -7.77621947e-01
 -7.41792195e-01
 -7.00011831e-01
 -6.52861146e-01
 -6.00852568e-01
 -5.44533451e-01
 -4.84515712e-01
 -4.21498713e-01
 -3.56279491e-01
 -2.89709338e-01
 -2.22610442e-01
 -1.55729705e-01
 -8.97669595e-02
 -2.54418115e-02
 3.64762926e-02
 9.52249007e-02
 1.50142696e-01
 2.00715814e-01
 2.46565893e-01
 2.87418539e-01
 3.23075067e-01
 3.53392979e-01
 3.78274854e-01
 3.97660523e-01
 4.11518394e-01
 4.19835372e-01
 4.22607850e-01
 -7.45635642e-01
 -7.39736554e-01
 -7.24431023e-01
 -7.03696011e-01
 -6.78881760e-01
 -6.49050848e-01
 -6.13255871e-01
 -5.71405614e-01
 -5.23956437e-01
 -4.71540482e-01
 -4.14834523e-01
 -3.54553201e-01
 -2.91464466e-01
 -2.26390440e-01
 -1.60181478e-01
 -9.36735088e-02
 -2.76588980e-02
 3.71109266e-02
 9.99061134e-02
 1.60016111e-01
 2.16781292e-01
 2.69637130e-01
 3.18138511e-01
 3.61956432e-01
 4.00859825e-01
 4.34694956e-01
 4.63367839e-01
 4.86829803e-01
 5.05064575e-01
 5.18075682e-01
 5.25874960e-01
 5.28473300e-01
 -5.72307150e-01
 -5.72641985e-01
 -5.70772867e-01
 -5.61522033e-01
 -5.42411058e-01
 -5.14124631e-01
 -4.78287142e-01
 -4.36135721e-01
 -3.88479383e-01
 -3.35986432e-01
 -2.79346157e-01
 -2.19309649e-01
 -1.56685671e-01
 -9.23232379e-02
 -2.70857201e-02
 3.81791399e-02
 1.02662270e-01
 1.65602287e-01
 2.26286774e-01
 2.84059669e-01
 3.38340544e-01
 3.88646658e-01
 4.34604548e-01
 4.75946849e-01
 5.12498947e-01
 5.44161727e-01
 5.70894077e-01
 5.92696292e-01
 6.09594407e-01
 6.21625887e-01
 6.28827254e-01
 6.31224572e-01
 -4.99080517e-01
 -4.91032743e-01
 -4.70043006e-01
 -4.42172616e-01
 -4.11124281e-01
 -3.77187716e-01
 -3.39273620e-01
 -2.96574708e-01
 -2.48959229e-01
 -1.96786284e-01
 -1.40683285e-01
 -8.14150926e-02
 -1.98183004e-02
 4.32368331e-02
 1.06876390e-01
 1.70249824e-01
 2.32551643e-01
 2.93035504e-01
 3.51023453e-01
 4.05915843e-01
 4.57203890e-01
 5.04480856e-01
 5.47446134e-01
 5.85900053e-01
 6.19731312e-01
 6.48900331e-01
 6.73421166e-01
 6.93343403e-01
 7.08734986e-01
 7.19666620e-01
 7.26198683e-01
 7.28371356e-01
 -2.91896470e-01
 -2.91426318e-01
 -2.88024897e-01
 -2.77929830e-01
 -2.59002839e-01
 -2.31395944e-01
 -1.96283260e-01
 -1.54849326e-01
 -1.08049481e-01
 -5.67077318e-02
 -1.62910234e-03
 5.63509299e-02
 1.16363189e-01
 1.77522759e-01
 2.38953919e-01
 2.99815246e-01
 3.59320953e-01
 4.16756766e-01
 4.71491406e-01
 5.22986045e-01
 5.70802496e-01
 6.14608339e-01
 6.54176320e-01
 6.89376904e-01
 7.20164864e-01
 7.46561989e-01
 7.68637964e-01
 7.86491087e-01
 8.00230039e-01
 8.09957716e-01
 8.15757840e-01
 8.17684913e-01
 -1.69035834e-01
 -1.65979805e-01
 -1.56864478e-01
 -1.41556087e-01
 -1.19636169e-01
 -9.09177640e-02
 -5.57433759e-02
 -1.47884824e-02
 3.11827304e-02
 8.13896902e-02
 1.35021978e-01
 1.91229289e-01
 2.49132153e-01
 3.07844684e-01
 3.66501261e-01
 4.24282176e-01
 4.80435092e-01
 5.34290913e-01
 5.85274750e-01
 6.32913479e-01
 6.76840535e-01
 7.16797204e-01
 7.52629030e-01
 7.84276527e-01
 8.11760581e-01
 8.35164007e-01
 8.54611258e-01
 8.70248069e-01
 8.82222476e-01
 8.90668094e-01
 8.95690441e-01
 8.97356855e-01
 -6.30854600e-02
 -5.72474886e-02
 -4.10156631e-02
 -1.73060071e-02
 1.13074431e-02
 4.37959538e-02
 8.02914456e-02
 1.21090319e-01
 1.66109473e-01
 2.14871525e-01
 2.66661953e-01
 3.20653107e-01
 3.75973000e-01
 4.31747083e-01
 4.87130948e-01
 5.41338125e-01
 5.93661637e-01
 6.43488478e-01
 6.90308243e-01
 7.33717868e-01
 7.73423401e-01
 8.09238585e-01
 8.41079509e-01
 8.68954394e-01
 8.92948127e-01
 9.13202595e-01
 9.29894961e-01
 9.43216168e-01
 9.53351262e-01
 9.60462535e-01
 9.64675993e-01
 9.66071381e-01
 1.11453616e-01
 1.13358567e-01
 1.19767834e-01
 1.32215979e-01
 1.51885728e-01
 1.78858483e-01
 2.12334245e-01
 2.51240008e-01
 2.94576729e-01
 3.41451794e-01
 3.91010183e-01
 4.42390391e-01
 4.94721632e-01
 5.47145386e-01
 5.98845928e-01
 6.49079380e-01
 6.97194617e-01
 7.42644335e-01
 7.84989432e-01
 8.23900277e-01
 8.59155613e-01
 8.90638837e-01
 9.18331918e-01
 9.42305839e-01
 9.62705425e-01
 9.79728543e-01
 9.93602507e-01
 1.00456103e+00
 1.01282382e+00
 1.01857958e+00
 1.02197264e+00
 1.02309340e+00
 2.35600990e-01
 2.37426905e-01
 2.43752015e-01
 2.56243986e-01
 2.75903023e-01
 3.02533630e-01
 3.35201269e-01
 3.72826532e-01
 4.14440962e-01
 4.59176959e-01
 5.06195202e-01
 5.54645634e-01
 6.03669749e-01
 6.52428048e-01
 7.00137073e-01
 7.46102786e-01
 7.89740093e-01
 8.30576747e-01
 8.68250468e-01
 9.02507100e-01
 9.33197447e-01
 9.60270180e-01
 9.83765090e-01
 1.00380724e+00
 1.02059507e+00
 1.03437879e+00
 1.04543348e+00
 1.05403335e+00
 1.06043024e+00
 1.06483682e+00
 1.06741392e+00
 1.06826163e+00
 3.09410730e-01
 3.15495599e-01
 3.32136265e-01
 3.55808108e-01
 3.83546186e-01
 4.14164731e-01
 4.47718620e-01
 4.84447830e-01
 5.24236535e-01
 5.66600254e-01
 6.10833458e-01
 6.56124766e-01
 7.01627726e-01
 7.46516445e-01
 7.90037703e-01
 8.31553091e-01
 8.70556213e-01
 9.06660901e-01
 9.39584615e-01
 9.69148133e-01
 9.95274937e-01
 1.01797509e+00
 1.03733320e+00
 1.05351278e+00
 1.06675621e+00
 1.07736312e+00
 1.08565601e+00
 1.09194867e+00
 1.09652319e+00
 1.09961394e+00
 1.10139613e+00
 1.10197800e+00
 4.44898586e-01
 4.48496994e-01
 4.58736772e-01
 4.74616917e-01
 4.95574080e-01
 5.21378146e-01
 5.51655873e-01
 5.85799224e-01
 6.23091452e-01
 6.62773409e-01
 7.04043374e-01
 7.46054916e-01
 7.87943709e-01
 8.28880348e-01
 8.68132878e-01
 9.05123486e-01
 9.39445716e-01
 9.70816930e-01
 9.99029464e-01
 1.02397027e+00
 1.04564326e+00
 1.06412492e+00
 1.07952404e+00
 1.09201106e+00
 1.10185595e+00
 1.10940903e+00
 1.11504612e+00
 1.11912283e+00
 1.12194995e+00
 1.12378076e+00
 1.12480255e+00
 1.12513022e+00
 5.84059570e-01
 5.82521569e-01
 5.80799895e-01
 5.84460258e-01
 5.96713821e-01
 6.17236408e-01
 6.44120761e-01
 6.75553022e-01
 7.10220690e-01
 7.47135953e-01
 7.85415991e-01
 8.24165839e-01
 8.62481286e-01
 8.99510787e-01
 9.34526730e-01
 9.67012408e-01
 9.96703123e-01
 1.02345770e+00
 1.04711613e+00
 1.06759512e+00
 1.08500756e+00
 1.09953695e+00
 1.11128327e+00
 1.12035212e+00
 1.12700902e+00
 1.13167070e+00
 1.13478968e+00
 1.13677164e+00
 1.13795281e+00
 1.13859973e+00
 1.13890781e+00
 1.13899703e+00
 6.08722968e-01
 6.14509741e-01
 6.29613322e-01
 6.49632717e-01
 6.71883340e-01
 6.96177000e-01
 7.23132504e-01
 7.52949540e-01
 7.85298214e-01
 8.19568375e-01
 8.54993640e-01
 8.90644475e-01
 9.25559053e-01
 9.58853610e-01
 9.89775819e-01
 1.01784529e+00
 1.04302156e+00
 1.06540452e+00
 1.08479930e+00
 1.10103521e+00
 1.11440769e+00
 1.12535535e+00
 1.13391707e+00
 1.13996098e+00
 1.14367744e+00
 1.14560796e+00
 1.14635076e+00
 1.14637980e+00
 1.14604407e+00
 1.14560736e+00
 1.14526423e+00
 1.14513603e+00
 6.87769006e-01
 6.92351093e-01
 7.04626195e-01
 7.21875465e-01
 7.42311181e-01
 7.65286696e-01
 7.90713246e-01
 8.18578435e-01
 8.48619138e-01
 8.80373774e-01
 9.13220385e-01
 9.46059459e-01
 9.77854535e-01
 1.00770628e+00
 1.03479930e+00
 1.05857633e+00
 1.07936684e+00
 1.09777953e+00
 1.11338145e+00
 1.12560882e+00
 1.13507608e+00
 1.14290463e+00
 1.14898593e+00
 1.15255602e+00
 1.15356076e+00
 1.15283796e+00
 1.15131023e+00
 1.14954575e+00
 1.14786239e+00
 1.14648007e+00
 1.14557236e+00
 1.14525591e+00
 7.89523017e-01
 7.88300612e-01
 7.87925745e-01
 7.93545186e-01
 8.06470768e-01
 8.25041735e-01
 8.47524121e-01
 8.73054613e-01
 9.00785248e-01
 9.30100361e-01
 9.60876269e-01
 9.91251666e-01
 1.02028504e+00
 1.04707992e+00
 1.07077425e+00
 1.09039037e+00
 1.10683349e+00
 1.12188755e+00
 1.13442453e+00
 1.14287415e+00
 1.14828477e+00
 1.15354064e+00
 1.15818947e+00
 1.16008217e+00
 1.15847778e+00
 1.15496166e+00
 1.15119351e+00
 1.14783172e+00
 1.14504284e+00
 1.14291536e+00
 1.14156966e+00
 1.14110724e+00
 8.15339909e-01
 8.19375518e-01
 8.29219714e-01
 8.41709502e-01
 8.56182350e-01
 8.73219549e-01
 8.93245261e-01
 9.16920978e-01
 9.42706322e-01
 9.69278807e-01
 9.99090242e-01
 1.02716197e+00
 1.05390730e+00
 1.07803108e+00
 1.09901446e+00
 1.11461822e+00
 1.12651452e+00
 1.13911597e+00
 1.14959978e+00
 1.15459225e+00
 1.15520882e+00
 1.15857689e+00
 1.16319963e+00
 1.16464703e+00
 1.16021386e+00
 1.15338578e+00
 1.14734381e+00
 1.14267864e+00
 1.13914666e+00
 1.13654796e+00
 1.13493135e+00
 1.13437714e+00
 8.58941494e-01
 8.62075802e-01
 8.70558967e-01
 8.82307307e-01
 8.95796728e-01
 9.10929584e-01
 9.28064091e-01
 9.50922463e-01
 9.75922060e-01
 9.98011889e-01
 1.02950238e+00
 1.05453673e+00
 1.07990304e+00
 1.10148319e+00
 1.12082380e+00
 1.13264495e+00
 1.13944500e+00
 1.15089158e+00
 1.16041044e+00
 1.16267993e+00
 1.15685186e+00
 1.15941749e+00
 1.16535952e+00
 1.16841568e+00
 1.16026279e+00
 1.14924520e+00
 1.14092818e+00
 1.13544446e+00
 1.13171232e+00
 1.12893940e+00
 1.12720808e+00
 1.12660440e+00
 9.04235716e-01
 9.05679407e-01
 9.09512403e-01
 9.16311151e-01
 9.26717186e-01
 9.39627229e-01
 9.52313004e-01
 9.75680127e-01
 1.00276297e+00
 1.01575537e+00
 1.05428796e+00
 1.07365430e+00
 1.09960023e+00
 1.11812456e+00
 1.13731858e+00
 1.14574675e+00
 1.14670241e+00
 1.15865802e+00
 1.16786717e+00
 1.16898605e+00
 1.15416506e+00
 1.15785826e+00
 1.16533956e+00
 1.17330884e+00
 1.15944475e+00
 1.14364811e+00
 1.13308259e+00
 1.12751753e+00
 1.12436743e+00
 1.12161902e+00
 1.11979603e+00
 1.11911740e+00
 9.37251110e-01
 9.36766077e-01
 9.35999721e-01
 9.38945917e-01
 9.48212129e-01
 9.60528144e-01
 9.66866546e-01
 9.91531406e-01
 1.02521871e+00
 1.02255099e+00
 1.07506328e+00
 1.08473725e+00
 1.11414935e+00
 1.12858453e+00
 1.14921110e+00
 1.15483976e+00
 1.14967169e+00
 1.16369197e+00
 1.17247300e+00
 1.17464000e+00
 1.14860034e+00
 1.15597086e+00
 1.16337752e+00
 1.18010292e+00
 1.15784098e+00
 1.13814203e+00
 1.12509518e+00
 1.12038495e+00
 1.11864088e+00
 1.11600407e+00
 1.11389224e+00
 1.11298502e+00
 9.55672793e-01
 9.53961982e-01
 9.49859184e-01
 9.50632264e-01
 9.60736497e-01
 9.73980219e-01
 9.73817390e-01
 9.99440233e-01
 1.04214279e+00
 1.02183236e+00
 1.09057305e+00
 1.08928331e+00
 1.12367822e+00
 1.13388392e+00
 1.15661477e+00
 1.16031163e+00
 1.15019391e+00
 1.16671142e+00
 1.17470623e+00
 1.17922944e+00
 1.14285971e+00
 1.15505096e+00
 1.16052105e+00
 1.18701876e+00
 1.15578235e+00
 1.13441686e+00
 1.11870982e+00
 1.11551084e+00
 1.11526659e+00
 1.11297153e+00
 1.11028092e+00
 1.10898840e+00
 9.61410000e-01
 9.58612156e-01
 9.53559163e-01
 9.53903900e-01
 9.64826951e-01
 9.78766783e-01
 9.75738855e-01
 1.00161797e+00
 1.04877670e+00
 1.02033585e+00
 1.09659310e+00
 1.09024085e+00
 1.12710700e+00
 1.13541180e+00
 1.15916645e+00
 1.16215603e+00
 1.15010088e+00
 1.16775818e+00
 1.17530977e+00
 1.18108782e+00
 1.14038170e+00
 1.15489839e+00
 1.15910378e+00
 1.19007930e+00
 1.15474755e+00
 1.13318880e+00
 1.11617426e+00
 1.11381843e+00
 1.11416634e+00
 1.11218372e+00
 1.10906935e+00
 1.10760300e+00
