 2.95015900e+00
 2.93710039e+00
 2.93105432e+00
 2.91813904e+00
 2.77102955e+00
 2.76265754e+00
 2.67121836e+00
 2.63956559e+00
 2.59232400e+00
 2.56915669e+00
 2.56745900e+00
 2.94615691e+00
 2.93487800e+00
 2.92185730e+00
 2.89275509e+00
 2.77307328e+00
 2.74329615e+00
 2.66458803e+00
 2.62547211e+00
 2.58421678e+00
 2.56079960e+00
 2.55612525e+00
 2.93387190e+00
 2.92182433e+00
 2.89247216e+00
 2.84266614e+00
 2.75905480e+00
 2.70158929e+00
 2.63824859e+00
 2.59255652e+00
 2.55826458e+00
 2.53689646e+00
 2.53005375e+00
 2.89754256e+00
 2.88264935e+00
 2.84525239e+00
 2.78973471e+00
 2.71921552e+00
 2.65276436e+00
 2.59449985e+00
 2.55006910e+00
 2.51983483e+00
 2.50321211e+00
 2.49847859e+00
 2.82628630e+00
 2.81958704e+00
 2.79115991e+00
 2.73773319e+00
 2.66961893e+00
 2.60206099e+00
 2.54574498e+00
 2.50441393e+00
 2.47687498e+00
 2.46038638e+00
 2.45451832e+00
 2.81278273e+00
 2.79558570e+00
 2.75405744e+00
 2.69615763e+00
 2.62658239e+00
 2.55817601e+00
 2.50287101e+00
 2.46447359e+00
 2.44116555e+00
 2.42976660e+00
 2.42667883e+00
 2.74947609e+00
 2.74707782e+00
 2.72454459e+00
 2.67164503e+00
 2.60027103e+00
 2.52943367e+00
 2.47348863e+00
 2.43619671e+00
 2.41452029e+00
 2.40389434e+00
 2.40078408e+00
 2.79596939e+00
 2.77726883e+00
 2.73243830e+00
 2.66939365e+00
 2.59295048e+00
 2.51834368e+00
 2.46022480e+00
 2.42235689e+00
 2.40051167e+00
 2.38925245e+00
 2.38565519e+00
 2.79165202e+00
 2.77978295e+00
 2.74089470e+00
 2.67711011e+00
 2.59799448e+00
 2.52020972e+00
 2.45965337e+00
 2.42064894e+00
 2.39882867e+00
 2.38852874e+00
 2.38567196e+00
 2.79215826e+00
 2.78227690e+00
 2.74732339e+00
 2.68558053e+00
 2.60601143e+00
 2.52649367e+00
 2.46419079e+00
 2.42418614e+00
 2.40200872e+00
 2.39162633e+00
 2.38881319e+00
 2.79902000e+00
 2.78725792e+00
 2.75078474e+00
 2.68923908e+00
 2.60962992e+00
 2.52957628e+00
 2.46666664e+00
 2.42626712e+00
 2.40390428e+00
 2.39329285e+00
 2.39022100e+00
