 2.55410900e+00
 2.54355457e+00
 2.51556243e+00
 2.47949171e+00
 2.44607706e+00
 2.42151674e+00
 2.40611651e+00
 2.39737820e+00
 2.39277385e+00
 2.39061629e+00
 2.38998700e+00
 2.54539208e+00
 2.54176056e+00
 2.51936213e+00
 2.48425254e+00
 2.45065626e+00
 2.42593331e+00
 2.41065587e+00
 2.40239171e+00
 2.39888736e+00
 2.39899419e+00
 2.40035481e+00
 2.55868088e+00
 2.55460686e+00
 2.53527673e+00
 2.50100085e+00
 2.46664823e+00
 2.44149226e+00
 2.42650182e+00
 2.41944320e+00
 2.41826266e+00
 2.42116910e+00
 2.42342931e+00
 2.62552619e+00
 2.61120612e+00
 2.57618656e+00
 2.53521856e+00
 2.49916379e+00
 2.47350267e+00
 2.45880002e+00
 2.45282749e+00
 2.45258073e+00
 2.45446959e+00
 2.45537347e+00
 2.67569070e+00
 2.65920885e+00
 2.62364403e+00
 2.58548264e+00
 2.55145068e+00
 2.52630196e+00
 2.51190576e+00
 2.50659965e+00
 2.50665453e+00
 2.50818388e+00
 2.50891763e+00
 2.66304877e+00
 2.66889450e+00
 2.66888563e+00
 2.64986926e+00
 2.62237527e+00
 2.59887927e+00
 2.58512197e+00
 2.58097430e+00
 2.58292581e+00
 2.58635007e+00
 2.58779638e+00
 2.79270788e+00
 2.78169648e+00
 2.75838991e+00
 2.73190058e+00
 2.70492262e+00
 2.68220382e+00
 2.66934558e+00
 2.66715128e+00
 2.67176636e+00
 2.67869299e+00
 2.68224316e+00
 2.86217828e+00
 2.85436198e+00
 2.83377806e+00
 2.80897926e+00
 2.78446443e+00
 2.76099384e+00
 2.74894254e+00
 2.75023446e+00
 2.75588970e+00
 2.75999156e+00
 2.76112694e+00
 2.90010610e+00
 2.89550001e+00
 2.88187926e+00
 2.86679533e+00
 2.85039912e+00
 2.82097026e+00
 2.80879565e+00
 2.81806979e+00
 2.82805602e+00
 2.83201035e+00
 2.83373824e+00
 2.92984581e+00
 2.92329296e+00
 2.90809099e+00
 2.90169803e+00
 2.89794846e+00
 2.85470971e+00
 2.84195788e+00
 2.86208834e+00
 2.87981743e+00
 2.87767124e+00
 2.87433551e+00
 2.93876300e+00
 2.93078766e+00
 2.91504741e+00
 2.91284811e+00
 2.91676526e+00
 2.86450438e+00
 2.85181622e+00
 2.87713612e+00
 2.90021727e+00
 2.89427553e+00
 2.88611400e+00
