 3.66372500e+00
 3.67834144e+00
 3.69094011e+00
 3.67557592e+00
 3.68854362e+00
 3.67961077e+00
 3.65347237e+00
 3.66062997e+00
 3.62505426e+00
 3.59268461e+00
 3.58294500e+00
 3.65271455e+00
 3.66737963e+00
 3.68394868e+00
 3.67779660e+00
 3.68611798e+00
 3.67746534e+00
 3.65528082e+00
 3.65363466e+00
 3.62319415e+00
 3.59646466e+00
 3.58838809e+00
 3.65128611e+00
 3.66043161e+00
 3.67462030e+00
 3.67846425e+00
 3.68042790e+00
 3.67181062e+00
 3.65419176e+00
 3.63953025e+00
 3.61705084e+00
 3.60200482e+00
 3.59827366e+00
 3.67777473e+00
 3.67487234e+00
 3.67267165e+00
 3.67316891e+00
 3.67130206e+00
 3.66152065e+00
 3.64340208e+00
 3.62082987e+00
 3.59808480e+00
 3.58550755e+00
 3.58315094e+00
 3.65399037e+00
 3.65499889e+00
 3.65709622e+00
 3.65832026e+00
 3.65483693e+00
 3.64283167e+00
 3.62134665e+00
 3.59191676e+00
 3.55759569e+00
 3.52563368e+00
 3.51138758e+00
 3.61466063e+00
 3.61904807e+00
 3.62727884e+00
 3.63136433e+00
 3.62683143e+00
 3.61173473e+00
 3.58650639e+00
 3.55399341e+00
 3.51961623e+00
 3.49193313e+00
 3.48098265e+00
 3.59052945e+00
 3.59182832e+00
 3.59444644e+00
 3.59435045e+00
 3.58586878e+00
 3.56563409e+00
 3.53584439e+00
 3.50168367e+00
 3.47111177e+00
 3.45403617e+00
 3.45017379e+00
 3.55539464e+00
 3.55433908e+00
 3.55279180e+00
 3.54929024e+00
 3.53607845e+00
 3.50742598e+00
 3.47090881e+00
 3.43387763e+00
 3.39556794e+00
 3.36372821e+00
 3.35011761e+00
 3.50190055e+00
 3.50310120e+00
 3.50751049e+00
 3.50544838e+00
 3.48969066e+00
 3.44836414e+00
 3.40243720e+00
 3.37130444e+00
 3.32807281e+00
 3.29779579e+00
 3.28876229e+00
 3.44905114e+00
 3.45978312e+00
 3.47860096e+00
 3.47421567e+00
 3.45998805e+00
 3.40452979e+00
 3.34520458e+00
 3.33563795e+00
 3.27883443e+00
 3.24550604e+00
 3.24052847e+00
 3.42596100e+00
 3.44608786e+00
 3.47143854e+00
 3.46244035e+00
 3.45064767e+00
 3.38867019e+00
 3.32094590e+00
 3.32745379e+00
 3.25902589e+00
 3.22107124e+00
 3.21810300e+00
