 3.07590300e+00
 3.06344001e+00
 3.05636653e+00
 3.07209661e+00
 3.04093297e+00
 3.03923866e+00
 3.01190509e+00
 2.99266742e+00
 2.94703111e+00
 2.93458013e+00
 2.93876300e+00
 3.07709404e+00
 3.07141909e+00
 3.06658326e+00
 3.07378428e+00
 3.05066291e+00
 3.04360708e+00
 3.01895208e+00
 2.99619179e+00
 2.95924636e+00
 2.94617892e+00
 2.94606595e+00
 3.08821715e+00
 3.08809034e+00
 3.08722686e+00
 3.08527003e+00
 3.07192458e+00
 3.05808440e+00
 3.03589328e+00
 3.01097749e+00
 2.98630752e+00
 2.97341447e+00
 2.96962885e+00
 3.11403521e+00
 3.11285786e+00
 3.11036435e+00
 3.10572827e+00
 3.09507394e+00
 3.07860550e+00
 3.05690915e+00
 3.03433530e+00
 3.01626808e+00
 3.00628710e+00
 3.00357542e+00
 3.12738934e+00
 3.12782679e+00
 3.12786734e+00
 3.12387531e+00
 3.11295298e+00
 3.09538041e+00
 3.07434998e+00
 3.05501565e+00
 3.04177011e+00
 3.03449380e+00
 3.03173868e+00
 3.13449817e+00
 3.13613020e+00
 3.13638860e+00
 3.13041911e+00
 3.11741894e+00
 3.09908938e+00
 3.07916057e+00
 3.06170929e+00
 3.05088334e+00
 3.04965711e+00
 3.05190081e+00
 3.14670726e+00
 3.14101296e+00
 3.13056364e+00
 3.11894748e+00
 3.10357530e+00
 3.08569988e+00
 3.06862804e+00
 3.05244836e+00
 3.03442746e+00
 3.01436653e+00
 3.00386529e+00
 3.09309820e+00
 3.09722476e+00
 3.09932213e+00
 3.09102894e+00
 3.07533932e+00
 3.05946413e+00
 3.04877041e+00
 3.04048649e+00
 3.03085471e+00
 3.02256264e+00
 3.01992828e+00
 3.08352807e+00
 3.08078185e+00
 3.07392731e+00
 3.06223527e+00
 3.04437885e+00
 3.02964110e+00
 3.02748656e+00
 3.03023363e+00
 3.03102147e+00
 3.03167577e+00
 3.03042700e+00
 3.07535851e+00
 3.06886858e+00
 3.05599517e+00
 3.04294584e+00
 3.02154883e+00
 3.00584273e+00
 3.01145263e+00
 3.02391740e+00
 3.02777143e+00
 3.04272731e+00
 3.05043018e+00
 3.06806900e+00
 3.06166892e+00
 3.04844165e+00
 3.03659039e+00
 3.01321934e+00
 2.99660595e+00
 3.00542512e+00
 3.02247194e+00
 3.02435260e+00
 3.04675468e+00
 3.06320600e+00
