 3.22281000e+00
 3.24195617e+00
 3.27698355e+00
 3.30040825e+00
 3.34478635e+00
 3.40930236e+00
 3.43437943e+00
 3.43119789e+00
 3.46872535e+00
 3.45033877e+00
 3.42596100e+00
 3.22739673e+00
 3.23946159e+00
 3.26950381e+00
 3.29778606e+00
 3.34168132e+00
 3.39981700e+00
 3.42506255e+00
 3.42827409e+00
 3.45270423e+00
 3.44014216e+00
 3.42776815e+00
 3.22297067e+00
 3.23014920e+00
 3.25383408e+00
 3.28750437e+00
 3.32968882e+00
 3.37503585e+00
 3.39976243e+00
 3.40978406e+00
 3.42001390e+00
 3.42122787e+00
 3.42163864e+00
 3.19793041e+00
 3.20851963e+00
 3.23461930e+00
 3.26886085e+00
 3.30645131e+00
 3.34028842e+00
 3.36055617e+00
 3.36918715e+00
 3.37384437e+00
 3.37822163e+00
 3.38082051e+00
 3.19058827e+00
 3.19692761e+00
 3.21634198e+00
 3.24479373e+00
 3.27452930e+00
 3.29779711e+00
 3.30917486e+00
 3.30947084e+00
 3.30351735e+00
 3.29641460e+00
 3.29314324e+00
 3.17296069e+00
 3.17975400e+00
 3.19648981e+00
 3.21786592e+00
 3.23811109e+00
 3.25044920e+00
 3.25085562e+00
 3.24036373e+00
 3.22381248e+00
 3.20816281e+00
 3.20156014e+00
 3.16913503e+00
 3.17049008e+00
 3.17761962e+00
 3.19031064e+00
 3.20142463e+00
 3.20347393e+00
 3.19329550e+00
 3.17338813e+00
 3.15093524e+00
 3.13393203e+00
 3.12770822e+00
 3.13844679e+00
 3.14300617e+00
 3.15327374e+00
 3.16389101e+00
 3.16904928e+00
 3.16262796e+00
 3.14364905e+00
 3.11492239e+00
 3.08660579e+00
 3.06767594e+00
 3.06125763e+00
 3.11959312e+00
 3.12423341e+00
 3.13510816e+00
 3.14330743e+00
 3.14544972e+00
 3.13169643e+00
 3.10773039e+00
 3.06983033e+00
 3.03352894e+00
 3.01093652e+00
 3.00335017e+00
 3.10641451e+00
 3.11485474e+00
 3.12794808e+00
 3.12930248e+00
 3.13322566e+00
 3.11134310e+00
 3.08863901e+00
 3.04178675e+00
 2.99748935e+00
 2.97216745e+00
 2.96415615e+00
 3.10075400e+00
 3.11311143e+00
 3.12750638e+00
 3.12335392e+00
 3.13032947e+00
 3.10356705e+00
 3.08355027e+00
 3.03223765e+00
 2.98449499e+00
 2.95781270e+00
 2.95015900e+00
