 -4.30428000e-01
 -4.29659441e-01
 -4.27071461e-01
 -4.22160177e-01
 -4.15181661e-01
 -4.08634378e-01
 -4.06434439e-01
 -3.97885532e-01
 -3.90946999e-01
 -3.90450753e-01
 -3.67673218e-01
 -3.57411583e-01
 -3.46069486e-01
 -3.23941351e-01
 -3.43176540e-01
 -2.92557946e-01
 -2.82933639e-01
 -2.54993229e-01
 -2.37846335e-01
 -2.33951808e-01
 -2.12236547e-01
 -1.84839986e-01
 -1.69531343e-01
 -1.66295397e-01
 -1.41312906e-01
 -1.31055380e-01
 -1.16636383e-01
 -1.12887578e-01
 -1.10236112e-01
 -1.05139457e-01
 -9.97851257e-02
 -9.75120000e-02
 -4.29529495e-01
 -4.28729357e-01
 -4.26180461e-01
 -4.21493931e-01
 -4.14733836e-01
 -4.08331702e-01
 -4.05350709e-01
 -3.97095851e-01
 -3.90174809e-01
 -3.88396503e-01
 -3.66941835e-01
 -3.56227129e-01
 -3.44371194e-01
 -3.23861324e-01
 -3.39085135e-01
 -2.92252851e-01
 -2.80725591e-01
 -2.53854787e-01
 -2.36611333e-01
 -2.31528334e-01
 -2.10210772e-01
 -1.83615989e-01
 -1.68344866e-01
 -1.63543882e-01
 -1.40315374e-01
 -1.29229149e-01
 -1.15789149e-01
 -1.11219251e-01
 -1.07849019e-01
 -1.02285775e-01
 -9.67443907e-02
 -9.43464987e-02
 -4.27177877e-01
 -4.26522756e-01
 -4.24038391e-01
 -4.19549561e-01
 -4.13219454e-01
 -4.06963087e-01
 -4.02318069e-01
 -3.94569040e-01
 -3.87515536e-01
 -3.82793098e-01
 -3.64352618e-01
 -3.52566528e-01
 -3.39635501e-01
 -3.22521462e-01
 -3.28338733e-01
 -2.90288613e-01
 -2.74631217e-01
 -2.50150868e-01
 -2.32704722e-01
 -2.24619718e-01
 -2.04269662e-01
 -1.79761517e-01
 -1.64433339e-01
 -1.56178695e-01
 -1.36695922e-01
 -1.24251946e-01
 -1.12590159e-01
 -1.06368486e-01
 -1.01298133e-01
 -9.49147754e-02
 -8.91567785e-02
 -8.67726426e-02
 -4.23935216e-01
 -4.23039014e-01
 -4.20340612e-01
 -4.15916206e-01
 -4.09966748e-01
 -4.03632807e-01
 -3.97527061e-01
 -3.89927974e-01
 -3.82330338e-01
 -3.74671526e-01
 -3.59106547e-01
 -3.46209561e-01
 -3.32383207e-01
 -3.17846693e-01
 -3.13958189e-01
 -2.84715819e-01
 -2.65566453e-01
 -2.43327674e-01
 -2.25668834e-01
 -2.14044729e-01
 -1.94771388e-01
 -1.72834066e-01
 -1.57237660e-01
 -1.45809339e-01
 -1.29599961e-01
 -1.16729845e-01
 -1.06189948e-01
 -9.87421430e-02
 -9.24136486e-02
 -8.61014263e-02
 -8.10878054e-02
 -7.91615670e-02
 -4.19238276e-01
 -4.18156189e-01
 -4.14972028e-01
 -4.10139584e-01
 -4.04195188e-01
 -3.97651127e-01
 -3.90649725e-01
 -3.82733741e-01
 -3.74235918e-01
 -3.64525703e-01
 -3.50633979e-01
 -3.36940858e-01
 -3.22569671e-01
 -3.08685485e-01
 -2.97924833e-01
 -2.74537321e-01
 -2.53874533e-01
 -2.33034969e-01
 -2.15126757e-01
 -2.00566229e-01
 -1.82147885e-01
 -1.62469462e-01
 -1.46630735e-01
 -1.33345495e-01
 -1.19063035e-01
 -1.06651952e-01
 -9.66019481e-02
 -8.88151151e-02
 -8.27122730e-02
 -7.81331892e-02
 -7.52938280e-02
 -7.43323906e-02
 -4.09370426e-01
 -4.08086344e-01
 -4.04814991e-01
 -4.00367685e-01
 -3.94924863e-01
 -3.88476488e-01
 -3.81043262e-01
 -3.72586165e-01
 -3.63112433e-01
 -3.52135740e-01
 -3.38760362e-01
 -3.24546629e-01
 -3.09722108e-01
 -2.95149670e-01
 -2.80523571e-01
 -2.60017387e-01
 -2.39332242e-01
 -2.19227172e-01
 -2.01036198e-01
 -1.84613955e-01
 -1.66773626e-01
 -1.48708399e-01
 -1.32911785e-01
 -1.18962489e-01
 -1.05696275e-01
 -9.39882959e-02
 -8.42965006e-02
 -7.66640712e-02
 -7.12210812e-02
 -6.82615794e-02
 -6.74657526e-02
 -6.74977061e-02
 -3.89165501e-01
 -3.89228200e-01
 -3.88665867e-01
 -3.86361897e-01
 -3.82018868e-01
 -3.75878215e-01
 -3.68211733e-01
 -3.59189250e-01
 -3.48854513e-01
 -3.37017211e-01
 -3.23487617e-01
 -3.08835376e-01
 -2.93474922e-01
 -2.77828152e-01
 -2.61256571e-01
 -2.41876091e-01
 -2.21719375e-01
 -2.02066595e-01
 -1.83682740e-01
 -1.66379399e-01
 -1.48974187e-01
 -1.31998067e-01
 -1.16570276e-01
 -1.02712067e-01
 -9.01422200e-02
 -7.91094131e-02
 -6.97837452e-02
 -6.20995373e-02
 -5.58749482e-02
 -5.09226739e-02
 -4.73952212e-02
 -4.60458560e-02
 -3.77335217e-01
 -3.76496792e-01
 -3.74295446e-01
 -3.71004786e-01
 -3.66349786e-01
 -3.60014419e-01
 -3.51979576e-01
 -3.42380341e-01
 -3.31316894e-01
 -3.18792100e-01
 -3.04838277e-01
 -2.89731102e-01
 -2.73793492e-01
 -2.57227779e-01
 -2.39701905e-01
 -2.20724109e-01
 -2.01133720e-01
 -1.81890180e-01
 -1.63540673e-01
 -1.46060681e-01
 -1.29122414e-01
 -1.12997996e-01
 -9.81964068e-02
 -8.48678159e-02
 -7.30125226e-02
 -6.27126067e-02
 -5.39885274e-02
 -4.67335599e-02
 -4.08294824e-02
 -3.63453624e-02
 -3.35446267e-02
 -3.26048069e-02
 -3.58946180e-01
 -3.58561899e-01
 -3.56964744e-01
 -3.53525471e-01
 -3.48156631e-01
 -3.41051777e-01
 -3.32345970e-01
 -3.22113032e-01
 -3.10414826e-01
 -2.97308318e-01
 -2.82887522e-01
 -2.67343013e-01
 -2.50909365e-01
 -2.33740397e-01
 -2.15786988e-01
 -1.97040374e-01
 -1.77972961e-01
 -1.59216339e-01
 -1.41194870e-01
 -1.24028625e-01
 -1.07719793e-01
 -9.24507993e-02
 -7.84826619e-02
 -6.59628189e-02
 -5.49641992e-02
 -4.55564977e-02
 -3.77904961e-02
 -3.16692647e-02
 -2.71214139e-02
 -2.39908596e-02
 -2.21220458e-02
 -2.14884293e-02
 -3.44681252e-01
 -3.43069980e-01
 -3.38895696e-01
 -3.33241364e-01
 -3.26508529e-01
 -3.18552277e-01
 -3.09201786e-01
 -2.98411573e-01
 -2.86207848e-01
 -2.72652964e-01
 -2.57854850e-01
 -2.41981545e-01
 -2.25235482e-01
 -2.07791847e-01
 -1.89768413e-01
 -1.71333716e-01
 -1.52841436e-01
 -1.34729847e-01
 -1.17342921e-01
 -1.00870153e-01
 -8.54285088e-02
 -7.11640760e-02
 -5.82299099e-02
 -4.67286846e-02
 -3.67193319e-02
 -2.82527287e-02
 -2.14041862e-02
 -1.62887014e-02
 -1.29939712e-02
 -1.13859740e-02
 -1.09372752e-02
 -1.09096434e-02
 -3.10778964e-01
 -3.10622222e-01
 -3.09431082e-01
 -3.06045393e-01
 -3.00158939e-01
 -2.92183110e-01
 -2.82546567e-01
 -2.71447825e-01
 -2.58960802e-01
 -2.45158410e-01
 -2.30163881e-01
 -2.14155456e-01
 -1.97345172e-01
 -1.79947314e-01
 -1.62168905e-01
 -1.44249021e-01
 -1.26497323e-01
 -1.09253610e-01
 -9.28074635e-02
 -7.73626044e-02
 -6.30629040e-02
 -5.00269211e-02
 -3.83451638e-02
 -2.80620757e-02
 -1.91705320e-02
 -1.16113420e-02
 -5.26929773e-03
 1.72543503e-05
 4.39274574e-03
 7.85688011e-03
 1.01783397e-02
 1.10094714e-02
 -2.92846894e-01
 -2.90740051e-01
 -2.85367511e-01
 -2.78438459e-01
 -2.70806703e-01
 -2.62356752e-01
 -2.52718929e-01
 -2.41680292e-01
 -2.29214849e-01
 -2.15418387e-01
 -2.00462319e-01
 -1.84566114e-01
 -1.67975273e-01
 -1.50943126e-01
 -1.33725080e-01
 -1.16589477e-01
 -9.98248991e-02
 -8.37190816e-02
 -6.85213472e-02
 -5.44211347e-02
 -4.15519862e-02
 -3.00021564e-02
 -1.98155791e-02
 -1.09873203e-02
 -3.46116427e-03
 2.87148462e-03
 8.17086833e-03
 1.26315390e-02
 1.64172395e-02
 1.95297348e-02
 2.16971244e-02
 2.24915475e-02
 -2.40456341e-01
 -2.40850243e-01
 -2.41152806e-01
 -2.39750132e-01
 -2.35778818e-01
 -2.29280896e-01
 -2.20600369e-01
 -2.10041212e-01
 -1.97854307e-01
 -1.84288013e-01
 -1.69606300e-01
 -1.54086544e-01
 -1.38012593e-01
 -1.21668130e-01
 -1.05333580e-01
 -8.92868285e-02
 -7.38005249e-02
 -5.91283908e-02
 -4.54852646e-02
 -3.30333772e-02
 -2.18797418e-02
 -1.20789516e-02
 -3.63588080e-03
 3.48995072e-03
 9.37246297e-03
 1.40941467e-02
 1.77085085e-02
 2.02095625e-02
 2.15659922e-02
 2.18856467e-02
 2.16137160e-02
 2.14114289e-02
 -2.17984617e-01
 -2.16729959e-01
 -2.13494017e-01
 -2.09108180e-01
 -2.03716262e-01
 -1.96903210e-01
 -1.88326832e-01
 -1.77968485e-01
 -1.66032040e-01
 -1.52805690e-01
 -1.38596020e-01
 -1.23709652e-01
 -1.08449491e-01
 -9.31122884e-02
 -7.79854732e-02
 -6.33433037e-02
 -4.94404203e-02
 -3.65010880e-02
 -2.47065536e-02
 -1.41856960e-02
 -5.01157056e-03
 2.79759154e-03
 9.27501308e-03
 1.44997344e-02
 1.85874797e-02
 2.16780481e-02
 2.39264222e-02
 2.55141867e-02
 2.66707407e-02
 2.76109802e-02
 2.83475888e-02
 2.86465693e-02
 -1.81070821e-01
 -1.81100979e-01
 -1.80522284e-01
 -1.78118648e-01
 -1.73290652e-01
 -1.66183255e-01
 -1.57188330e-01
 -1.46647033e-01
 -1.34835787e-01
 -1.22017655e-01
 -1.08466325e-01
 -9.44677162e-02
 -8.03138336e-02
 -6.62945780e-02
 -5.26892321e-02
 -3.97579417e-02
 -2.77326397e-02
 -1.68071253e-02
 -7.12759773e-03
 1.21402286e-03
 8.18255231e-03
 1.37980255e-02
 1.81314316e-02
 2.12997767e-02
 2.34641907e-02
 2.48333211e-02
 2.56582707e-02
 2.61787497e-02
 2.65134278e-02
 2.66338182e-02
 2.65562806e-02
 2.64825337e-02
 -1.69978140e-01
 -1.67891407e-01
 -1.62383590e-01
 -1.54928103e-01
 -1.46506087e-01
 -1.37356937e-01
 -1.27410731e-01
 -1.16622166e-01
 -1.05049037e-01
 -9.28351724e-02
 -8.01861333e-02
 -6.73483448e-02
 -5.45897791e-02
 -4.21826887e-02
 -3.03888617e-02
 -1.94470324e-02
 -9.56181466e-03
 -8.93943975e-04
 6.44756989e-03
 1.24103011e-02
 1.69994917e-02
 2.02751792e-02
 2.23453929e-02
 2.33552715e-02
 2.34727763e-02
 2.28772472e-02
 2.17713160e-02
 2.04398198e-02
 1.93004785e-02
 1.87495735e-02
 1.87746275e-02
 1.88899213e-02
 -1.29214864e-01
 -1.28640497e-01
 -1.26531865e-01
 -1.22283159e-01
 -1.15838958e-01
 -1.07668765e-01
 -9.83026844e-02
 -8.80973424e-02
 -7.72802290e-02
 -6.60485418e-02
 -5.46184604e-02
 -4.32318769e-02
 -3.21456213e-02
 -2.16164116e-02
 -1.18860601e-02
 -3.16820838e-03
 4.36304346e-03
 1.05823345e-02
 1.54196064e-02
 1.88634984e-02
 2.09612723e-02
 2.18153179e-02
 2.15762701e-02
 2.04317538e-02
 1.85868080e-02
 1.62265995e-02
 1.34502157e-02
 1.01981768e-02
 6.31478779e-03
 1.96352319e-03
 -1.81358691e-03
 -3.35859969e-03
 -1.02987447e-01
 -1.01595832e-01
 -9.78530773e-02
 -9.25792981e-02
 -8.62701942e-02
 -7.90165686e-02
 -7.08311304e-02
 -6.18426902e-02
 -5.22813190e-02
 -4.24143191e-02
 -3.25133518e-02
 -2.28462962e-02
 -1.36737975e-02
 -5.24239568e-03
 2.22557495e-03
 8.54301167e-03
 1.35681000e-02
 1.72122394e-02
 1.94451408e-02
 2.02967293e-02
 1.98558789e-02
 1.82665726e-02
 1.57228825e-02
 1.24655510e-02
 8.78566486e-03
 5.04545549e-03
 1.72598881e-03
 -5.30102930e-04
 -1.05050665e-03
 3.13068326e-04
 2.49321130e-03
 3.56043489e-03
 -6.42892483e-02
 -6.42238531e-02
 -6.36572510e-02
 -6.18490561e-02
 -5.83233948e-02
 -5.30969774e-02
 -4.65034988e-02
 -3.89665216e-02
 -3.08862995e-02
 -2.26148601e-02
 -1.44644344e-02
 -6.71932667e-03
 3.59205524e-04
 6.53574354e-03
 1.16082579e-02
 1.54172365e-02
 1.78540959e-02
 1.88674761e-02
 1.84666493e-02
 1.67217108e-02
 1.37606116e-02
 9.76347484e-03
 4.95498501e-03
 -4.04398209e-04
 -6.02979514e-03
 -1.16363051e-02
 -1.70042892e-02
 -2.20987474e-02
 -2.71058835e-02
 -3.20591376e-02
 -3.61433029e-02
 -3.77908432e-02
 -4.72578677e-02
 -4.66879796e-02
 -4.49295258e-02
 -4.19291930e-02
 -3.77560151e-02
 -3.25995302e-02
 -2.67007729e-02
 -2.03118348e-02
 -1.36913169e-02
 -7.10693949e-03
 -8.30859177e-04
 4.87084969e-03
 9.75007637e-03
 1.35879589e-02
 1.62052050e-02
 1.74711472e-02
 1.73109350e-02
 1.57102110e-02
 1.27167733e-02
 8.43899211e-03
 3.04097463e-03
 -3.26545313e-03
 -1.02321501e-02
 -1.75901785e-02
 -2.50691546e-02
 -3.24107819e-02
 -3.93413084e-02
 -4.54606141e-02
 -5.01465437e-02
 -5.28312057e-02
 -5.36986223e-02
 -5.37734029e-02
 -3.71653671e-02
 -3.56538674e-02
 -3.17472629e-02
 -2.67100058e-02
 -2.14519051e-02
 -1.62573724e-02
 -1.10967886e-02
 -5.93766243e-03
 -8.56945436e-04
 3.96945757e-03
 8.31105073e-03
 1.19228996e-02
 1.45737372e-02
 1.60644442e-02
 1.62406279e-02
 1.50015523e-02
 1.23061772e-02
 8.17628301e-03
 2.69648343e-03
 -3.98895225e-03
 -1.16823532e-02
 -2.01417464e-02
 -2.90925807e-02
 -3.82419699e-02
 -4.72958366e-02
 -5.59829774e-02
 -6.41020219e-02
 -7.16055040e-02
 -7.86196177e-02
 -8.50975292e-02
 -9.01476457e-02
 -9.21291658e-02
 -6.51198720e-03
 -6.85122285e-03
 -7.29393458e-03
 -6.84835079e-03
 -5.13260482e-03
 -2.41490246e-03
 8.63294028e-04
 4.33880735e-03
 7.72267561e-03
 1.07491966e-02
 1.31588412e-02
 1.47056504e-02
 1.51710766e-02
 1.43767814e-02
 1.21948028e-02
 8.55499859e-03
 3.44968650e-03
 -3.06470634e-03
 -1.08691203e-02
 -1.97863976e-02
 -2.95885449e-02
 -4.00060641e-02
 -5.07382007e-02
 -6.14620796e-02
 -7.18372926e-02
 -8.14999183e-02
 -9.00348633e-02
 -9.69248467e-02
 -1.01576610e-01
 -1.03691918e-01
 -1.03915777e-01
 -1.03715317e-01
 5.49832107e-04
 1.17705560e-03
 2.56824742e-03
 3.98430205e-03
 5.30683472e-03
 6.80721430e-03
 8.59940174e-03
 1.05236440e-02
 1.22894268e-02
 1.35915921e-02
 1.41513948e-02
 1.37257753e-02
 1.21124138e-02
 9.15651375e-03
 4.75804518e-03
 -1.12239621e-03
 -8.46021800e-03
 -1.71664747e-02
 -2.70906428e-02
 -3.80263532e-02
 -4.97195971e-02
 -6.18786273e-02
 -7.41844181e-02
 -8.63002847e-02
 -9.78798586e-02
 -1.08577218e-01
 -1.18077413e-01
 -1.26178027e-01
 -1.32879349e-01
 -1.38252943e-01
 -1.42007149e-01
 -1.43403211e-01
 1.46060163e-02
 1.38558999e-02
 1.23212021e-02
 1.12056237e-02
 1.09859671e-02
 1.14540622e-02
 1.22272788e-02
 1.29572166e-02
 1.33343878e-02
 1.30765064e-02
 1.19305221e-02
 9.67825610e-03
 6.14306150e-03
 1.19742827e-03
 -5.22976129e-03
 -1.31478209e-02
 -2.25016999e-02
 -3.31726556e-02
 -4.49821449e-02
 -5.76986202e-02
 -7.10467086e-02
 -8.47180816e-02
 -9.83834887e-02
 -1.11706005e-01
 -1.24356865e-01
 -1.36035464e-01
 -1.46487924e-01
 -1.55501345e-01
 -1.62861412e-01
 -1.68334401e-01
 -1.71716935e-01
 -1.72864773e-01
 7.12956385e-03
 7.79087662e-03
 9.23228645e-03
 1.06023961e-02
 1.15976143e-02
 1.22540694e-02
 1.25619176e-02
 1.24033555e-02
 1.16029355e-02
 9.96216944e-03
 7.28218045e-03
 3.38275262e-03
 -1.88187300e-03
 -8.61054411e-03
 -1.68460249e-02
 -2.65692659e-02
 -3.76973144e-02
 -5.00848492e-02
 -6.35290011e-02
 -7.77770883e-02
 -9.25366486e-02
 -1.07487130e-01
 -1.22292907e-01
 -1.36617793e-01
 -1.50141379e-01
 -1.62574281e-01
 -1.73657096e-01
 -1.83112800e-01
 -1.90558158e-01
 -1.95557749e-01
 -1.98070502e-01
 -1.98745508e-01
 7.51505921e-03
 7.69320272e-03
 8.36035782e-03
 9.45322356e-03
 1.04751456e-02
 1.09793889e-02
 1.07830148e-02
 9.80863302e-03
 7.95781041e-03
 5.09335309e-03
 1.06079635e-03
 -4.28625674e-03
 -1.10649867e-02
 -1.93475912e-02
 -2.91508240e-02
 -4.04300143e-02
 -5.30774949e-02
 -6.69249107e-02
 -8.17488463e-02
 -9.72793047e-02
 -1.13210484e-01
 -1.29212811e-01
 -1.44946077e-01
 -1.60072775e-01
 -1.74271484e-01
 -1.87251826e-01
 -1.98784494e-01
 -2.08785807e-01
 -2.17446405e-01
 -2.25049119e-01
 -2.31015356e-01
 -2.33420430e-01
 5.86982737e-03
 6.38871065e-03
 7.49409628e-03
 8.46456151e-03
 8.94067378e-03
 8.77781802e-03
 7.85366950e-03
 6.04889234e-03
 3.24474897e-03
 -6.87436154e-04
 -5.88240148e-03
 -1.24644402e-02
 -2.05283048e-02
 -3.01235695e-02
 -4.12445037e-02
 -5.38242761e-02
 -6.77340787e-02
 -8.27862573e-02
 -9.87405512e-02
 -1.15313151e-01
 -1.32188178e-01
 -1.49029635e-01
 -1.65494427e-01
 -1.81243918e-01
 -1.95952492e-01
 -2.09309846e-01
 -2.21007576e-01
 -2.30679205e-01
 -2.37785837e-01
 -2.41753136e-01
 -2.42867448e-01
 -2.42841802e-01
 8.41217595e-03
 8.30608711e-03
 8.05824994e-03
 7.70098331e-03
 7.12425994e-03
 6.11922344e-03
 4.43644204e-03
 1.86173695e-03
 -1.76964289e-03
 -6.59859044e-03
 -1.27551227e-02
 -2.03508288e-02
 -2.94641947e-02
 -4.01265149e-02
 -5.23137107e-02
 -6.59405453e-02
 -8.08608972e-02
 -9.68715244e-02
 -1.13718933e-01
 -1.31108518e-01
 -1.48717273e-01
 -1.66204733e-01
 -1.83226782e-01
 -1.99445717e-01
 -2.14537225e-01
 -2.28189758e-01
 -2.40094837e-01
 -2.49934615e-01
 -2.57404508e-01
 -2.62373067e-01
 -2.65094842e-01
 -2.65959690e-01
 9.66729739e-03
 9.13252885e-03
 7.84418797e-03
 6.41883649e-03
 5.03484208e-03
 3.37996694e-03
 1.08231459e-03
 -2.12222941e-03
 -6.41847893e-03
 -1.19559803e-02
 -1.88644718e-02
 -2.72480522e-02
 -3.71737691e-02
 -4.86586560e-02
 -6.16646199e-02
 -7.60918930e-02
 -9.17809416e-02
 -1.08516569e-01
 -1.26035475e-01
 -1.44034827e-01
 -1.62187075e-01
 -1.80148621e-01
 -1.97575708e-01
 -2.14133122e-01
 -2.29502127e-01
 -2.43383615e-01
 -2.55507086e-01
 -2.65703289e-01
 -2.74066369e-01
 -2.80861006e-01
 -2.85734011e-01
 -2.87560524e-01
 8.12634881e-03
 7.48193556e-03
 6.09339413e-03
 4.60774214e-03
 3.01499835e-03
 1.00757961e-03
 -1.71382130e-03
 -5.37464595e-03
 -1.01527586e-02
 -1.61998155e-02
 -2.36461325e-02
 -3.25908284e-02
 -4.30935210e-02
 -5.51605801e-02
 -6.87443881e-02
 -8.37344372e-02
 -9.99618337e-02
 -1.17202784e-01
 -1.35187530e-01
 -1.53607083e-01
 -1.72131687e-01
 -1.90415223e-01
 -2.08115237e-01
 -2.24898898e-01
 -2.40453812e-01
 -2.54493918e-01
 -2.66769480e-01
 -2.77127044e-01
 -2.85633839e-01
 -2.92564161e-01
 -2.97773018e-01
 -2.99874481e-01
 5.60453636e-03
 5.21782590e-03
 4.34384931e-03
 3.17021156e-03
 1.58917586e-03
 -5.89847734e-04
 -3.55852819e-03
 -7.49382848e-03
 -1.25624482e-02
 -1.89157559e-02
 -2.66845451e-02
 -3.59648057e-02
 -4.68120299e-02
 -5.92258003e-02
 -7.31531271e-02
 -8.84768132e-02
 -1.05022499e-01
 -1.22561158e-01
 -1.40819492e-01
 -1.59484537e-01
 -1.78225855e-01
 -1.96695492e-01
 -2.14552329e-01
 -2.31465061e-01
 -2.47125501e-01
 -2.61255632e-01
 -2.73610107e-01
 -2.83997914e-01
 -2.92320826e-01
 -2.98590840e-01
 -3.02813499e-01
 -3.04481602e-01
 4.43300000e-03
 4.24834137e-03
 3.67422892e-03
 2.65141590e-03
 1.08497834e-03
 -1.15014760e-03
 -4.20154110e-03
 -8.22862789e-03
 -1.33942156e-02
 -1.98496130e-02
 -2.77257978e-02
 -3.71176845e-02
 -4.80794400e-02
 -6.06083047e-02
 -7.46495641e-02
 -9.00837492e-02
 -1.06734696e-01
 -1.24371634e-01
 -1.42720134e-01
 -1.61465859e-01
 -1.80278256e-01
 -1.98808712e-01
 -2.16716610e-01
 -2.33671247e-01
 -2.49365802e-01
 -2.63525658e-01
 -2.75907590e-01
 -2.86309395e-01
 -2.94566441e-01
 -3.00552622e-01
 -3.04179310e-01
 -3.05394000e-01
