 2.93546900e+00
 2.94200387e+00
 2.95396615e+00
 2.96587784e+00
 3.00027557e+00
 2.98741267e+00
 3.04163259e+00
 3.10043506e+00
 3.15259237e+00
 3.17349734e+00
 3.17426000e+00
 2.93656406e+00
 2.94029728e+00
 2.95020284e+00
 2.96521660e+00
 2.99392429e+00
 2.99309844e+00
 3.04208041e+00
 3.09930750e+00
 3.14808848e+00
 3.17341180e+00
 3.18052018e+00
 2.92599940e+00
 2.92915644e+00
 2.94003616e+00
 2.95878960e+00
 2.98240904e+00
 3.00075951e+00
 3.04320043e+00
 3.09472788e+00
 3.13802283e+00
 3.16706574e+00
 3.17898111e+00
 2.89872257e+00
 2.90642599e+00
 2.92355067e+00
 2.94514555e+00
 2.97058784e+00
 3.00029693e+00
 3.04113237e+00
 3.08679857e+00
 3.12540859e+00
 3.14776374e+00
 3.15319808e+00
 2.89235819e+00
 2.89494317e+00
 2.90592006e+00
 2.92684381e+00
 2.95567657e+00
 2.99142210e+00
 3.03309933e+00
 3.07493704e+00
 3.11058270e+00
 3.13877853e+00
 3.15173905e+00
 2.85879914e+00
 2.86457001e+00
 2.88022992e+00
 2.90468347e+00
 2.93793310e+00
 2.97860095e+00
 3.02249878e+00
 3.06159113e+00
 3.08589702e+00
 3.08965028e+00
 3.08568678e+00
 2.83520284e+00
 2.84056754e+00
 2.85702376e+00
 2.88443487e+00
 2.92242470e+00
 2.96832961e+00
 3.01579065e+00
 3.05743924e+00
 3.09005361e+00
 3.11555719e+00
 3.12746237e+00
 2.81888304e+00
 2.82511526e+00
 2.84274187e+00
 2.87126938e+00
 2.91407885e+00
 2.96484158e+00
 3.01506222e+00
 3.05678503e+00
 3.08625391e+00
 3.10248772e+00
 3.10634628e+00
 2.81450213e+00
 2.82281042e+00
 2.84105427e+00
 2.86228376e+00
 2.91349355e+00
 2.96692086e+00
 3.01860313e+00
 3.05876281e+00
 3.08120191e+00
 3.09632294e+00
 3.10294162e+00
 2.81781204e+00
 2.83556657e+00
 2.85415238e+00
 2.84779638e+00
 2.91946906e+00
 2.96915192e+00
 3.02295216e+00
 3.06346791e+00
 3.07599497e+00
 3.08605541e+00
 3.09237268e+00
 2.82022100e+00
 2.84823936e+00
 2.86525767e+00
 2.83681245e+00
 2.92454772e+00
 2.96925357e+00
 3.02492926e+00
 3.06626954e+00
 3.07298387e+00
 3.07691704e+00
 3.08104300e+00
