 3.38480400e+00
 3.41006534e+00
 3.43147596e+00
 3.41099673e+00
 3.43922735e+00
 3.34594444e+00
 3.28632948e+00
 3.29454232e+00
 3.19949849e+00
 3.17916651e+00
 3.19597600e+00
 3.38751564e+00
 3.39942450e+00
 3.41433549e+00
 3.40285205e+00
 3.41314071e+00
 3.33384473e+00
 3.27607059e+00
 3.26514399e+00
 3.19316830e+00
 3.17839112e+00
 3.18878593e+00
 3.37973273e+00
 3.37930066e+00
 3.37698723e+00
 3.36727766e+00
 3.35070804e+00
 3.29154149e+00
 3.23497925e+00
 3.19646313e+00
 3.15218886e+00
 3.13878284e+00
 3.13978413e+00
 3.33862601e+00
 3.33333890e+00
 3.32041998e+00
 3.30048312e+00
 3.26803228e+00
 3.21511889e+00
 3.15613287e+00
 3.10238980e+00
 3.05648355e+00
 3.02780825e+00
 3.01850671e+00
 3.26338122e+00
 3.25798139e+00
 3.23983313e+00
 3.21041430e+00
 3.16903470e+00
 3.11370303e+00
 3.05114233e+00
 2.99060763e+00
 2.93715150e+00
 2.89452406e+00
 2.87612873e+00
 3.16916313e+00
 3.15767405e+00
 3.13511514e+00
 3.10572867e+00
 3.06201507e+00
 3.00408584e+00
 2.94000204e+00
 2.88041510e+00
 2.83576037e+00
 2.81424650e+00
 2.81038034e+00
 2.99298622e+00
 3.00869549e+00
 3.02339499e+00
 3.00679761e+00
 2.96245188e+00
 2.90277078e+00
 2.83901793e+00
 2.78054929e+00
 2.73309936e+00
 2.69884576e+00
 2.68483523e+00
 3.03290070e+00
 3.01338170e+00
 2.97848686e+00
 2.93806799e+00
 2.88189141e+00
 2.82052666e+00
 2.75809726e+00
 2.70254436e+00
 2.65878116e+00
 2.63109939e+00
 2.62238061e+00
 2.96239817e+00
 2.95688115e+00
 2.93632622e+00
 2.89425630e+00
 2.81858812e+00
 2.76297807e+00
 2.70024570e+00
 2.64905393e+00
 2.60994847e+00
 2.58376714e+00
 2.57462798e+00
 2.92294853e+00
 2.91765067e+00
 2.90736169e+00
 2.88052013e+00
 2.76753835e+00
 2.73475596e+00
 2.66322780e+00
 2.61933131e+00
 2.58188917e+00
 2.55667891e+00
 2.54926078e+00
 2.92564000e+00
 2.90968653e+00
 2.89715728e+00
 2.88341145e+00
 2.74380479e+00
 2.72915358e+00
 2.64898323e+00
 2.61085611e+00
 2.57264837e+00
 2.54953138e+00
 2.54465100e+00
