 0.00000000e+00
 2.56533830e-03
 1.02350294e-02
 2.29303718e-02
 4.05210942e-02
 6.28266919e-02
 8.96182794e-02
 1.20620939e-01
 1.55516540e-01
 1.93947009e-01
 2.35517995e-01
 2.79802924e-01
 3.26347374e-01
 3.74673734e-01
 4.24286111e-01
 4.74675416e-01
 5.25324584e-01
 5.75713889e-01
 6.25326266e-01
 6.73652626e-01
 7.20197076e-01
 7.64482005e-01
 8.06052991e-01
 8.44483460e-01
 8.79379061e-01
 9.10381721e-01
 9.37173308e-01
 9.59478906e-01
 9.77069628e-01
 9.89764971e-01
 9.97434662e-01
 1.00000000e+00
