 2.00000000e+00
 2.00256534e+00
 2.01023503e+00
 2.02293037e+00
 2.04052109e+00
 2.06282669e+00
 2.08961828e+00
 2.12062094e+00
 2.15551654e+00
 2.19394701e+00
 2.23551799e+00
 2.27980292e+00
 2.32634737e+00
 2.37467373e+00
 2.42428611e+00
 2.47467542e+00
 2.52532458e+00
 2.57571389e+00
 2.62532627e+00
 2.67365263e+00
 2.72019708e+00
 2.76448201e+00
 2.80605299e+00
 2.84448346e+00
 2.87937906e+00
 2.91038172e+00
 2.93717331e+00
 2.95947891e+00
 2.97706963e+00
 2.98976497e+00
 2.99743466e+00
 3.00000000e+00
