 1.00000000e+00
 1.00256534e+00
 1.01023503e+00
 1.02293037e+00
 1.04052109e+00
 1.06282669e+00
 1.08961828e+00
 1.12062094e+00
 1.15551654e+00
 1.19394701e+00
 1.23551799e+00
 1.27980292e+00
 1.32634737e+00
 1.37467373e+00
 1.42428611e+00
 1.47467542e+00
 1.52532458e+00
 1.57571389e+00
 1.62532627e+00
 1.67365263e+00
 1.72019708e+00
 1.76448201e+00
 1.80605299e+00
 1.84448346e+00
 1.87937906e+00
 1.91038172e+00
 1.93717331e+00
 1.95947891e+00
 1.97706963e+00
 1.98976497e+00
 1.99743466e+00
 2.00000000e+00
