2.17074
2.08059
1.99743
1.92099
1.77453
1.62694
1.39088
1.15787
0.825099
0.456883
2.26864
0.236819
0.408495
0.507071
0.55687
0.551699
0.486975
0.389802
0.286864
0.149827
0.56615
0.0406767
0.0747547
0.106824
0.126117
0.156321
0.17599
0.183699
0.168429
0.110313
1.32887
0.445517
0.801161
1.07836
1.29235
1.40051
1.40685
1.30262
1.04536
0.615842
2.72404
0.685104
1.10782
1.38462
1.50287
1.50644
1.39877
1.1883
0.912031
0.516563
1.42792
0.311099
0.523763
0.682887
0.779956
0.895817
1.01234
1.12806
1.27959
1.44076
1.63416
1.11001
1.04699
0.987611
0.919917
0.838861
0.755835
0.661172
0.538192
0.388613
0.202967
0.776555
0.0358003
0.0435714
0.0287966
0.00283673
-0.0318938
-0.0652542
-0.0860181
-0.0875765
-0.063591
-0.801191
-0.193938
-0.34297
-0.440346
-0.498646
-0.50347
-0.464747
-0.394836
-0.286199
-0.158067
-0.16376
0.0945223
0.196351
0.289094
0.370551
0.421807
0.443249
0.425959
0.347688
0.209172
1.14544
0.203157
0.344402
0.413057
0.437717
0.411311
0.356516
0.262427
0.179989
0.0819651
-0.0221351
-0.0870154
-0.156538
-0.188029
-0.191106
-0.147114
-0.082941
0.0282439
0.187494
0.365651
0.573433
1.8892
1.74277
1.61735
1.45266
1.29307
1.1461
0.969302
0.749485
0.540662
0.289248
1.07906
0.0472122
0.0664093
0.0603852
0.0346785
0.00737713
-0.0271634
-0.0535696
-0.064143
-0.0474114
-0.713004
-0.178136
-0.314318
-0.400826
-0.455358
-0.463757
-0.429837
-0.356763
-0.265419
-0.148685
-0.184956
0.081251
0.162959
0.245338
0.318812
0.360253
0.374173
0.35444
0.283253
0.170508
1.06446
0.156735
0.264982
0.324878
0.33718
0.320395
0.269893
0.213266
0.134418
0.0617009
0.0914745
-0.0216367
-0.0189124
0.0263913
0.0914317
0.19998
0.350229
0.550012
0.795455
1.04991
1.35263
3.06017
2.84381
2.64598
2.37602
2.17822
1.9017
1.62092
1.28885
0.927857
0.483125
2.09707
0.174147
0.288965
0.353854
0.369556
0.354973
0.30868
0.241601
0.166774
0.0834288
0.0700251
-0.0458387
-0.0804809
-0.105884
-0.115868
-0.11273
-0.0946752
-0.0687789
-0.0407114
-0.0148668
0.537867
0.188951
0.357282
0.489272
0.585089
0.646239
0.640729
0.58773
0.460661
0.275333
1.69749
0.250325
0.428612
0.528058
0.586214
0.573753
0.521157
0.430615
0.306866
0.162501
0.919993
0.179824
0.346336
0.516588
0.710267
0.918278
1.20944
1.47583
1.7922
2.13384
2.5236
2.44664
2.35839
2.24303
2.11447
1.9695
1.77854
1.52443
1.23683
0.904583
0.482822
2.53625
0.191582
0.33139
0.403119
0.441043
0.424485
0.375017
0.300392
0.207071
0.102279
0.190173
-0.0495151
-0.0941478
-0.116698
-0.130173
-0.129048
-0.114677
-0.0838348
-0.0528541
-0.0245752
0.727614
0.205817
0.389856
0.536096
0.643719
0.697136
0.68752
0.619081
0.482224
0.274484
2.13477
0.254522
0.424159
0.543323
0.597849
0.574292
0.531904
0.436045
0.316292
0.165813
0.863236
0.0970129
0.215908
0.326342
0.449004
0.606983
0.833072
1.04108
1.30417
1.60047
1.91006
4.0093
3.65595
3.28622
2.92836
2.55822
2.17814
1.79063
1.35439
0.948395
0.484026
0.254531
0.412934
0.498769
0.527489
0.517549
0.461092
0.382868
0.269036
0.148592
0.097969
0.168324
0.209868
0.226943
0.226708
0.220549
0.196117
0.144168
0.082882
0.219778
0.380089
0.500977
0.579211
0.588248
0.559817
0.489517
0.376734
0.203024
0.33704
0.602842
0.762547
0.83167
0.823784
0.774689
0.661325
0.472917
0.259141
0.444022
0.827429
1.1294
1.34277
1.52482
1.68158
1.79147
1.90931
1.99862
2.09817
2.3432
2.11598
1.87202
1.62192
1.41032
1.14979
0.911184
0.690384
0.455887
0.223921
-0.0294941
-0.0629939
-0.0993319
-0.134855
-0.159781
-0.1737
-0.165859
-0.138954
-0.0862122
-0.19852
-0.333686
-0.42035
-0.458467
-0.46662
-0.436432
-0.368805
-0.270365
-0.150234
-0.0974634
-0.151655
-0.174867
-0.175756
-0.162053
-0.137192
-0.104595
-0.0736818
-0.0376169
0.0283823
0.0552007
0.0731964
0.0826358
0.0847106
0.076598
0.0599288
0.040973
0.0192008
0.0202939
0.0451514
0.0659283
0.0912744
0.123375
0.174947
0.219292
0.286391
0.356557
0.432068
2.82058
2.65723
2.45677
2.2486
2.02668
1.74625
1.43946
1.14566
0.800856
0.413534
0.145776
0.214403
0.241767
0.229788
0.191055
0.154619
0.103406
0.0591896
0.023737
-0.0888867
-0.145237
-0.190693
-0.209859
-0.212023
-0.194627
-0.162303
-0.119313
-0.0639656
0.00019662
0.00968807
0.0281913
0.0494649
0.0632533
0.0737247
0.0704191
0.0636873
0.0367394
0.109187
0.199213
0.249828
0.281164
0.282717
0.25702
0.213439
0.154825
0.0823493
0.140367
0.250387
0.342613
0.425814
0.502617
0.581623
0.656463
0.742429
0.822414
0.909455
4.08936
3.93782
3.7692
3.55629
3.30531
2.97826
2.58648
2.11874
1.54187
0.823181
0.539903
0.874515
1.02594
1.07313
1.00795
0.916727
0.735468
0.549004
0.29453
0.205457
0.33066
0.403793
0.437601
0.433987
0.40215
0.348343
0.261504
0.146241
0.251412
0.423938
0.540654
0.616121
0.633953
0.605985
0.521182
0.404238
0.227273
0.325774
0.565036
0.709947
0.782516
0.788418
0.733394
0.628697
0.452751
0.253466
0.455983
0.803578
1.08681
1.32444
1.50301
1.67632
1.80371
1.93877
2.05471
2.17823
2.55598
2.49615
2.3969
2.28071
2.11586
1.92135
1.66791
1.36208
0.977478
0.522831
0.238279
0.34934
0.384392
0.37106
0.311609
0.244136
0.172734
0.0985165
0.0417182
-0.0740658
-0.126037
-0.158518
-0.173881
-0.172308
-0.160508
-0.13935
-0.104642
-0.0594661
0.030277
0.0708509
0.101313
0.126952
0.150819
0.148849
0.13299
0.109869
0.0557096
0.13719
0.241205
0.303333
0.339503
0.339254
0.308545
0.249362
0.175942
0.0939372
0.102264
0.179128
0.243297
0.30798
0.365479
0.409368
0.472014
0.518086
0.584701
0.644849
