0 1 
1 1 
2 1 
3 1 
4 1 
5 1 
6 1 
7 1 
8 1 
9 1 
10 0 10 1 10 2 10 3 
11 3 
12 3 
13 3 
14 3 
15 3 
16 3 
17 3 
18 3 
19 3 
20 3 20 5 20 12 20 14 
21 5 
22 5 
23 5 
24 5 
25 5 
26 5 
27 5 
28 5 
29 5 
30 5 30 7 30 24 30 26 
31 7 
32 7 
33 7 
34 7 
35 7 
36 7 
37 7 
38 7 
39 7 
40 7 40 9 40 36 40 38 
41 9 
42 9 
43 9 
44 9 
45 9 
46 9 
47 9 
48 9 
49 9 
50 9 50 11 50 48 50 50 
51 11 
52 11 
53 11 
54 11 
55 11 
56 11 
57 11 
58 11 
59 11 
60 11 
61 13 
62 13 
63 13 
64 13 
65 13 
66 13 
67 13 
68 13 
69 13 
70 13 
71 2 71 4 71 13 71 15 
72 15 
73 15 
74 15 
75 15 
76 15 
77 15 
78 15 
79 15 
80 15 
81 14 81 15 81 16 81 17 
82 17 
83 17 
84 17 
85 17 
86 17 
87 17 
88 17 
89 17 
90 17 
91 17 91 19 91 26 91 28 
92 19 
93 19 
94 19 
95 19 
96 19 
97 19 
98 19 
99 19 
100 19 
101 19 101 21 101 38 101 40 
102 21 
103 21 
104 21 
105 21 
106 21 
107 21 
108 21 
109 21 
110 21 
111 21 111 23 111 50 111 52 
112 23 
113 23 
114 23 
115 23 
116 23 
117 23 
118 23 
119 23 
120 23 
121 23 
122 25 
123 25 
124 25 
125 25 
126 25 
127 25 
128 25 
129 25 
130 25 
131 25 
132 4 132 6 132 25 132 27 
133 27 
134 27 
135 27 
136 27 
137 27 
138 27 
139 27 
140 27 
141 27 
142 16 142 18 142 27 142 29 
143 29 
144 29 
145 29 
146 29 
147 29 
148 29 
149 29 
150 29 
151 29 
152 28 152 29 152 30 152 31 
153 31 
154 31 
155 31 
156 31 
157 31 
158 31 
159 31 
160 31 
161 31 
162 31 162 33 162 40 162 42 
163 33 
164 33 
165 33 
166 33 
167 33 
168 33 
169 33 
170 33 
171 33 
172 33 172 35 172 52 172 54 
173 35 
174 35 
175 35 
176 35 
177 35 
178 35 
179 35 
180 35 
181 35 
182 35 
183 37 
184 37 
185 37 
186 37 
187 37 
188 37 
189 37 
190 37 
191 37 
192 37 
193 6 193 8 193 37 193 39 
194 39 
195 39 
196 39 
197 39 
198 39 
199 39 
200 39 
201 39 
202 39 
203 18 203 20 203 39 203 41 
204 41 
205 41 
206 41 
207 41 
208 41 
209 41 
210 41 
211 41 
212 41 
213 30 213 32 213 41 213 43 
214 43 
215 43 
216 43 
217 43 
218 43 
219 43 
220 43 
221 43 
222 43 
223 42 223 43 223 44 223 45 
224 45 
225 45 
226 45 
227 45 
228 45 
229 45 
230 45 
231 45 
232 45 
233 45 233 47 233 54 233 56 
234 47 
235 47 
236 47 
237 47 
238 47 
239 47 
240 47 
241 47 
242 47 
243 47 
244 49 
245 49 
246 49 
247 49 
248 49 
249 49 
250 49 
251 49 
252 49 
253 49 
254 8 254 10 254 49 254 51 
255 51 
256 51 
257 51 
258 51 
259 51 
260 51 
261 51 
262 51 
263 51 
264 20 264 22 264 51 264 53 
265 53 
266 53 
267 53 
268 53 
269 53 
270 53 
271 53 
272 53 
273 53 
274 32 274 34 274 53 274 55 
275 55 
276 55 
277 55 
278 55 
279 55 
280 55 
281 55 
282 55 
283 55 
284 44 284 46 284 55 284 57 
285 57 
286 57 
287 57 
288 57 
289 57 
290 57 
291 57 
292 57 
293 57 
294 56 294 57 294 58 294 59 
295 59 
296 59 
297 59 
298 59 
299 59 
300 59 
301 59 
302 59 
303 59 
304 59 
305 0 
306 0 
307 0 
308 0 
309 0 
310 0 
311 0 
312 0 
313 0 
314 0 
315 2 
316 2 
317 2 
318 2 
319 2 
320 2 
321 2 
322 2 
323 2 
324 4 
325 4 
326 4 
327 4 
328 4 
329 4 
330 4 
331 4 
332 4 
333 6 
334 6 
335 6 
336 6 
337 6 
338 6 
339 6 
340 6 
341 6 
342 8 
343 8 
344 8 
345 8 
346 8 
347 8 
348 8 
349 8 
350 8 
351 10 
352 10 
353 10 
354 10 
355 10 
356 10 
357 10 
358 10 
359 10 
360 10 
361 12 
362 12 
363 12 
364 12 
365 12 
366 12 
367 12 
368 12 
369 12 
370 12 
371 14 
372 14 
373 14 
374 14 
375 14 
376 14 
377 14 
378 14 
379 14 
380 16 
381 16 
382 16 
383 16 
384 16 
385 16 
386 16 
387 16 
388 16 
389 18 
390 18 
391 18 
392 18 
393 18 
394 18 
395 18 
396 18 
397 18 
398 20 
399 20 
400 20 
401 20 
402 20 
403 20 
404 20 
405 20 
406 20 
407 22 
408 22 
409 22 
410 22 
411 22 
412 22 
413 22 
414 22 
415 22 
416 22 
417 24 
418 24 
419 24 
420 24 
421 24 
422 24 
423 24 
424 24 
425 24 
426 24 
427 26 
428 26 
429 26 
430 26 
431 26 
432 26 
433 26 
434 26 
435 26 
436 28 
437 28 
438 28 
439 28 
440 28 
441 28 
442 28 
443 28 
444 28 
445 30 
446 30 
447 30 
448 30 
449 30 
450 30 
451 30 
452 30 
453 30 
454 32 
455 32 
456 32 
457 32 
458 32 
459 32 
460 32 
461 32 
462 32 
463 34 
464 34 
465 34 
466 34 
467 34 
468 34 
469 34 
470 34 
471 34 
472 34 
473 36 
474 36 
475 36 
476 36 
477 36 
478 36 
479 36 
480 36 
481 36 
482 36 
483 38 
484 38 
485 38 
486 38 
487 38 
488 38 
489 38 
490 38 
491 38 
492 40 
493 40 
494 40 
495 40 
496 40 
497 40 
498 40 
499 40 
500 40 
501 42 
502 42 
503 42 
504 42 
505 42 
506 42 
507 42 
508 42 
509 42 
510 44 
511 44 
512 44 
513 44 
514 44 
515 44 
516 44 
517 44 
518 44 
519 46 
520 46 
521 46 
522 46 
523 46 
524 46 
525 46 
526 46 
527 46 
528 46 
529 48 
530 48 
531 48 
532 48 
533 48 
534 48 
535 48 
536 48 
537 48 
538 48 
539 50 
540 50 
541 50 
542 50 
543 50 
544 50 
545 50 
546 50 
547 50 
548 52 
549 52 
550 52 
551 52 
552 52 
553 52 
554 52 
555 52 
556 52 
557 54 
558 54 
559 54 
560 54 
561 54 
562 54 
563 54 
564 54 
565 54 
566 56 
567 56 
568 56 
569 56 
570 56 
571 56 
572 56 
573 56 
574 56 
575 58 
576 58 
577 58 
578 58 
579 58 
580 58 
581 58 
582 58 
583 58 
584 58 
