 3.195976e+00 3.194599e+00 3.161481e+00 3.074114e+00 3.002711e+00 2.950012e+00 2.851129e+00 2.804259e+00 2.781602e+00 2.750646e+00 2.734675e+00
 3.188786e+00 3.176313e+00 3.137182e+00 3.057863e+00 2.986205e+00 2.927625e+00 2.838728e+00 2.789965e+00 2.762640e+00 2.733705e+00 2.721297e+00
 3.139784e+00 3.120655e+00 3.073081e+00 3.005454e+00 2.935749e+00 2.870410e+00 2.798650e+00 2.748841e+00 2.715944e+00 2.692230e+00 2.683848e+00
 3.018507e+00 3.006297e+00 2.971790e+00 2.918896e+00 2.856730e+00 2.793982e+00 2.734709e+00 2.688459e+00 2.656113e+00 2.636410e+00 2.629873e+00
 2.876129e+00 2.873763e+00 2.856275e+00 2.817194e+00 2.765327e+00 2.711006e+00 2.661179e+00 2.620957e+00 2.592338e+00 2.575471e+00 2.569958e+00
 2.810380e+00 2.795426e+00 2.762373e+00 2.722623e+00 2.678198e+00 2.632696e+00 2.591070e+00 2.557055e+00 2.532612e+00 2.518239e+00 2.513545e+00
 2.684835e+00 2.682175e+00 2.668026e+00 2.640029e+00 2.603822e+00 2.565878e+00 2.531461e+00 2.503140e+00 2.482476e+00 2.470252e+00 2.466270e+00
 2.622381e+00 2.616484e+00 2.601445e+00 2.577712e+00 2.546046e+00 2.513030e+00 2.485478e+00 2.462400e+00 2.444680e+00 2.433977e+00 2.430463e+00
 2.574628e+00 2.571416e+00 2.559540e+00 2.537329e+00 2.505803e+00 2.473600e+00 2.454598e+00 2.435938e+00 2.419957e+00 2.409843e+00 2.406357e+00
 2.549261e+00 2.547595e+00 2.537930e+00 2.515733e+00 2.482759e+00 2.446636e+00 2.438993e+00 2.421981e+00 2.407193e+00 2.397040e+00 2.392876e+00
 2.544651e+00 2.542317e+00 2.532227e+00 2.509071e+00 2.475610e+00 2.436143e+00 2.435053e+00 2.417563e+00 2.403618e+00 2.393418e+00 2.388593e+00
 2.534111e+00 2.532043e+00 2.521901e+00 2.499920e+00 2.467872e+00 2.433143e+00 2.427048e+00 2.411480e+00 2.397840e+00 2.388418e+00 2.384505e+00
 2.511670e+00 2.508201e+00 2.496218e+00 2.475404e+00 2.447652e+00 2.420951e+00 2.408010e+00 2.394990e+00 2.383498e+00 2.376244e+00 2.373734e+00
 2.485827e+00 2.478971e+00 2.462998e+00 2.442769e+00 2.420084e+00 2.399396e+00 2.385117e+00 2.374276e+00 2.366262e+00 2.361726e+00 2.360320e+00
 2.439026e+00 2.435689e+00 2.425130e+00 2.409032e+00 2.391213e+00 2.375401e+00 2.363861e+00 2.356295e+00 2.351954e+00 2.350066e+00 2.349607e+00
 2.409718e+00 2.405871e+00 2.395624e+00 2.381880e+00 2.368022e+00 2.356793e+00 2.349544e+00 2.346111e+00 2.345439e+00 2.346025e+00 2.346424e+00
 2.393494e+00 2.389072e+00 2.378326e+00 2.365952e+00 2.355363e+00 2.348389e+00 2.345579e+00 2.346316e+00 2.349079e+00 2.351903e+00 2.353074e+00
 2.382475e+00 2.379211e+00 2.370907e+00 2.361237e+00 2.353810e+00 2.350518e+00 2.351557e+00 2.355869e+00 2.361518e+00 2.366202e+00 2.368012e+00
 2.382239e+00 2.379540e+00 2.372671e+00 2.364923e+00 2.359843e+00 2.359261e+00 2.363128e+00 2.370065e+00 2.377825e+00 2.383868e+00 2.386146e+00
 2.387156e+00 2.384623e+00 2.378083e+00 2.371136e+00 2.367343e+00 2.368332e+00 2.373869e+00 2.382361e+00 2.391380e+00 2.398235e+00 2.400792e+00
 2.390221e+00 2.387435e+00 2.380751e+00 2.374003e+00 2.370607e+00 2.372104e+00 2.378182e+00 2.387186e+00 2.396618e+00 2.403742e+00 2.406392e+00
