 3.218103e+00 3.218588e+00 3.185384e+00 3.088655e+00 3.015727e+00 2.972529e+00 2.863025e+00 2.816910e+00 2.783829e+00 2.749754e+00 2.734675e+00
 3.218863e+00 3.203895e+00 3.161095e+00 3.073701e+00 3.000333e+00 2.947935e+00 2.851138e+00 2.800929e+00 2.765683e+00 2.733655e+00 2.721297e+00
 3.176224e+00 3.152650e+00 3.097591e+00 3.023526e+00 2.951442e+00 2.887000e+00 2.810822e+00 2.757290e+00 2.719559e+00 2.692987e+00 2.683848e+00
 3.041801e+00 3.029613e+00 2.993619e+00 2.937531e+00 2.872690e+00 2.808016e+00 2.745368e+00 2.695267e+00 2.659325e+00 2.637221e+00 2.629873e+00
 2.895782e+00 2.893747e+00 2.875961e+00 2.834992e+00 2.780502e+00 2.723375e+00 2.670288e+00 2.626626e+00 2.595016e+00 2.576160e+00 2.569958e+00
 2.834824e+00 2.818001e+00 2.781770e+00 2.739347e+00 2.692231e+00 2.643779e+00 2.599006e+00 2.561916e+00 2.534892e+00 2.518826e+00 2.513545e+00
 2.697775e+00 2.696784e+00 2.684249e+00 2.655317e+00 2.616714e+00 2.575890e+00 2.538527e+00 2.507439e+00 2.484491e+00 2.470770e+00 2.466270e+00
 2.646048e+00 2.637931e+00 2.619247e+00 2.592465e+00 2.558007e+00 2.522118e+00 2.491878e+00 2.466341e+00 2.446557e+00 2.434466e+00 2.430463e+00
 2.594128e+00 2.590784e+00 2.576781e+00 2.551049e+00 2.517026e+00 2.481798e+00 2.460536e+00 2.439691e+00 2.421902e+00 2.410389e+00 2.406357e+00
 2.569141e+00 2.567291e+00 2.554475e+00 2.527792e+00 2.493795e+00 2.453918e+00 2.444786e+00 2.425557e+00 2.409512e+00 2.397853e+00 2.392876e+00
 2.567459e+00 2.563547e+00 2.548665e+00 2.520180e+00 2.486799e+00 2.442933e+00 2.440901e+00 2.420988e+00 2.406236e+00 2.394486e+00 2.388593e+00
 2.556125e+00 2.552497e+00 2.538092e+00 2.511567e+00 2.478579e+00 2.440160e+00 2.432645e+00 2.414933e+00 2.400101e+00 2.389217e+00 2.384505e+00
 2.530054e+00 2.525692e+00 2.511287e+00 2.487485e+00 2.457597e+00 2.428113e+00 2.413178e+00 2.398263e+00 2.385215e+00 2.376732e+00 2.373734e+00
 2.498479e+00 2.492135e+00 2.476175e+00 2.454339e+00 2.429349e+00 2.406225e+00 2.389829e+00 2.377160e+00 2.367639e+00 2.362085e+00 2.360320e+00
 2.454518e+00 2.450538e+00 2.438273e+00 2.419858e+00 2.399585e+00 2.381491e+00 2.367970e+00 2.358738e+00 2.353089e+00 2.350358e+00 2.349607e+00
 2.426679e+00 2.421268e+00 2.407846e+00 2.391186e+00 2.374972e+00 2.361772e+00 2.352859e+00 2.348056e+00 2.346335e+00 2.346255e+00 2.346424e+00
 2.400784e+00 2.396549e+00 2.385659e+00 2.372297e+00 2.360318e+00 2.351973e+00 2.347963e+00 2.347709e+00 2.349719e+00 2.352066e+00 2.353074e+00
 2.385655e+00 2.382704e+00 2.374744e+00 2.364848e+00 2.356763e+00 2.352692e+00 2.353010e+00 2.356717e+00 2.361908e+00 2.366302e+00 2.368012e+00
 2.385672e+00 2.382429e+00 2.374768e+00 2.366613e+00 2.361209e+00 2.360274e+00 2.363807e+00 2.370462e+00 2.378007e+00 2.383914e+00 2.386146e+00
 2.388813e+00 2.385720e+00 2.378677e+00 2.371575e+00 2.367692e+00 2.368592e+00 2.374043e+00 2.382463e+00 2.391426e+00 2.398247e+00 2.400792e+00
 2.390221e+00 2.387435e+00 2.380751e+00 2.374003e+00 2.370607e+00 2.372104e+00 2.378182e+00 2.387186e+00 2.396618e+00 2.403742e+00 2.406392e+00
