 2.510604e+00 2.510094e+00 2.512815e+00 2.533897e+00 2.618621e+00 2.908245e+00 3.218372e+00 3.355832e+00 3.419904e+00 3.441676e+00 3.445214e+00
 2.522578e+00 2.498202e+00 2.482918e+00 2.498867e+00 2.579256e+00 2.851362e+00 3.157660e+00 3.300897e+00 3.364363e+00 3.384214e+00 3.386298e+00
 2.440748e+00 2.425891e+00 2.414460e+00 2.427267e+00 2.493803e+00 2.715136e+00 2.981268e+00 3.114186e+00 3.159650e+00 3.164860e+00 3.161983e+00
 2.338360e+00 2.368635e+00 2.403651e+00 2.414448e+00 2.464116e+00 2.618593e+00 2.761825e+00 2.801429e+00 2.785713e+00 2.777549e+00 2.778891e+00
 2.788037e+00 2.742964e+00 2.673338e+00 2.650841e+00 2.693208e+00 2.744199e+00 2.690938e+00 2.563211e+00 2.491406e+00 2.486776e+00 2.492511e+00
 3.090423e+00 3.110166e+00 3.163556e+00 3.226903e+00 3.223733e+00 3.111365e+00 2.879521e+00 2.565799e+00 2.409959e+00 2.378083e+00 2.375621e+00
 3.483146e+00 3.540245e+00 3.623476e+00 3.642751e+00 3.567355e+00 3.409322e+00 3.159550e+00 2.766257e+00 2.491248e+00 2.400454e+00 2.382278e+00
 4.043926e+00 3.941796e+00 3.827389e+00 3.782756e+00 3.700010e+00 3.545696e+00 3.329855e+00 2.986791e+00 2.654105e+00 2.509755e+00 2.476820e+00
 3.253107e+00 3.407884e+00 3.662169e+00 3.780488e+00 3.727478e+00 3.556189e+00 3.386983e+00 3.104620e+00 2.763206e+00 2.625459e+00 2.600514e+00
 3.039766e+00 3.255113e+00 3.606545e+00 3.790628e+00 3.728463e+00 3.495668e+00 3.381966e+00 3.177378e+00 2.741420e+00 2.644601e+00 2.674104e+00
 3.177867e+00 3.320917e+00 3.620660e+00 3.805764e+00 3.730289e+00 3.456634e+00 3.368695e+00 3.218395e+00 2.693782e+00 2.609013e+00 2.694310e+00
 3.175640e+00 3.289533e+00 3.565117e+00 3.760009e+00 3.711327e+00 3.479475e+00 3.356966e+00 3.155681e+00 2.747320e+00 2.672902e+00 2.710631e+00
 3.114550e+00 3.199872e+00 3.441330e+00 3.650914e+00 3.654856e+00 3.485477e+00 3.275823e+00 3.015079e+00 2.785224e+00 2.728536e+00 2.729746e+00
 3.076500e+00 3.158394e+00 3.341813e+00 3.500038e+00 3.499543e+00 3.312149e+00 3.021260e+00 2.789203e+00 2.682075e+00 2.675677e+00 2.686776e+00
 3.270696e+00 3.253246e+00 3.262407e+00 3.271826e+00 3.152352e+00 2.897689e+00 2.670394e+00 2.529716e+00 2.487897e+00 2.523337e+00 2.550965e+00
 2.977053e+00 3.037565e+00 3.096755e+00 3.021015e+00 2.795273e+00 2.577122e+00 2.444922e+00 2.378370e+00 2.377078e+00 2.421411e+00 2.449868e+00
 3.294219e+00 3.206005e+00 3.064692e+00 2.891832e+00 2.590890e+00 2.406756e+00 2.353981e+00 2.362898e+00 2.414578e+00 2.479395e+00 2.510668e+00
 2.763675e+00 2.839346e+00 2.923853e+00 2.876259e+00 2.625037e+00 2.426254e+00 2.417134e+00 2.483760e+00 2.578936e+00 2.668387e+00 2.705635e+00
 3.032580e+00 3.009511e+00 2.996170e+00 2.967461e+00 2.796845e+00 2.594410e+00 2.591707e+00 2.689132e+00 2.818206e+00 2.927194e+00 2.967525e+00
 3.181818e+00 3.143626e+00 3.105501e+00 3.072416e+00 2.935996e+00 2.761250e+00 2.767569e+00 2.888659e+00 3.043018e+00 3.153006e+00 3.186680e+00
 3.147768e+00 3.145058e+00 3.140508e+00 3.113297e+00 2.984396e+00 2.824922e+00 2.839021e+00 2.970312e+00 3.130613e+00 3.237110e+00 3.271322e+00
