0.955171
-0.025648
0.184879
1.553578
0.018826
1.794744
2.518632
1.126668
0.717206
2.785288
0.145350
1.794632
0.091862
0.560557
1.897540
-0.328694
0.386960
0.698187
5.219832
0.451063
1.126750
-0.057871
1.915239
1.098874
0.985853
1.743616
1.391615
0.123793
0.331199
0.231168
0.583711
1.056197
-0.102588
2.003143
1.579568
1.555647
1.456187
1.291351
0.429425
1.627707
1.935156
0.794499
0.274093
0.047249
0.098294
2.531963
2.061768
1.389865
0.464330
1.562644
1.592886
2.150958
1.676241
0.280964
2.891413
0.588482
0.565698
0.606319
0.964870
0.859692
1.723089
0.316854
0.248011
0.224268
2.545247
0.848901
1.895047
0.855316
0.232065
2.352743
2.752621
1.203486
1.191758
0.063587
1.222534
0.285267
2.646970
0.314435
-0.043922
1.169689
1.422080
-0.049518
1.182426
1.029777
1.850781
4.143374
2.334525
0.981956
1.079649
1.423719
0.999198
1.801592
1.737914
2.420902
2.751403
1.423258
1.033437
3.995644
1.276112
1.295607
0.397901
2.016450
3.233312
0.889452
0.282643
1.965702
0.097823
0.226713
1.690583
0.907837
1.123403
1.073683
0.721853
-0.033093
2.113777
1.065647
0.977940
2.205581
1.988024
0.696995
1.027803
1.049391
0.817452
0.593429
1.314928
0.195460
1.939356
0.937742
1.056888
0.818233
1.893700
0.151995
0.591847
0.991442
0.745207
2.610248
2.310421
2.917621
1.089234
1.329503
0.709291
3.880052
2.757219
2.292509
1.462317
1.884252
0.772885
1.356240
0.961718
0.262968
0.589125
1.734298
-0.211272
1.229914
4.000420
2.565552
0.348752
0.323694
1.047988
1.106872
0.030706
1.625414
1.057576
1.423136
2.395482
0.896291
1.919192
1.842751
2.153695
1.009904
1.841072
0.546011
0.360468
0.493631
0.085864
1.891739
0.561460
3.169625
0.453901
0.689167
0.686292
0.379997
0.654709
1.322047
1.979486
2.843745
2.119570
1.995815
3.963041
1.629417
2.094876
1.928402
0.858675
1.128839
3.580864
1.368889
0.103495
2.488522
0.203013
-0.254513
0.087948
2.788306
2.369678
1.976063
2.822683
2.477605
1.055770
-0.429143
1.104784
1.686311
1.294280
2.030460
1.923237
0.385329
0.200549
3.277428
0.613453
2.790331
0.877083
3.298656
0.830563
0.164549
1.229778
1.520469
0.487095
-0.108015
1.539709
2.552290
1.337676
-0.131249
1.119658
0.031916
2.357430
0.410884
0.067707
1.040956
-0.046009
0.051764
0.583401
1.367320
0.356995
1.654227
1.043284
0.444131
-0.359021
0.319962
0.208781
0.751006
1.387011
0.424072
2.439651
1.741606
0.088317
0.150961
0.892172
2.459203
1.014132
0.360741
0.557287
0.201723
1.460000
0.994641
2.061388
1.015739
0.814612
1.110818
0.234675
2.153239
0.577598
1.453240
2.026418
0.385118
1.262676
0.335148
0.952269
0.818412
2.350176
1.179964
0.160065
2.071794
0.065276
1.872421
1.507417
0.854894
0.315560
0.781777
1.303983
0.944593
0.656950
1.993282
1.200301
0.379280
0.667940
4.340459
1.654598
0.700513
2.325176
1.208216
1.099470
2.062510
1.936194
2.433023
1.258469
1.045247
0.142446
2.521789
0.915761
0.602459
1.013570
1.883956
-0.082745
0.556448
2.281657
2.375798
1.293329
3.861429
2.045065
1.286054
0.600789
0.421911
2.663416
2.142634
0.992682
4.204421
1.586196
0.587331
1.326774
1.060640
2.130641
1.113529
0.950506
0.391967
-0.018946
0.980957
0.835479
1.119861
0.172008
2.047613
0.604369
1.006220
0.642533
1.823299
1.494947
0.091300
0.931315
0.975991
0.356652
0.437565
2.306011
0.555962
1.495886
1.629244
1.950786
3.436274
-0.103493
2.949227
1.134327
2.033463
1.412686
0.722365
0.305763
2.728287
2.181307
1.128330
1.694656
1.429667
0.598029
1.333109
0.572570
2.617605
0.954915
0.187030
2.533840
0.634315
0.896314
1.803180
0.632742
0.654390
0.914134
1.036238
1.104238
1.909073
1.109215
2.005107
2.574146
0.400731
2.310281
2.522215
2.797400
0.981368
0.995318
0.679193
1.766088
0.816775
0.534383
2.003029
2.847312
0.074987
0.317669
1.133522
0.160458
2.445189
-0.033126
1.902332
1.909349
1.750449
2.405495
1.045119
3.572330
1.360035
2.924358
0.690524
1.025458
1.260195
2.641445
1.679639
0.913757
1.583667
0.548547
1.214499
0.174459
1.363355
0.116655
0.050063
0.952582
0.380067
0.121886
1.223081
0.912525
0.538264
0.818243
0.140723
1.178677
2.424760
2.373893
0.090363
1.204490
1.484063
2.472990
1.232435
-0.123254
1.261456
3.025981
0.240766
2.406713
0.858990
1.293202
1.191256
1.434062
0.063757
0.984685
1.730784
1.284092
2.605708
2.385209
2.619886
1.482352
1.340901
0.207583
1.747112
-0.014595
0.042109
0.987972
1.616858
0.916237
0.393808
1.245193
0.074721
0.814597
2.044610
0.144458
0.093944
1.575883
0.805777
1.660251
1.782358
0.491102
1.978992
2.474410
0.519395
1.432144
2.494528
1.120935
4.036369
1.357678
0.832314
3.102888
1.018179
2.403569
2.821055
2.745556
0.109593
2.203134
-0.075901
0.865861
2.803947
1.073733
1.422021
2.206322
3.069501
1.920839
1.655263
2.036188
1.116458
0.436442
0.504981
1.015807
1.433651
0.802425
0.357389
0.567427
0.637338
1.628786
1.026575
0.481428
-0.088417
0.666779
1.332299
2.136636
2.817880
1.794516
2.043999
0.963296
0.490942
1.846615
0.471957
1.549225
0.570510
2.092907
1.087882
1.872717
1.299009
0.080748
3.303991
2.336252
0.031220
0.318667
0.663868
1.868834
0.607646
6.040265
1.635039
1.122843
0.238449
0.075377
0.227666
2.317925
1.727079
3.108371
0.053812
2.357674
0.655238
1.389750
2.331174
2.221598
0.437835
0.555445
0.109069
2.135490
2.177538
1.280689
0.663508
1.257361
1.955594
2.038073
1.726595
0.703323
1.271701
3.017921
0.087207
1.407268
-0.399073
1.042218
1.118941
0.555011
0.235455
0.737932
1.033782
2.286378
0.563646
2.643368
1.257511
-0.276040
0.582811
1.113098
2.393803
1.270082
2.460932
1.310698
1.945933
2.242375
0.393675
3.011982
0.105901
1.353060
0.530400
2.813235
1.120028
2.303239
-0.094587
0.843346
0.879203
2.183158
1.998489
-0.002775
1.893033
1.410242
2.258309
1.395242
3.312283
2.094973
2.815687
2.830763
2.122811
3.084975
0.282363
2.065804
0.548115
1.396438
0.020020
1.283469
1.599126
-0.055180
0.786044
0.113485
1.532588
0.229700
0.830273
1.196556
2.256328
0.296094
2.098823
0.260366
0.008948
0.100987
0.684471
0.496093
1.104922
0.142896
2.618182
1.059397
0.676091
1.696733
1.220549
0.223137
1.855774
3.257216
2.933110
0.210814
0.702410
0.432374
1.539868
0.389310
0.672651
1.408714
1.141881
3.509061
1.044823
0.312070
1.630554
1.586400
0.900582
2.531092
1.420266
0.337127
2.063990
2.762614
0.558345
1.843111
1.851745
0.581414
0.538033
1.355060
1.630021
1.669320
1.053252
0.572062
1.465731
1.160818
1.187275
4.153220
0.870492
0.198106
2.676406
0.811195
1.850190
1.320477
1.089618
0.284933
2.092748
0.924292
0.244239
0.228292
0.813897
1.803185
1.627504
1.979879
1.506844
0.947901
0.459759
0.897834
0.908850
1.401461
1.300386
1.770931
0.522872
1.068260
2.453284
0.482861
0.758021
1.372225
3.579042
0.223018
1.557416
3.097987
1.254914
2.520912
0.661056
1.471905
1.748254
1.129071
0.485745
3.539424
0.398366
1.188622
0.117731
3.510615
1.598756
1.938867
0.427099
3.849162
1.354694
1.741742
1.934951
0.295043
1.788054
0.226896
1.121127
0.935641
-0.213292
1.615528
2.129804
0.709408
1.316479
1.078209
1.003135
0.456670
0.965091
0.683910
2.624619
3.204547
2.113306
0.825918
1.755579
3.120831
-0.035831
0.442768
-0.020416
1.247638
3.343966
0.704534
0.182702
0.600777
0.401179
0.781066
0.310455
2.415014
0.675184
1.881383
1.275104
0.532369
1.432883
1.690494
0.468472
0.985700
2.206444
1.905557
1.183121
3.100732
2.085402
2.158391
2.523897
0.299040
0.688000
2.163223
0.919605
0.232716
-0.146767
1.204052
0.044282
0.491083
0.231977
1.704592
0.904246
2.211646
2.334559
2.271592
1.549039
2.030827
-0.100874
0.574942
2.335579
0.872441
1.675730
1.291566
0.838524
2.321629
0.751290
0.419279
0.955711
2.100731
0.054656
1.209357
1.602297
1.371903
1.702966
1.382107
0.729118
1.288960
-0.130050
1.347168
-0.015744
0.255802
2.177328
1.542832
0.662595
1.074878
0.344532
0.943201
1.702229
1.646611
0.476496
3.514463
0.533419
2.626109
0.756863
3.392061
1.710775
0.245432
0.798552
2.230526
0.925970
1.051527
0.899469
0.327104
-0.026952
2.338186
0.008425
1.683609
0.272281
1.912959
1.448314
1.561625
1.964793
1.809332
3.530849
0.908223
0.206655
1.297280
2.953276
1.198538
0.333557
2.060831
1.484956
1.696135
0.300681
0.150062
0.828802
0.197697
0.952161
3.136191
0.138711
1.091418
2.425365
1.241904
0.252559
2.292982
0.372391
2.175987
0.750999
1.244993
0.666237
1.597407
2.258264
2.157852
0.687499
1.247315
0.392146
1.829770
2.106701
0.968094
1.163677
2.573641
3.090502
0.656134
0.560345
0.808185
1.738599
0.550720
2.026000
0.496160
0.126452
4.232260
0.506404
1.768697
0.638980
1.228728
0.760904
2.188953
0.706862
1.231525
1.533752
1.984518
1.142044
0.057186
2.032572
1.217563
1.965537
0.881597
1.148237
1.584510
0.128544
0.387752
1.647306
-0.168435
3.037751
0.638932
1.819474
2.531681
0.464802
2.504401
3.372002
1.256906
1.442395
1.309672
1.573077
-0.040272
0.912069
2.036885
2.140430
0.634241
-0.171440
3.126912
1.093101
3.436234
0.052093
0.166252
1.977874
0.248519
0.030438
2.911849
1.941073
1.222575
0.873591
1.552918
0.433916
1.823272
2.182615
4.022079
1.228949
0.876446
0.750178
2.367665
1.001805
0.073663
1.979244
-0.120754
1.290030
0.879202
0.179891
1.018767
0.291607
0.919975
1.899883
0.716866
0.429077
2.427695
1.087790
1.278262
0.155813
0.784553
0.050279
1.367509
0.051540
1.178795
1.468106
1.481907
0.859624
1.294267
0.304528
0.957085
0.045071
-0.085058
5.326391
2.070755
1.654511
1.345393
0.942184
1.408701
0.746561
1.991629
3.069837
0.122099
1.300531
1.829601
1.491171
0.675533
1.624120
3.303332
2.714643
1.719840
1.276305
1.137198
1.457878
1.888732
0.546581
1.751053
0.114916
-0.632530
1.606596
4.146079
0.653810
0.584851
2.101372
1.447958
0.679453
1.444738
1.849705
0.153573
0.849007
1.048543
0.403394
1.300741
0.616383
0.872642
1.033242
-0.111762
0.863352
4.316291
0.635391
0.740529
1.359806
-0.597417
2.143297
1.099594
1.573505
1.594613
0.436624
1.649839
2.216293
0.518820
1.023840
2.739271
0.517896
1.384376
6.576936
0.501540
0.192374
1.799765
3.535404
1.521648
-0.488389
2.969855
2.821670
0.960684
2.131661
-0.166151
1.372032
1.470302
0.119552
0.707331
1.221614
1.017741
2.254088
0.119037
0.689390
1.320205
1.149372
0.793269
1.142617
0.564976
0.263599
0.930222
0.477847
0.160270
1.677405
-0.021492
0.626094
1.372867
0.054635
2.359664
1.331055
2.286489
2.504050
0.819941
1.214083
2.057881
-0.053562
1.016657
0.472780
0.590050
0.410907
-0.227703
0.080471
3.045161
1.895905
-0.453280
0.211704
0.863723
3.401405
1.323420
0.638515
0.843345
2.725272
0.781600
0.867904
2.765770
0.872958
0.079952
2.657451
1.991009
1.971503
1.254615
1.503354
-0.421367
1.823792
1.368493
0.093110
0.508232
1.041634
0.636806
1.344218
0.731427
1.685952
0.941289
1.714604
0.207663
1.066208
2.349948
0.223744
2.636881
0.078040
2.304516
1.228014
1.412942
3.137118
1.480292
-0.426829
0.189602
1.211979
1.033010
1.083612
0.489958
1.520052
3.260595
1.083424
3.092667
2.326485
1.062150
1.471760
1.683040
1.524239
-0.020207
2.172491
0.141560
0.201440
4.040636
0.092187
2.844428
1.167504
1.531049
1.502992
2.904604
0.497740
2.649159
0.033226
2.034457
1.717852
1.531119
0.771364
1.724473
1.917655
0.280023
0.508915
0.993440
1.436087
1.755292
2.091662
0.305384
-0.062480
0.204269
1.543662
0.745169
0.842434
0.928882
1.580706
0.995759
0.423062
1.295681
1.056183
0.136353
5.391387
0.707807
0.515290
1.337799
0.485634
2.197977
0.237213
2.955544
-0.108745
0.653577
0.369191
1.189241
0.237176
0.610326
1.051912
0.584653
2.325342
2.994990
-0.063127
0.584321
0.342833
1.141414
2.470618
1.222349
2.341984
3.413668
2.270934
1.696426
2.322760
0.223249
3.357962
2.497573
0.246483
-0.093353
1.083982
0.176301
3.415065
1.003919
2.236142
0.292643
0.125716
1.263982
1.850909
0.663713
2.265219
2.293087
1.948557
-0.653588
1.787237
1.059482
2.762063
0.664595
2.211502
0.660120
1.042048
0.722050
2.553730
1.164734
1.048614
1.332482
2.652545
2.650894
-0.280387
0.140797
2.859860
2.384589
1.214496
1.382468
3.437696
2.704009
1.522155
1.588249
0.127838
0.647631
2.327374
1.255707
0.341275
1.676347
0.279791
0.306810
0.577792
3.212613
0.307622
1.468203
2.142436
0.089005
0.880469
-0.234056
1.994805
1.041302
0.771666
2.695528
0.645553
0.852928
1.117883
1.973536
0.946429
-0.035865
0.616662
1.014116
1.648380
-0.104867
1.697418
1.997009
0.990425
2.371696
0.573791
1.665121
1.038207
0.889630
1.348460
1.298032
2.302581
0.430497
1.685956
3.282768
1.925796
0.574411
1.802351
-0.096421
1.550385
-0.694963
2.099978
0.950983
2.179975
0.903978
1.511116
0.200457
1.630837
1.868302
2.469314
0.614006
1.803549
1.101734
0.392571
1.812391
1.958055
1.902103
0.376247
0.391787
0.132941
0.586108
2.088983
0.242809
2.362587
1.054497
1.844889
0.089254
2.596122
0.379369
2.707553
1.402707
0.323322
0.123822
0.591521
-0.130937
1.387754
0.719270
2.230016
0.906769
0.159296
1.317225
0.083597
1.220489
0.881060
1.104054
1.521384
0.114545
2.651691
1.701994
1.205224
0.514818
0.990041
0.771645
0.604489
2.996685
3.100534
1.599401
1.610415
1.429516
0.588509
0.973528
2.456897
0.320758
3.538992
0.687918
2.652602
0.936921
1.867475
3.812187
0.085354
0.958176
1.495040
0.471042
1.675167
1.816889
2.167663
0.384435
0.170728
1.425216
1.033918
0.912515
1.152949
0.534608
0.881679
0.989645
1.596009
1.339540
-0.050563
0.928312
0.736931
0.607085
0.496786
0.262847
1.530652
0.668888
0.312853
0.628115
1.581351
0.987884
2.062496
0.740230
-0.000521
2.151112
0.499945
1.011962
0.882085
0.451029
2.188539
2.477017
-0.823632
1.202759
1.353313
1.030601
0.787549
1.241292
0.555956
0.356677
0.815059
0.773196
0.648177
2.143732
0.963618
3.207084
0.863198
1.499319
0.992742
1.635652
1.625340
2.074631
1.171992
1.050667
0.757648
2.547620
0.151050
2.462080
0.150726
1.717931
1.729520
2.051457
0.107178
1.625306
1.857539
0.880591
2.707880
1.719622
1.277814
0.757078
1.308597
0.080432
0.856717
1.362071
1.541298
2.550411
1.748200
1.475202
0.123807
0.161288
1.984851
1.106674
2.099234
0.422111
1.192448
3.151366
1.591558
2.403510
3.018336
1.570309
1.513200
0.973820
0.545145
1.992811
-0.420738
0.812569
1.500908
2.345616
1.442227
0.250784
0.182712
0.205456
2.666760
0.083030
1.027653
0.911710
0.931811
5.158239
0.590451
1.835987
0.436301
0.243085
0.072434
1.719072
0.773340
1.096297
0.942078
3.760286
0.412144
0.672293
-0.242973
1.784260
2.025764
0.989836
2.160639
0.708126
-0.154637
0.714667
1.890195
1.692502
1.033085
1.325764
0.717934
1.919997
0.250820
1.021575
2.659226
0.182397
0.742303
0.812284
0.299827
0.769095
1.447925
1.276715
0.050755
1.583961
0.261048
1.197611
0.358622
1.158626
0.528867
0.167693
2.231184
1.058508
0.139382
1.269828
0.398548
4.048612
1.897924
-0.195524
0.088435
0.808984
1.031965
0.624095
1.560682
1.709018
0.727631
2.338871
2.697621
-0.102007
3.073299
0.625114
2.403932
0.618710
1.982675
2.736564
1.352915
1.145346
0.028942
1.180708
3.527632
1.600362
1.486575
1.140417
2.053899
0.175017
0.105968
0.594753
0.719089
0.347890
1.021788
1.731485
1.489222
2.693340
-0.376216
0.797151
3.012357
0.410767
2.336363
0.623276
1.268731
2.107984
2.731808
1.136392
1.366628
0.388826
1.305541
1.441378
3.490396
3.353992
0.141297
0.295302
2.145722
0.489884
1.225151
2.549142
1.225163
1.642923
1.523824
1.098673
1.799683
0.755205
1.585176
0.599287
0.224486
0.399794
2.251541
1.466639
0.018868
0.992117
4.422521
1.284378
0.777034
-0.135406
1.144156
0.857536
1.883736
1.245338
2.426308
3.261727
1.507918
0.660712
0.137684
-0.163336
2.405098
1.644566
1.661707
0.934701
1.083524
0.903599
4.729939
1.214779
-0.039963
2.398910
0.624528
2.939736
2.520987
0.646504
1.159955
1.363716
-0.013825
2.547415
0.052065
2.368049
1.876993
1.215412
3.248875
2.231056
0.297358
0.618606
0.183780
1.713911
2.057322
1.737715
4.655810
0.689384
0.342530
1.219058
0.148825
0.896140
0.419474
1.324807
1.565274
2.387866
2.644173
1.033813
1.139677
0.710095
2.003553
0.974716
0.816973
1.432371
1.839278
1.623985
1.614300
2.366296
0.695918
0.928479
1.879022
1.915668
1.036407
0.046733
3.931661
-0.016146
0.205277
0.302798
2.554809
0.171530
2.936305
2.074616
1.620304
0.939127
0.670032
0.160057
2.371568
0.456379
0.767865
0.929621
1.084089
2.061635
-0.103254
1.533777
2.487602
3.458072
1.989521
0.846319
1.796874
0.149157
1.261160
0.346971
0.119313
2.562148
0.062903
1.882310
1.250701
2.180303
4.177652
1.457690
0.764533
2.181769
1.438290
3.134183
0.986629
1.404617
2.586680
-0.078495
0.882040
0.160945
0.092924
1.927341
3.345737
1.090978
3.499201
1.291755
1.367744
0.778357
2.263026
0.087719
1.217075
0.823858
0.171396
0.312977
1.660977
1.700057
2.785609
2.016883
1.102186
2.822905
0.586559
0.548688
1.174222
1.370501
1.431797
0.546072
0.096925
2.531176
1.273777
2.660728
1.766074
0.994834
0.087465
-0.245042
0.586551
0.899779
0.841688
2.011031
0.823937
0.532494
1.554280
4.532289
1.198362
1.606349
-0.884415
0.509584
1.109809
0.734721
1.452857
1.350284
0.847861
0.323997
1.999909
1.300204
1.348985
1.512417
1.606948
1.118043
1.625334
2.119950
0.669974
1.276868
1.427569
1.081035
1.237549
0.027591
0.446424
0.668593
2.450344
0.076076
0.818773
3.068668
3.650635
1.089909
0.953800
1.482233
0.890557
1.042726
1.013109
1.133939
2.680096
2.597728
1.676171
2.727698
0.735481
-0.078295
1.497755
-0.303508
0.687447
0.874546
0.739885
0.516623
0.211930
2.606152
1.548501
0.837732
0.431444
0.217180
0.094194
0.038890
1.699369
-0.661816
1.322455
2.955530
1.814156
1.848165
1.096163
0.414729
0.620519
-0.010072
0.280837
0.921321
0.880571
0.407662
0.498312
2.908511
1.552354
1.884787
-0.261496
0.923704
0.249952
0.419814
1.890325
3.764209
2.941942
1.178405
1.462859
1.922111
1.169319
1.472574
2.418708
3.592922
1.897552
0.145254
2.727722
1.338974
0.197326
1.011760
1.815867
1.424959
0.669612
0.660224
1.114423
1.309608
2.871034
1.375524
0.847584
1.112887
1.209782
1.328132
2.100712
1.001347
2.652660
0.299288
0.556034
1.968359
0.288186
0.001854
2.641288
2.170951
0.456556
2.276146
0.679577
2.648662
5.031495
0.640751
1.363854
2.147126
2.952301
0.272550
0.290531
2.536331
1.476190
1.586368
0.978098
2.694183
0.839843
2.171461
1.240877
0.745163
-0.061322
0.490536
3.861795
0.904345
3.073596
-0.014005
1.112736
5.365226
2.206448
3.454265
1.079937
1.429096
1.883689
0.646997
0.659105
0.272408
1.099759
1.050727
0.642929
1.595032
0.361739
0.874102
0.924589
1.753352
1.815886
1.182685
0.644078
0.594078
2.952219
0.637787
1.977159
1.429770
1.452059
2.423293
2.306845
1.685307
2.254924
1.234395
1.595827
0.839283
0.220549
1.075597
1.616187
1.115212
0.527375
1.736500
0.069019
2.453458
2.267461
1.126097
1.526800
1.914612
0.380401
3.953576
0.580635
2.579562
0.906376
0.134913
1.954356
2.559754
0.280756
1.321336
0.898254
4.354301
0.831598
0.144054
1.734073
1.484789
2.477939
0.686309
1.743937
0.183672
0.897350
0.968667
1.175286
0.651228
0.470956
1.550409
0.167290
0.078945
2.918563
2.255618
0.186759
0.561232
0.346952
0.058127
2.211557
0.180629
0.409340
1.519154
1.774451
2.004079
0.372137
0.576186
0.300090
2.466661
0.814999
0.766143
-0.109283
-0.236431
1.624273
1.879335
0.524233
2.470143
2.704391
1.099594
3.074375
0.553560
0.059650
0.075931
-0.398515
3.175883
2.286279
1.134544
2.559105
2.293684
2.882048
0.229383
0.882033
1.157605
3.467635
0.962205
3.585238
2.099963
0.945828
1.516137
-0.144861
1.926960
1.460891
0.099344
0.174941
-0.066965
0.754217
0.673945
0.445917
1.454168
1.433879
0.599360
0.444755
0.936794
0.838138
1.716586
0.780685
1.357710
0.834370
1.565241
1.876720
0.833251
1.022217
-0.083828
0.540033
1.569336
1.685271
2.062446
1.420761
2.189071
-0.087079
0.074360
1.610310
1.958425
0.744704
1.225293
0.114801
1.279269
1.162560
2.155200
1.143998
0.216428
-0.078553
0.649790
3.538356
2.565807
1.502807
1.198538
2.455604
0.783490
2.139204
0.666546
0.189649
0.394789
2.638585
1.269498
1.447527
2.099165
0.301839
0.839766
0.594435
1.863064
1.494777
0.412098
2.294430
3.240914
1.474373
0.676591
1.837182
0.922414
1.274865
0.252858
0.558471
0.916591
0.762079
1.048768
2.129035
2.103925
0.270909
2.203088
2.005280
1.092212
2.902465
0.992573
3.025344
1.778957
2.034497
0.186651
2.711380
0.940339
2.004477
0.966821
0.129280
2.765729
1.007318
1.111705
0.668810
0.770295
0.468798
3.839983
0.847960
2.390356
1.815396
0.304122
0.665145
1.120040
0.057173
2.594867
0.406074
1.192702
1.514495
2.631799
1.406487
1.847068
3.263402
1.564781
2.978325
1.483028
0.765387
1.609673
0.555561
0.756464
0.155780
1.143360
1.606435
0.119608
0.501348
1.048362
2.513173
0.613554
2.053532
0.125486
0.989363
1.954589
1.437394
3.521488
0.756923
0.417882
0.712374
1.866816
2.466952
1.366918
1.490220
2.491125
1.553406
0.176462
2.547010
3.371522
1.295032
2.700734
0.165233
0.268493
1.572761
1.436679
1.939595
0.190159
1.766529
0.266412
0.100662
0.002369
1.949848
2.085949
2.304461
0.456289
1.672070
2.734116
0.190360
1.137247
0.792793
1.849056
3.664622
1.014396
2.108478
0.620372
2.024885
0.210233
0.159292
0.992979
1.320497
0.689036
2.317738
1.040258
2.742449
2.169552
1.713474
1.917805
0.600458
1.800165
1.285650
3.772197
0.956730
0.924491
0.376439
0.379453
0.062966
1.440446
0.897652
0.674139
0.059081
-0.068422
1.291959
0.800154
1.745825
0.470130
1.248586
0.485593
1.092250
5.031639
1.649030
0.563783
1.337856
1.433948
0.278483
0.313712
1.441095
1.737223
0.152249
1.729095
0.745071
1.310976
2.415025
0.817765
0.508881
1.086583
1.956455
0.950501
0.928600
2.951233
0.946853
0.118202
0.494691
0.817328
1.846309
1.657454
1.025317
1.851313
0.063658
3.308753
1.469483
2.432253
2.684027
-0.262563
0.681641
2.571773
2.121997
2.111636
1.388834
2.497992
2.082941
0.984902
0.704855
0.136620
1.215151
2.775558
1.269235
1.900575
1.205582
2.775938
0.664124
3.277873
1.213311
1.259988
1.230705
1.631591
2.506449
3.399694
1.835141
0.910583
0.985798
0.515882
2.751450
1.673686
0.655193
1.050099
2.247768
1.581868
0.936808
0.081352
0.345526
0.069088
2.353349
2.096908
1.908401
1.360581
2.177094
0.890305
2.094722
1.392415
0.425636
3.161872
0.923332
0.391811
1.060169
0.283785
0.714374
1.981512
1.896966
1.551377
0.877365
2.387142
2.232956
2.553455
1.236416
3.005007
1.694679
1.011829
0.246275
2.311025
0.223379
1.912381
1.792771
0.213850
-0.178327
0.483135
1.148894
2.193139
0.217988
1.814677
1.769125
2.104983
2.068174
1.422275
0.306152
2.374641
1.839537
4.002871
0.859314
1.513372
0.893210
0.352805
1.149571
0.632048
0.800124
1.174854
0.325574
0.349034
2.424996
2.113708
0.979001
1.370875
0.593921
0.598127
1.326308
1.809321
2.717995
0.779620
0.896706
2.092623
0.099034
2.112121
0.067011
0.607072
2.791243
0.719512
0.364315
3.040664
0.050117
2.391197
0.905483
0.973431
2.480008
1.796752
0.857488
1.053080
2.479519
2.200188
1.635667
1.761213
0.241998
1.389464
1.226478
0.725507
1.463403
2.058656
1.450067
2.607689
2.558167
2.809507
0.975204
-0.132027
1.642384
1.882719
0.880600
0.966474
1.503614
1.176593
1.435651
0.764056
1.340210
1.004024
1.905537
0.157370
2.243226
0.618540
0.130729
1.258461
1.291013
1.685084
0.096219
0.084765
0.627270
5.069582
2.971914
0.074629
1.346541
1.420236
0.654431
0.534948
0.681127
2.018907
0.094242
0.346507
1.076195
0.931182
0.517779
2.787115
1.160674
0.969956
0.896213
1.944221
0.164995
1.568163
1.943427
0.333131
0.459156
2.190046
1.113631
1.223293
1.336040
2.220747
0.445401
0.648577
1.529954
1.178094
0.725925
0.108883
2.449222
1.947810
0.760473
2.907894
2.715158
2.360003
2.043403
-0.297886
2.029518
2.535081
3.820173
2.617016
1.980784
1.317967
1.350195
0.100241
1.354052
0.113790
3.108924
1.600480
2.243182
0.418887
0.470867
-0.035811
0.844106
1.320202
0.121316
2.846808
0.011571
2.093292
0.966008
1.303060
0.754347
1.505092
0.901711
0.173034
2.527802
0.973258
0.572809
2.297111
0.550075
0.443923
-0.058913
0.700023
0.019957
0.611506
0.845771
0.486923
0.766043
0.323415
-0.146991
0.549250
0.141350
0.988107
-0.320978
1.302528
2.016382
1.490719
1.976547
0.348232
2.710993
1.412001
2.468372
0.257546
2.383014
1.110638
1.327406
1.168979
0.734169
1.874502
2.215228
0.205703
1.051118
0.068223
1.069539
0.877360
1.453315
0.389073
0.818086
1.163798
-0.447731
0.064745
1.092012
0.923053
-0.147099
-0.000469
0.784364
2.716803
1.997877
3.364238
0.784436
2.740667
1.405318
1.103759
3.917508
0.818190
1.622446
0.119564
1.820665
1.162596
1.486511
1.481179
2.458149
2.001347
2.451133
1.732017
1.232521
0.173523
1.718250
0.042540
0.644201
1.182447
0.830719
0.776251
0.318418
2.930565
0.108983
2.342973
1.823920
0.403132
0.897527
1.210281
1.408922
2.809196
2.598876
0.706869
0.478251
1.853554
0.737068
2.280632
1.127537
0.881417
1.887357
1.127749
0.491976
1.868127
0.438620
2.668073
0.173691
4.048831
1.775717
2.071885
0.296750
2.170559
0.420471
0.431262
1.206706
0.610351
0.847009
0.523232
1.161845
0.701160
2.111419
1.169258
0.171821
-0.553125
1.564733
0.365063
2.559210
1.141223
1.295706
0.280633
0.010561
2.344151
0.459056
0.579668
3.791258
0.389908
1.543409
4.052788
2.552659
0.627896
0.954316
1.384190
0.792527
2.675765
3.102017
0.745544
0.787104
0.371651
0.514620
0.161983
0.073819
0.258008
2.679431
2.264518
0.734085
0.031614
0.447344
1.490329
2.370087
2.405400
0.119970
1.152787
1.165560
0.166386
2.094232
1.819836
2.030731
2.306689
2.316704
1.912383
1.376358
1.444267
1.162838
0.449694
1.343027
0.139474
2.267776
0.651986
0.749555
-0.210887
1.195540
0.649896
1.694489
2.002597
1.584023
0.309488
1.579316
1.706821
1.075918
0.436806
1.875026
0.944554
1.276355
1.146847
1.182556
2.099188
0.524549
1.229149
-0.081360
0.564996
0.770714
1.346851
1.617195
1.075322
2.936564
0.642860
1.254232
2.564386
1.211781
0.389850
2.642272
1.989133
3.012804
1.012316
1.651865
1.456697
2.390562
2.789170
1.059397
0.526098
0.495912
0.297502
0.520595
1.373249
2.259940
0.568546
2.813124
1.640403
2.234279
0.193778
0.789693
0.850397
1.644541
1.113937
1.592471
1.251737
2.273888
2.176438
0.003857
2.421140
0.454275
0.742219
1.941098
1.027332
2.663713
0.199348
0.110610
0.735622
0.969769
2.284578
0.177118
0.239393
1.621574
1.790537
2.272174
0.586615
0.397076
1.107963
2.851922
1.217345
1.060532
1.611304
0.794473
1.371374
1.643384
0.340683
2.264928
0.818622
2.570197
1.295207
0.764858
1.033342
2.501768
1.856478
1.298316
2.892440
1.040732
2.758073
0.307769
0.694788
1.259412
3.606350
1.246273
1.165672
0.353422
0.083595
2.954520
0.870557
2.157416
1.383305
1.569625
0.731965
0.024121
1.375840
2.653884
0.668137
2.243818
0.690274
0.881661
1.247874
1.232029
1.573522
0.560864
0.685050
2.081239
2.536433
2.742199
0.487208
1.632217
0.061192
1.803086
-0.102587
0.574150
2.953767
3.248863
0.228273
3.663163
-0.148702
2.400770
0.727522
0.832868
0.780054
1.985916
1.566299
1.100747
0.929448
3.787711
1.635615
2.111974
1.774050
0.403445
-0.036553
0.583850
1.430281
1.017440
0.940816
1.648421
1.675871
0.418731
1.525420
0.863306
1.081944
0.342856
0.312989
2.998583
0.680712
0.447960
0.880393
1.113977
0.317676
1.561745
3.927927
0.825456
0.953288
3.206605
2.344726
1.107686
5.087676
0.074445
2.330261
0.244646
2.436247
2.478390
0.519395
0.187696
1.282138
1.228639
0.433767
3.168879
0.315633
0.791341
1.880805
1.049204
0.893859
-0.031893
1.024918
0.765128
1.131646
0.094553
1.220365
1.173455
2.378987
0.291147
0.129358
0.913691
1.130861
1.360616
1.868516
1.236321
0.058214
4.033475
0.793212
0.573648
1.403722
0.362628
0.088467
0.213490
-0.026013
4.402077
2.260625
1.561506
-0.158400
3.189213
1.716549
0.060993
1.614097
3.149777
2.122048
2.260721
2.012524
0.020359
2.132091
1.289933
0.228698
1.649470
0.435639
0.842387
-0.089543
1.964825
0.051870
2.303236
-0.409790
2.479944
0.378837
0.713926
0.159832
0.287296
0.027838
0.034993
3.246526
1.106096
3.193094
0.680042
0.015417
-0.010298
5.136344
1.608353
1.906291
1.222726
0.065066
2.991428
1.568021
1.883539
0.783932
2.190939
0.618386
0.894505
1.333247
3.111148
0.080254
1.106343
3.780359
3.495943
1.996743
0.939011
2.171861
0.030356
0.916658
3.114125
-0.079226
0.533766
0.353193
0.322748
0.876504
1.871555
2.247968
1.070063
4.739314
1.209845
0.379345
0.318846
0.621115
1.143358
0.728384
0.768393
1.311206
2.132518
0.886616
1.524656
1.435504
2.615398
0.992760
1.133167
0.177242
1.397230
0.089233
2.824446
1.699816
0.882680
1.569605
1.011556
2.518809
1.554873
2.893588
1.217626
0.381861
0.585949
1.614046
-0.172260
2.581576
1.142262
1.002120
0.474993
4.623226
2.159267
0.824042
1.262961
0.308325
2.602143
1.326226
3.443159
2.023458
1.140320
0.494585
1.952356
1.550943
0.086116
0.572500
2.161010
-0.117377
2.322571
0.480958
1.989331
0.276222
0.730793
1.293953
2.410634
2.328806
2.234279
3.577992
0.497742
1.911821
2.473327
-0.159538
1.458563
1.450834
1.030267
0.676643
-0.587950
0.237673
1.224002
1.714588
0.268152
1.418099
1.571579
2.504147
1.031084
0.414771
2.557592
2.475440
1.009274
0.889889
2.885511
2.691295
1.153009
0.966045
1.369450
1.451472
0.660406
0.154824
-0.063317
2.793602
1.349815
1.139505
0.739753
1.304178
0.829067
2.316960
0.654899
0.353050
3.123175
2.306451
0.014377
0.648799
3.065775
1.239390
1.072144
0.653525
1.615566
0.827864
0.414190
2.119605
0.797693
0.763373
0.029417
-0.330263
1.959642
0.312380
2.021181
1.916030
0.453061
1.790397
2.034194
0.414272
0.455813
2.907725
1.378911
1.326131
1.102283
1.835855
2.919832
1.218987
-0.013685
0.191377
0.306977
1.271864
0.780559
1.719471
0.557939
0.713758
-0.385018
1.791564
0.986252
1.590093
1.376840
0.752556
0.792007
0.076033
3.460496
2.648461
0.693028
2.377292
1.198087
2.236507
1.299829
3.207022
0.196266
0.881557
2.263263
1.081596
1.556125
1.705003
2.298575
-0.204188
0.075439
0.831688
4.472700
0.476754
1.011818
1.470482
0.623372
0.860315
1.540468
0.529440
0.777419
2.393759
1.070613
1.049415
0.890023
1.706078
-0.311190
0.901196
1.662066
0.810418
1.898797
1.014503
2.085067
1.837632
0.725082
1.626690
0.510488
0.538318
0.129003
0.732631
0.483149
0.883530
1.807237
0.667627
1.224894
0.347327
0.337625
0.206479
3.226384
1.873505
0.149215
0.864871
0.190804
1.362935
0.768867
0.713039
2.739914
1.932471
0.931751
0.966536
1.798796
1.022269
1.542562
0.216085
0.693380
1.628048
1.504453
0.861115
1.449398
2.038981
1.197755
0.190496
1.860358
0.883374
0.057253
0.419611
0.419619
1.925909
2.525263
2.394470
0.248122
-0.493472
1.905328
1.840419
2.866004
1.827434
0.268864
0.837787
1.699583
0.107904
1.102796
0.974033
4.149608
3.060670
2.210589
0.976163
-0.168428
1.021081
2.455436
1.542463
0.950975
0.014623
2.598100
1.268955
1.565312
2.480746
1.497991
2.004999
2.735072
1.173169
0.140016
1.980962
0.620950
1.822997
3.242216
1.428212
0.010716
1.293128
1.624414
0.150097
0.634653
2.123227
0.859982
1.037751
2.698946
2.264580
2.084239
0.681781
1.502978
1.895299
0.729424
2.103750
0.486948
2.310286
1.671119
1.577460
1.720786
0.686101
0.294803
1.344676
0.182262
0.243464
1.459239
0.587352
-0.336048
1.423482
0.631411
0.806422
1.783903
-0.495192
1.052116
1.535399
1.956808
0.957773
0.457665
1.416386
0.269868
1.673202
0.940658
0.513564
1.282738
1.064777
1.024242
1.453246
0.074134
2.982119
1.080777
0.062933
1.972763
0.579919
1.337332
1.872621
1.228637
0.390625
0.300427
1.940470
3.227606
2.790359
0.988313
2.145734
-0.085312
1.092114
2.116230
0.118125
0.953671
0.903214
0.926484
0.682874
2.035220
0.291869
-0.531913
0.662340
0.759712
0.824230
1.910462
1.764644
1.204169
0.102667
0.544575
0.531492
2.349250
-0.024595
1.586296
0.306067
1.126068
0.173195
-0.902058
1.683989
1.744666
1.584200
0.644786
0.088888
1.014931
0.796251
0.822854
0.478109
0.626758
0.116044
2.291000
0.878309
1.828785
1.733575
1.669888
0.572237
0.578024
1.613154
2.477908
0.495030
0.985397
0.986936
1.642426
1.388288
3.579995
0.381178
1.287237
1.788627
3.645503
1.925958
2.649656
1.815338
0.717813
1.771436
1.942524
1.654805
1.955110
3.502156
2.944903
1.286032
2.963141
0.361968
1.082659
1.049064
2.161810
1.698537
3.700514
1.350496
1.403607
-0.616465
1.832252
0.026701
0.098311
1.613871
1.343283
0.837375
1.793984
2.563423
4.843774
0.533974
0.126944
1.478539
2.806238
1.342314
2.481589
2.675493
1.536678
0.834586
1.715355
2.557357
0.059821
1.222218
0.614208
1.596094
-0.092790
0.822901
-0.369193
2.122027
1.883234
0.062602
0.461839
1.743424
0.866368
2.113188
1.711855
-0.009699
0.867928
1.001811
1.996979
1.301444
0.384862
0.935751
0.136918
1.286999
0.677605
1.140827
1.862070
0.790292
1.053978
3.444836
4.248444
1.243486
1.240762
0.585653
0.594324
0.392704
3.274008
1.715098
2.609543
1.285114
2.341070
2.950433
1.771300
0.607494
0.480471
1.760486
2.449750
2.042876
2.700902
2.092615
1.123671
0.449591
1.040744
2.744727
0.646072
2.021149
0.898163
3.659077
2.434443
0.402493
3.533660
0.368788
3.745655
-0.237108
1.215167
0.384134
0.788834
1.941748
2.429568
3.385909
1.820946
2.452620
0.849944
0.956103
0.735620
2.021288
0.531397
0.294221
0.358800
1.557729
0.693307
1.505031
1.197398
0.989405
1.158880
2.257025
0.309569
1.802542
1.756159
2.235384
2.854106
1.439187
1.916190
0.090045
2.347084
0.621603
3.314261
1.010879
2.124927
1.525739
0.322164
2.322412
1.179806
1.667069
1.682149
2.398412
1.050227
3.430797
0.222182
0.489808
0.168584
1.319465
1.912206
0.523476
-0.073697
1.438456
1.297452
1.173516
1.874259
1.051979
1.645160
1.527502
2.199024
1.473597
0.024404
2.818240
0.717369
2.230003
2.118587
0.475880
0.119749
0.420843
0.839351
3.082601
1.535048
1.320057
0.525075
0.321327
0.253255
0.364910
1.687339
2.538655
1.690558
1.012387
2.319612
2.787426
0.044248
-0.197501
3.126341
0.864612
1.815782
2.523650
0.277996
2.785119
2.282594
0.938940
0.053827
0.774688
0.539791
1.523956
2.233151
0.204832
1.144611
1.233721
0.437480
2.565034
0.613255
0.800446
0.797271
2.152239
1.171794
0.849120
0.207097
0.457940
2.241921
2.677182
1.703056
2.780815
1.057445
1.516894
0.106258
0.331606
1.778731
0.783325
1.996978
1.330027
2.188161
3.525069
2.530659
1.996668
0.919179
1.025463
1.195392
0.427300
0.950364
2.320043
1.478723
1.941057
0.452676
1.060246
0.704630
1.204105
3.047602
3.012039
1.185517
2.609947
1.076576
0.595449
2.719514
1.736734
1.010641
1.106602
0.812029
2.024421
0.252826
2.177275
1.807102
0.521911
3.178017
0.879574
2.477460
1.339233
-0.035561
1.704194
0.779564
0.377510
1.427699
0.546133
0.899072
1.490310
0.077012
2.032529
0.317978
0.980211
3.103660
0.425860
2.963097
0.900547
0.411948
0.208846
0.842986
2.591504
0.236365
0.192955
-0.429488
0.310974
0.842424
1.269564
2.040243
0.716970
0.112581
1.595704
0.412947
0.437136
2.203695
1.088166
1.109161
-0.018565
0.656660
0.542700
1.638027
3.500894
1.027579
0.722834
1.107760
0.331291
2.578421
-0.113417
0.348936
0.785273
0.133188
2.213030
2.594194
0.395186
0.490508
1.917783
1.048801
0.443559
3.901591
0.797797
1.475641
0.399955
1.525355
1.415157
0.859948
1.767405
0.558330
0.155484
1.231715
2.864876
0.325132
1.122687
-0.161108
1.561467
2.116440
1.017294
0.431049
1.209880
0.818007
1.439397
0.897253
1.676773
0.256779
0.055440
0.727228
0.890787
3.161548
0.182992
1.900695
0.244450
1.447209
1.087783
2.541143
2.527065
0.455963
0.689683
0.897025
2.808721
1.107571
2.922637
0.511353
3.337264
2.528774
0.359990
1.882631
1.141349
1.356558
0.124731
0.361385
3.180530
0.552222
2.935037
2.144352
2.920450
1.981495
3.057993
2.997617
1.536310
1.385738
0.800281
2.465892
2.896813
1.421651
1.505639
0.324043
0.461275
1.121979
2.392664
1.222609
2.010896
-0.099101
0.440014
1.047658
1.951026
1.159440
-0.009650
1.322497
0.427740
0.972071
1.023324
1.187651
2.400923
0.579273
2.348543
2.185659
0.662296
1.852916
1.731468
1.100017
0.134626
1.858786
1.077090
1.432702
0.535430
2.076376
1.965079
1.053748
1.915792
0.415426
1.892658
0.913601
0.751870
2.261177
1.483422
0.941988
1.083428
-0.103304
0.358532
3.662734
0.064897
0.129474
0.084820
2.752890
1.516678
1.010294
-0.633006
1.586264
0.977982
0.115374
1.104344
2.872177
1.394008
2.432484
0.685468
0.629659
2.224520
1.674916
0.601091
2.979419
2.123433
2.118897
0.868221
1.386854
1.102357
0.011284
0.115971
2.541744
0.362504
2.403148
1.784649
0.814376
1.306778
0.331747
0.811186
1.279325
1.566947
0.625863
2.319986
2.853421
0.488985
1.009316
2.069808
2.178452
1.407335
1.091368
2.393413
1.102090
1.004427
0.669670
1.777877
0.224851
0.912550
-0.019825
0.630044
0.358597
0.011322
0.449151
0.557637
0.008481
1.052609
1.720494
1.969375
1.851925
1.656628
1.043949
1.483597
0.715397
0.351243
0.925037
3.938872
0.875854
1.131031
0.698759
0.526921
0.263626
0.014641
1.693476
-0.200509
1.362406
1.425064
1.999992
0.797247
2.099084
0.117175
1.813640
5.818787
2.217511
1.201065
-0.183973
2.826093
0.604918
2.436531
0.823234
0.814090
0.555039
0.191858
0.745464
-0.021121
0.330335
1.773768
0.453244
0.522409
2.838606
2.272728
0.108487
1.309643
0.876152
2.654324
3.365024
-0.723201
1.194389
0.196050
0.642224
-0.006405
1.820318
0.149978
0.058550
1.620580
2.232975
0.263953
0.652565
2.007418
1.256301
0.149291
0.601598
0.872035
0.876061
0.942733
1.047912
1.081217
2.381542
3.437653
1.402944
1.633804
1.779715
0.443452
0.873676
1.739752
2.368905
1.199530
1.042039
2.603307
0.749393
1.021170
1.162458
1.403470
0.809535
1.077491
0.631401
0.110422
0.941977
0.248167
0.968534
0.411862
0.715625
0.720180
0.033185
0.624515
0.570920
0.425323
0.795262
0.836282
1.376138
2.218658
3.257942
2.952990
0.830694
0.492332
3.393141
1.263073
1.584343
0.342426
1.267115
0.755116
1.257548
1.146615
1.978469
2.286668
2.028634
0.558610
1.395776
0.453582
0.063931
0.310783
1.113191
2.781139
2.485666
2.893596
1.872816
1.504731
0.489261
1.745476
0.394052
-0.152588
1.455173
1.048043
0.268884
0.975233
2.170056
0.917296
1.789096
-0.097953
0.124473
0.630264
1.005270
2.347890
0.227839
2.006790
0.149941
0.515277
2.548298
2.883333
0.905149
0.848841
0.890717
0.529509
-0.197928
2.271103
0.834830
1.121040
0.524859
0.312416
-0.132289
0.530445
0.895019
1.281314
0.559546
0.288936
-0.177755
1.220329
0.617799
0.537647
2.073757
1.023160
1.979809
2.069806
2.210370
0.805152
2.176657
0.665180
1.158323
0.597136
1.538159
0.420030
0.870303
0.000809
1.395328
0.204317
0.905932
2.344022
1.288521
0.808257
1.768126
1.839770
0.584338
0.364044
-0.038205
2.606227
2.252334
0.380322
1.279746
1.517347
0.298305
-0.031361
1.101259
1.925361
0.258297
2.263001
2.335116
3.201997
0.060653
1.116958
0.667900
1.265593
0.494996
0.838348
2.228487
1.129360
0.111233
1.781066
2.379437
0.469945
-0.005722
2.136731
0.760792
0.081073
2.166553
0.917590
2.084004
2.563825
1.375186
2.522843
2.643834
1.115113
0.105134
1.450127
1.837905
0.800230
0.746230
3.845910
1.730401
-0.000773
2.667232
0.692332
0.278356
3.612563
0.131868
0.827083
1.039852
2.733924
3.673726
1.709756
2.983626
2.253059
0.889814
0.318961
1.233579
1.729901
1.059856
0.979243
1.493362
0.190707
1.190368
1.790852
3.159022
0.038355
1.729920
3.154168
2.202916
2.447809
0.775456
-0.496432
-0.455318
1.156532
-0.177413
0.053591
1.561965
2.272033
-0.294334
-0.157821
1.094393
0.482715
2.243937
1.200841
0.094851
0.778336
1.097435
1.430381
1.671467
1.183521
1.978827
1.729548
0.113895
0.591942
0.117235
1.042207
0.534767
1.148811
0.631990
0.075150
1.243076
0.309904
1.327774
1.214601
0.685168
-0.085445
0.242706
2.865241
1.560874
-0.012817
1.695156
3.147632
0.008980
0.861343
1.316775
1.154471
1.125905
-0.143151
4.305291
3.312741
1.201913
0.904176
2.498620
3.371543
1.799652
1.472273
0.600632
0.752600
0.423793
2.432638
2.093333
1.306532
0.990320
1.867805
1.837987
1.682059
1.409639
0.531948
2.304221
0.965548
0.874135
0.749208
-0.415822
1.433348
0.850392
0.184738
0.991805
2.495522
1.181550
1.730859
2.357145
2.997263
1.349573
0.235566
1.295613
2.559627
0.836766
-0.118130
1.760870
0.997905
2.285524
2.060953
1.198350
1.869076
0.356699
0.026431
1.084845
2.767415
3.124191
1.365584
0.067968
0.277705
0.312289
1.490841
-0.068767
1.355601
1.361359
0.882766
1.023236
0.485403
1.579494
1.031167
1.748284
0.970705
2.568055
1.783351
1.041681
1.413525
0.863783
1.703499
1.095247
0.941687
3.095785
1.068459
-0.118699
0.734737
1.909314
0.132974
2.246986
0.353557
0.122266
1.228886
2.351045
1.711842
0.420896
0.902003
1.055348
1.317337
2.564688
2.022460
1.463482
1.941440
2.330361
0.795626
0.359103
1.626471
3.925048
1.169110
-0.053728
0.728331
0.794569
2.357606
1.473026
0.900835
-0.393184
1.599007
0.069976
1.729819
1.464604
0.052770
1.279189
0.319062
2.428338
0.021789
-0.000383
2.000647
2.174553
1.104767
0.107949
1.326800
0.861596
0.167716
1.113244
1.735609
0.908565
-0.063656
0.274055
1.372418
0.521754
2.267730
0.843029
2.989671
2.968035
1.084925
2.776208
0.449655
2.535514
1.453468
0.094334
1.538493
1.208715
2.506834
1.577963
2.165656
0.561047
2.644664
0.912912
2.678727
2.086995
1.151031
1.898057
4.221247
2.454233
0.224023
1.045897
1.005762
1.670690
1.441607
0.190370
1.107241
1.908787
0.292933
2.349447
1.855741
1.963810
0.421504
-0.008970
1.529827
1.367601
2.550627
0.371652
1.424390
1.023450
-0.137293
2.199369
1.396892
0.338207
0.015929
0.078220
1.890510
1.706460
1.198403
0.893470
1.192299
2.446132
0.268914
0.312029
2.288869
2.036340
0.918166
1.317769
1.312557
2.209207
3.021075
0.398397
2.116661
0.505071
0.319369
2.681697
2.654142
1.253871
-0.046863
0.325389
0.731527
1.005317
0.895027
1.927611
2.254463
1.335327
1.886856
0.432106
-0.067388
2.897042
2.157926
2.332603
0.002615
1.846672
1.754979
1.388127
0.042057
4.383629
0.120226
0.958042
1.625545
0.966957
2.944563
1.072040
0.266044
-0.086509
0.693140
3.211548
1.588539
1.906177
0.783630
1.746659
0.045496
2.160332
0.603717
0.282647
2.273799
-0.051528
1.581642
1.335909
1.073771
1.626353
0.099747
0.158721
2.822610
1.498765
1.478389
1.881102
0.592598
0.769889
1.218516
2.926200
2.238488
1.075594
2.142089
0.926508
0.042948
0.623744
1.223125
0.827261
0.578917
1.248891
2.261729
0.981815
0.846014
0.355691
1.237978
2.637448
1.263211
3.086659
2.063111
1.144548
0.450563
0.179872
-0.097862
0.773343
3.397242
0.106020
0.758651
0.687985
1.802274
1.923042
1.601541
1.109447
-0.056318
0.980395
0.386483
1.913115
1.340701
1.676994
2.561593
2.197136
5.165005
1.394667
1.063687
1.151613
1.676325
0.738783
0.215423
1.855151
0.519803
3.498661
1.074517
1.643651
2.123452
3.263398
0.084357
0.746478
2.525271
2.986044
0.956388
2.629353
2.569375
3.139822
0.934910
1.022811
0.032986
2.148234
1.238267
1.643588
1.143067
1.505610
1.480408
5.233371
1.508361
1.875828
1.010729
2.705919
2.042542
1.493520
1.049988
0.939602
0.214820
0.391774
0.890256
0.457321
3.092726
0.976271
1.690474
3.478902
0.227500
0.303560
2.306196
1.463115
1.502187
1.262468
2.893715
2.002071
1.346989
0.422034
1.497474
0.730654
0.067667
2.180622
1.612764
0.014330
1.392223
0.406800
1.452800
2.890442
0.624393
0.268059
0.462549
0.731151
1.937444
1.919051
0.917986
1.712687
2.037450
1.618272
1.099620
0.670400
-0.407311
1.718398
2.699016
2.547940
1.044752
1.194426
-0.048230
3.101521
0.873437
0.971576
2.271938
0.545756
0.530968
2.208715
0.257348
2.453227
1.857763
1.848398
2.765608
2.239737
1.049878
1.615078
1.066426
1.643000
0.728247
1.678484
1.333818
0.145671
1.550667
2.881291
0.669178
0.717148
1.117416
1.002190
0.725126
1.808402
2.046870
1.184533
0.036220
1.318836
1.813370
2.885244
0.118605
1.653606
0.644672
1.656190
2.011814
2.664379
0.958266
1.350212
0.907994
0.771027
0.423357
3.202722
1.681028
1.155603
0.921012
1.971955
1.518983
1.747398
2.640965
2.292616
1.562878
1.117993
1.389009
0.632720
2.352750
0.320623
2.542165
2.527091
0.401044
0.305605
0.066434
1.134424
1.019118
1.682337
0.179523
1.628520
1.287259
0.233601
2.730703
2.624576
1.089525
0.772935
1.339262
1.369798
1.981065
0.256098
1.702291
3.231586
0.967125
3.672521
0.324039
2.277244
1.531417
1.444685
1.578735
2.038392
0.305093
0.750625
0.177724
0.151863
0.732708
0.150487
0.763993
0.765239
0.129567
0.018011
1.244868
1.922026
0.062880
1.179892
2.624676
1.156281
0.223455
2.997505
3.080415
1.625509
1.221860
2.287768
2.176660
1.169590
0.637306
0.314546
2.384565
1.323051
0.023393
1.628759
4.978499
1.629511
2.398796
2.571206
0.895134
0.711640
0.944617
-0.088814
0.874708
1.286442
0.388965
1.417245
1.243048
0.778801
2.207059
-0.187795
2.466124
1.645863
1.162335
0.481911
0.478558
0.590433
1.092433
0.267878
0.932385
1.191872
2.159438
0.551662
2.446725
2.888888
0.296596
0.437930
0.931897
1.553159
0.811628
0.935457
1.804999
0.069284
1.267161
1.413453
0.903390
2.591980
1.481169
-0.034058
1.788630
0.452663
3.420642
1.441379
0.764783
-0.008434
1.347191
1.659239
0.631916
0.710788
0.768889
0.501813
0.974024
0.145156
0.853314
0.479319
1.157968
2.579701
3.622894
2.039041
0.662954
-0.035441
0.419374
3.831893
1.184970
1.516189
1.931776
0.865396
1.334373
0.752084
2.323218
0.481534
3.282282
0.212600
-0.122327
0.408823
1.609031
1.185736
1.510685
0.244114
-0.006630
1.431065
0.981510
1.346798
1.448110
1.985790
0.195218
3.371904
1.043653
4.404614
0.674412
1.663119
0.990139
0.769433
0.311288
0.042576
2.767061
1.406405
2.740097
0.943967
1.812040
1.212445
0.140400
1.752376
1.541588
1.013550
0.629615
0.565887
0.149380
0.091226
0.449854
0.816903
2.808833
0.843502
1.769615
-0.647228
1.844105
0.613074
0.146461
-0.090965
1.633325
1.803531
0.179242
2.627943
0.031718
1.007153
1.865642
1.045004
0.754777
0.631010
-0.036311
0.743158
0.863698
0.403369
0.293582
0.450410
1.762582
0.524191
0.774913
0.962966
0.027965
1.411812
0.180040
1.380719
1.243213
2.116251
0.610632
0.547563
1.769293
0.818661
2.320824
1.495946
0.858367
1.889817
1.383413
1.148486
2.984324
3.716285
0.571019
2.409806
-0.215165
1.128434
2.735704
1.548382
0.792803
4.337041
1.256685
0.889870
2.628946
1.371270
0.556002
1.448784
-0.229094
0.931291
2.074916
1.937031
1.729524
-0.543263
1.304429
2.222629
0.382738
1.916888
1.091355
1.218852
2.044697
1.724323
2.974349
1.243611
1.260068
0.919597
0.656904
0.611716
2.657010
1.579673
1.322985
1.246719
0.551872
1.871574
1.029228
0.745319
1.539938
1.809326
1.117243
1.106085
2.992320
3.297147
1.729463
1.187390
0.426185
0.094608
2.724972
0.451949
0.129040
0.720467
0.664767
2.642362
0.528159
2.128156
2.488077
2.037960
1.529236
0.870511
1.545844
2.073509
0.170375
0.218123
0.116722
2.629843
0.921103
-0.014049
0.420870
1.233182
2.115798
1.423685
1.560850
2.228666
1.086428
4.232936
1.638503
1.518718
1.687949
0.641210
2.036340
0.521478
2.974538
0.516782
1.701531
0.506439
0.073658
0.856507
0.912451
1.017627
2.294783
0.100435
1.012212
0.318556
0.839033
1.327446
3.465549
0.678782
1.183865
3.602344
1.295340
1.071803
0.192185
3.010495
0.103926
0.088513
0.555897
1.473169
1.148728
0.439628
1.941733
1.097563
2.626876
1.050402
1.193101
1.845966
1.200675
1.269101
1.336182
1.478743
1.006030
1.008192
4.644814
1.211464
2.560750
2.130453
0.218245
0.983744
2.678366
1.248623
1.329357
0.717888
0.941498
0.385725
0.347984
2.296497
0.077256
2.089802
1.139819
0.023761
0.861499
0.131122
1.773309
1.180687
0.517920
2.299488
2.181227
1.989884
0.161453
1.564189
1.236424
0.055340
0.442535
1.150625
2.806369
1.546646
1.696696
0.975935
3.595543
1.767623
1.176505
0.963955
1.176919
1.635484
1.421794
0.442717
0.092499
1.085551
2.737332
0.108566
1.521351
2.799281
0.117656
0.981774
-0.133468
0.225152
0.000154
0.606716
1.554535
1.901208
1.795421
1.784007
2.743822
0.624144
-0.752555
0.096813
1.534127
3.293342
-0.101652
0.361974
1.444070
2.543599
2.318643
3.261274
2.288204
1.174074
2.839129
1.758978
2.420703
1.076493
0.814907
0.710173
1.169737
1.046017
0.897974
1.480683
1.461841
2.203548
0.179757
0.846517
-0.258848
0.908090
0.863762
0.980658
2.708044
0.133930
2.579764
1.131642
2.084505
1.944142
3.631592
-0.570648
1.645940
2.100338
2.949412
3.285907
3.197447
1.624658
0.723073
4.456265
-0.180897
0.240215
2.722451
1.613682
2.486705
0.105449
1.309691
1.041492
3.411021
1.555317
0.559546
1.040453
0.161311
2.279331
1.319046
0.095282
2.414666
-0.377331
0.175762
0.974729
0.941492
3.054813
0.534990
0.737969
0.634454
1.323301
0.312263
1.799072
1.993843
0.863906
1.157547
1.365965
0.621630
1.285086
2.250435
0.571951
0.929815
1.132104
0.392088
0.708644
0.120173
0.146339
0.199455
1.072533
1.284310
1.092823
1.276127
1.446690
3.034259
2.230932
2.080530
0.763869
3.283164
-0.177392
-0.426763
0.024138
1.520662
2.485662
1.794745
0.560000
2.233972
0.841682
1.624519
1.099561
0.939412
0.415796
2.054174
1.735027
1.286942
3.163047
1.695502
1.899621
0.334142
1.356096
0.406933
0.906556
0.801613
1.555122
2.553693
5.974917
1.668569
1.384571
-0.169934
0.721552
1.422238
0.603207
1.185426
0.870653
0.755526
0.682926
1.385754
0.395870
1.093520
0.711119
1.084242
-0.245234
0.325116
3.162849
1.079178
0.876706
0.887915
2.520952
1.751245
0.430517
2.779336
2.490829
0.854362
2.075590
1.796556
2.859699
1.897783
4.258729
0.279976
0.839530
1.448931
0.049459
0.167543
2.414388
1.525985
0.489435
1.746297
1.829267
1.471862
1.790806
-0.619759
-0.023723
2.280565
2.251085
0.138293
-0.062751
1.331976
4.004467
0.316291
2.109358
0.528650
1.014873
2.314356
1.226204
1.871492
1.319599
-0.013523
1.006792
2.259038
-0.198965
0.726133
1.550172
1.145067
1.439538
2.335199
1.254735
0.639270
1.295517
1.293703
0.116962
0.562085
0.815098
1.664189
1.099455
0.871364
1.037940
1.817273
0.785928
2.584788
1.276981
-0.291354
1.122573
3.182897
0.269132
0.193345
-0.083079
1.907845
0.883851
1.106787
3.527820
3.858257
1.433449
0.382020
1.367391
0.607166
1.390329
0.405864
0.582556
2.195587
0.155314
3.658299
1.382414
0.928133
0.259489
2.088643
1.002546
1.337553
0.184042
1.422041
2.256482
1.273094
0.232623
0.195789
2.549899
1.340421
0.941356
0.598296
0.578459
1.954032
1.060081
1.239130
1.072136
0.657742
0.371024
1.078698
0.447309
2.557275
-0.140198
0.060836
0.371827
1.180606
0.600124
1.822844
1.301246
0.448021
0.049969
1.660861
0.830492
1.598165
0.278084
0.711060
0.554373
2.238917
1.610076
0.901479
0.537623
2.367365
1.658046
0.475364
0.760865
1.656709
1.354756
3.151097
2.731509
2.460669
2.837110
2.886707
0.172877
0.910397
1.337125
2.626906
2.453186
1.503301
1.947579
1.905635
3.908594
4.903892
1.737568
2.496489
1.220955
0.678535
0.250017
2.986749
0.772056
1.048917
1.350721
2.491680
2.791051
0.908814
0.753087
0.049986
0.098827
0.071481
1.286742
0.213747
1.618483
1.005035
0.590464
1.807155
1.110810
0.058967
2.215981
1.659289
0.389432
0.226006
2.924142
-0.082144
2.195909
1.654760
1.602777
3.123496
-0.344741
0.105337
1.315070
0.356542
0.252751
1.707613
1.725915
1.028589
1.430917
0.887314
1.927653
3.414631
1.962718
-0.192958
0.783189
2.421077
0.181718
0.651097
1.060287
0.971039
1.877390
0.780740
1.095168
0.796048
1.504178
-0.321953
1.622165
1.656576
2.979151
0.832920
1.297420
1.737013
0.210236
1.876399
1.798281
0.306914
0.740370
1.298643
1.847533
2.155305
2.058083
1.839459
2.330088
1.992934
1.488748
0.565017
1.311791
0.293914
0.523198
1.810681
0.419404
4.479977
0.233849
0.342604
0.254435
0.440822
1.829115
0.947961
1.765186
1.193078
1.449142
1.983283
2.887161
1.776352
0.842877
1.177153
-0.158737
0.201849
-0.081182
-0.578549
0.418275
0.710368
1.032713
1.280082
1.485800
1.760766
2.314884
1.933548
4.718814
2.342111
2.127231
0.515968
2.963665
0.695471
0.092896
2.646664
1.801211
0.663364
0.022428
0.997358
0.025281
2.035688
0.856735
1.088694
1.605301
0.168807
1.507551
-0.008043
1.321227
-0.803140
0.196590
1.972877
0.672812
1.662440
3.175170
1.486309
1.112338
2.233621
1.570557
0.595764
0.560213
1.753482
0.585261
2.336795
2.492642
1.955827
2.195339
2.073580
2.720094
1.557751
1.831832
-0.369396
1.681107
0.545174
0.260836
2.009859
3.031821
3.256993
0.254272
1.315944
0.828107
0.004512
0.179327
-0.266687
1.178398
2.111719
1.453692
3.118192
2.158266
0.824245
1.367608
1.275206
-0.458338
2.468682
1.954694
1.788249
-0.021689
1.818409
1.127524
0.582504
0.188957
2.731223
2.822477
0.006048
1.998783
2.311921
-0.003061
2.036194
0.078005
2.113135
1.604113
0.869265
1.107302
0.322527
0.275216
2.998313
2.051494
2.700083
1.015768
1.884801
0.055927
0.265173
-0.016972
0.678016
2.749670
0.664939
1.933916
0.969387
1.217876
0.672961
1.707572
2.753555
1.987691
3.875419
1.675941
2.573441
0.689574
0.904560
0.064383
1.009032
-0.378976
0.778887
1.592726
2.315586
1.462343
1.251425
0.956312
0.176010
0.181516
1.523714
1.185089
2.161860
0.059787
1.242709
1.683805
1.209927
0.279286
0.940053
1.249634
3.904284
1.951496
0.012655
3.032044
1.567059
2.945428
2.517601
0.936447
0.095502
0.303005
2.071352
0.787475
2.006740
1.149603
1.103978
0.796239
-0.049290
1.447364
2.691975
1.154563
1.402562
0.473951
1.871675
1.856574
2.059890
1.087784
3.358323
1.819090
0.755169
3.826017
0.971514
1.531102
0.386412
1.693207
1.902456
1.690021
1.648813
0.511501
2.184799
1.597603
2.425598
0.541221
0.682157
-0.005511
0.705969
0.618326
0.135127
0.981366
0.204537
0.790763
1.830028
1.389722
0.889829
1.336526
1.134451
0.778044
0.563572
2.199971
-0.384461
1.920534
1.448007
2.159936
0.977512
0.963495
0.368413
2.383768
1.152654
1.446431
0.170164
0.559150
1.612035
1.229565
1.245242
0.275718
1.674795
0.634667
1.594586
1.303586
0.897030
0.878795
1.039477
2.033104
1.067603
2.458936
2.736010
0.462906
1.691097
1.670886
2.208883
0.918365
1.709851
1.045866
3.433650
1.610929
1.272613
0.598920
1.573628
0.256743
0.134334
1.935812
0.435621
0.159612
0.278686
0.350351
1.607605
1.017950
1.517090
0.751182
0.423027
-0.036885
0.986462
0.259104
2.145527
-0.098388
2.259991
2.083126
1.082657
1.502923
1.401551
-0.393334
-0.137069
0.147693
0.226356
2.572920
0.214329
0.429831
2.389045
0.627270
3.146449
0.267348
2.756487
0.755844
0.765841
5.655746
0.673458
1.400375
0.665050
0.345353
2.451279
0.671154
2.448167
1.301623
0.910233
1.630425
1.395004
0.187978
1.074803
3.258516
0.737890
2.657085
-0.051395
0.100042
0.387676
0.128513
1.113714
0.842188
1.598810
1.746697
0.699811
2.837873
0.779498
1.009452
2.230573
1.122243
2.527029
0.721900
1.172700
0.414917
1.367559
1.873194
2.460100
0.758432
1.312550
0.158433
2.826294
0.808721
0.664960
1.098216
0.601465
1.001873
1.766875
-0.331813
3.214702
2.542981
0.952548
1.496026
0.942963
0.209579
0.795425
3.257306
-0.150642
0.429798
1.926100
0.288234
1.639103
0.682592
1.427211
1.414263
3.059065
0.671078
2.921601
0.727343
1.967078
2.173853
2.242739
0.950539
1.461238
0.809751
0.442843
0.563504
1.195843
0.110795
2.009136
0.777527
0.165605
0.755146
2.327102
1.361693
0.357131
0.192648
0.620557
0.348555
1.668885
1.751722
1.034134
0.337704
1.272604
-0.029892
1.404607
1.179076
1.726522
2.652462
3.440847
1.031617
2.116713
0.876553
-0.226854
0.489386
2.431747
1.595156
-0.010954
0.833521
0.256870
2.192117
1.410147
0.793974
-0.442269
0.813312
0.336807
1.782081
0.214091
3.507659
2.618861
2.498462
1.441097
1.226556
1.223954
1.816816
0.694315
1.230493
2.665253
0.833029
1.174164
1.067366
0.854613
0.957365
1.696508
2.184424
0.101615
4.088809
0.986995
3.736511
1.378419
2.045536
1.396946
1.078546
1.794345
1.854628
1.786421
1.461582
2.515735
1.011396
0.739528
0.309296
0.187046
3.017165
1.653498
1.640618
0.632713
0.301748
1.168542
1.835479
1.454844
0.899844
0.426347
1.139894
2.909345
1.156929
3.199773
0.864287
1.552318
1.417225
2.413629
0.421997
0.325940
0.511065
0.569196
2.441803
0.282020
1.101505
0.632786
2.276764
0.868322
1.326053
2.605507
1.571450
1.820800
0.085120
3.039427
2.234368
1.358990
0.166189
-0.226020
0.505296
2.666090
1.053681
0.434890
0.199480
0.483530
2.367275
2.979604
-0.077301
0.052099
0.271004
1.421095
2.421398
2.817319
2.940929
0.022442
0.475111
1.589729
0.603470
2.346576
0.667025
0.794350
0.693228
1.571153
0.621700
1.035258
1.209327
0.142310
1.150699
0.407915
1.437465
0.060895
1.117650
0.790412
1.381553
0.467914
1.520506
0.954701
0.991123
1.241251
1.234090
2.206014
1.197799
-0.038346
1.125299
2.434680
1.933530
2.560579
1.894130
0.963917
0.953052
1.732511
0.119855
0.812161
2.247185
0.770352
1.394444
1.292042
0.940445
3.820151
2.103621
2.390324
2.534655
1.733846
1.511044
0.924963
0.368952
0.893293
0.622254
2.458891
1.807084
-0.066435
0.274394
2.348732
0.575054
1.298628
1.406676
0.495690
1.143341
0.380567
-0.057924
1.187514
1.315672
2.922287
-0.645486
0.491662
2.305923
3.788964
1.758082
1.137836
1.705130
0.398038
2.840428
1.129939
0.237974
0.225867
1.282494
1.402794
0.962492
2.414628
0.118560
1.638775
3.667591
1.575422
1.706229
0.733934
0.016762
1.521078
0.093358
1.169560
2.242189
0.999296
0.938504
1.121701
1.515106
1.578174
1.277670
0.049961
2.229675
0.058860
1.419761
0.049476
0.308891
2.131997
1.409278
3.239470
-0.310313
-0.973959
0.799407
1.415629
0.887433
0.811483
0.680025
0.666187
0.263389
0.712731
0.809695
2.533076
1.497632
0.847587
0.978197
1.477973
2.601858
2.638629
1.139821
1.223322
1.318803
1.706294
0.462795
0.027301
2.961577
0.063454
2.972841
0.056262
0.722796
2.047242
2.151976
1.348466
1.611364
0.162808
1.655018
0.087416
2.853803
1.403193
0.039417
1.033180
2.166377
0.820382
0.080842
2.909812
1.508325
1.676020
0.271792
2.104126
2.177648
1.742835
1.706700
2.103674
0.054634
-0.297827
0.211944
3.009335
2.771875
2.409020
1.819357
0.438551
2.300149
0.724770
0.762387
0.315157
0.789182
0.964063
1.424813
1.682229
0.141418
1.544935
2.518552
1.998826
3.350619
2.348171
2.757589
-0.133202
0.125906
2.373255
1.770210
-0.070281
2.649773
0.249739
1.670842
1.608174
0.538979
0.367605
1.083286
1.234020
0.729038
0.055848
0.329277
1.709559
1.856696
1.085908
3.186334
0.422452
0.150611
0.374028
2.152419
2.746041
0.057428
1.875580
-0.422248
2.672552
0.351155
0.179831
0.824537
1.230301
0.816683
1.585194
1.378663
0.693091
0.509816
0.205772
0.827623
0.915675
1.507589
0.621124
3.216366
1.942086
1.469650
2.753785
1.085721
3.501475
0.420287
2.586831
2.196072
0.534806
0.099138
0.350577
2.094122
0.227225
0.878688
1.031932
1.277847
0.966493
0.739658
2.247888
3.360524
1.785939
-0.144295
2.785503
1.130640
0.294754
0.737880
0.823559
-0.039818
3.044992
1.492409
0.071938
1.089748
0.580598
1.282117
0.514902
1.943636
0.321122
-0.043251
2.362576
2.389726
0.056589
1.526567
2.529917
2.693392
1.682279
1.511319
1.979141
0.015497
0.328264
0.611295
2.460783
1.259460
0.457480
2.671614
2.151074
0.392996
1.629411
1.419235
1.077737
1.996871
0.898010
2.600748
1.419252
0.217885
0.286364
3.653457
-0.528354
2.075329
1.263066
0.443515
1.320057
1.447484
2.779097
2.180619
0.612429
0.218342
0.735018
2.785775
0.819306
2.296599
1.609920
0.809663
0.129562
-0.190342
0.927425
1.420023
0.829307
0.232881
0.492986
1.214053
0.473891
1.687018
2.449440
1.064388
0.031030
1.350092
1.782340
0.278308
1.696335
1.510707
2.285515
0.151207
1.812048
3.417204
1.679559
0.924853
0.102083
0.232923
1.708377
1.044181
0.719405
2.456301
2.544185
0.698226
4.031231
1.281333
0.038511
0.557477
2.849094
1.689559
1.837293
3.270235
1.244466
0.886399
1.008433
0.219463
-0.006900
1.446781
0.847648
1.529185
0.739324
0.916002
1.254389
1.720953
1.476484
2.560311
0.430067
0.877402
0.357455
2.769712
1.225599
1.554127
1.885742
1.584413
3.154446
2.123254
0.647240
1.106439
3.255004
2.894661
1.287673
1.079224
0.208459
2.233494
0.719950
0.565895
0.382267
2.066997
0.719866
2.224879
1.877778
0.895594
0.926768
1.290859
1.521432
0.352744
1.948253
0.427237
0.618778
0.106949
1.135122
1.005560
1.104239
1.111964
0.849807
1.743759
3.232203
0.905471
4.013605
1.055749
0.086545
1.396420
2.766163
1.798967
2.134128
2.807429
1.263674
0.929029
0.347484
1.031112
3.739638
2.229758
1.071675
1.850678
2.483006
1.836192
0.371842
1.886178
0.463691
0.445787
0.635663
0.748959
1.901711
0.572822
0.414173
2.087823
1.590955
0.073848
1.969732
0.769979
2.606417
0.701674
0.451357
2.005343
2.546435
0.742204
0.138981
0.112332
2.857396
1.505447
-0.226345
1.923798
0.766245
1.002067
1.105626
2.038953
2.377770
-0.198296
1.039071
0.256890
-0.062030
1.133656
-0.008390
0.719095
0.455398
0.600153
-0.467603
1.754213
1.231462
1.529594
1.814638
1.512809
2.308512
4.147043
0.252562
1.864074
1.096912
1.987928
0.830626
1.036256
1.316163
2.328671
0.875514
1.200016
0.405118
0.392173
3.483752
2.493419
1.872995
2.726469
0.315123
2.161810
1.078119
1.539613
2.359742
0.634897
0.404692
0.130104
1.244246
2.089532
0.126578
1.955597
1.027012
-0.291277
2.151105
1.467670
0.440472
0.194677
4.423609
0.058749
1.762602
1.985208
0.131308
-0.586837
1.998175
1.708582
1.571197
2.431588
0.879779
2.093859
0.109687
1.009758
1.316503
1.189726
-0.083735
-0.927559
3.766584
1.825972
1.431476
0.516734
0.094743
1.542253
1.444826
0.892435
1.123208
1.893146
1.465219
0.629610
1.221845
-0.024709
0.608444
0.321115
0.995977
0.352182
2.103855
2.677266
0.871709
0.045733
1.221583
1.317466
1.238535
1.620476
0.281655
2.719708
1.390630
-0.983550
1.655691
1.217773
0.269262
1.328440
1.415228
-0.451867
1.900321
1.849565
2.157629
1.438108
0.795415
0.154607
1.918761
1.166464
2.128109
1.410807
2.445688
-0.235099
1.320803
1.112898
2.024025
1.379703
0.935699
1.043964
0.466866
1.725980
2.639099
2.647837
1.641117
1.510183
1.094089
1.296937
0.686317
2.209529
0.679208
-0.989299
1.962431
3.154938
1.032992
0.086227
1.821782
1.429255
0.075387
1.323524
0.112846
0.551803
0.411615
1.708494
0.474517
1.608219
1.431616
-0.070404
-0.075371
1.931915
0.952384
2.198850
0.102594
3.568027
1.013040
0.743063
1.342184
2.222164
3.034807
1.247105
1.330811
1.161465
0.252456
1.810411
1.050620
1.710062
1.789281
0.196461
0.625548
0.567819
3.575004
0.241086
1.056557
2.406082
0.679918
0.454673
1.183263
0.952299
0.568898
3.603723
0.441980
1.772148
2.300227
2.696247
0.272350
0.039190
1.168988
0.210670
-0.026594
0.240425
1.873024
0.178063
0.742568
3.227027
2.207128
1.442278
1.489439
3.317218
1.203169
0.158455
3.031726
1.395848
0.172729
0.430678
1.368178
2.890681
1.418717
0.421000
-0.231099
1.239246
0.417415
1.156165
1.106747
0.319625
3.237774
0.288315
1.822767
-0.044219
2.346066
1.005887
2.135294
1.614304
0.778934
0.193310
0.799527
0.021466
0.963414
1.087486
1.865505
0.705759
0.757745
1.384679
1.040216
1.850795
2.266387
1.613496
0.974918
1.673235
1.034767
0.559928
0.609813
-0.128983
2.675120
0.914828
0.350970
1.945428
2.076095
1.127519
2.618134
0.835066
1.315224
0.603332
-0.595429
0.585134
0.106146
3.652656
2.818567
2.858439
0.492404
0.259941
1.015435
0.654827
0.730392
1.572075
1.545840
0.521846
1.983909
1.605575
0.108270
1.958369
1.606429
0.022111
0.917750
2.727955
1.211564
0.727136
0.137645
1.810244
0.584013
1.556893
3.643257
1.269337
0.875091
2.047702
2.354189
0.110522
1.386557
1.412701
0.023648
0.649689
1.066448
1.028493
0.905189
1.260000
1.761730
2.019451
0.312059
3.231417
1.113171
0.616250
0.604817
2.173464
2.202979
1.718847
1.958601
1.316694
1.037432
0.817182
0.024522
1.365555
0.047206
2.865579
0.476731
0.378558
1.385908
1.822841
1.198333
2.801399
-0.101261
-0.154336
0.193304
1.296184
3.248507
1.452047
1.400389
1.413895
0.194169
3.742332
3.024165
0.909867
2.854599
0.745940
0.767440
0.526941
0.353887
0.923882
0.853641
2.126626
1.176159
0.780504
1.099210
0.179517
0.885482
2.403885
-0.269166
2.388789
2.648768
0.247343
1.597173
1.070038
1.247072
0.485951
3.003186
1.418053
1.665158
2.047342
1.392834
1.997113
1.281967
3.652345
0.498642
1.702088
0.915096
0.180567
1.735511
1.177028
3.960789
0.925485
0.363169
1.980283
2.012500
1.476885
0.495417
1.276578
0.522439
0.599766
1.386523
0.112081
1.139623
1.464706
1.640182
0.913496
2.769152
0.815122
1.460984
0.374798
1.700590
0.851402
0.770914
0.168782
1.512716
0.528331
2.740273
0.092265
1.189345
1.616968
2.989026
0.870491
2.276064
0.554966
2.187951
0.210866
0.709964
0.525537
3.149269
3.704705
1.569092
0.735584
2.558734
2.188636
0.065821
2.662029
0.456469
0.203060
4.151580
0.477006
0.420672
1.299418
-0.103700
0.903617
0.046471
1.061232
2.555540
3.183052
1.539726
0.458875
0.005823
1.039201
2.294215
0.300119
0.070522
2.091338
2.844591
1.330528
1.256383
0.481932
1.001229
1.645749
1.806971
1.721014
0.731627
0.837238
1.236507
0.610879
0.544214
-0.367888
-0.465853
3.780184
0.395482
1.862236
0.382625
1.291178
1.347390
0.968994
1.074332
0.285447
2.614613
1.874128
3.293171
0.496578
1.068327
-0.283570
0.030083
0.659085
1.020809
1.896918
1.526098
0.211999
1.406965
0.858389
0.805584
0.517324
0.912851
0.125409
0.494609
0.936767
1.751445
0.873888
1.161007
0.359772
0.280729
-0.003994
0.171985
0.098675
0.347578
2.435697
0.876065
2.180231
1.832283
-0.088573
1.076566
0.156155
2.977023
2.154555
5.185268
0.407309
0.692956
1.595287
0.835740
2.405192
0.426384
1.236861
2.204745
0.143815
3.494373
1.146432
2.121599
0.644840
1.112075
1.024118
1.993843
1.074878
1.407159
0.696426
-0.140317
-0.281142
2.292462
1.955583
2.257117
1.636131
0.116798
2.861547
0.882829
1.381077
1.065172
0.137847
2.242829
0.359674
1.218654
0.887160
1.607040
0.136791
1.628389
0.193641
1.509210
1.412040
2.354351
0.019089
0.941950
4.871528
0.956048
1.499233
0.169689
1.381184
0.939542
2.083629
0.349579
2.341954
1.670832
1.982860
2.953991
0.913126
1.450821
1.827854
1.681977
2.344961
2.409130
0.684423
1.220372
1.227008
1.705927
0.123421
0.395712
1.113738
0.280025
1.400219
0.737401
1.390974
2.128582
0.340305
1.620613
0.914375
3.774263
0.358846
0.773375
-0.234850
1.941835
1.322030
1.422835
1.488738
2.104984
1.966067
0.308765
1.794952
1.386092
0.602865
0.309645
0.508090
1.044599
1.980262
1.914210
1.603409
2.715681
2.601387
2.551129
0.960501
1.713646
1.728714
0.566156
2.666113
1.636233
1.433682
2.247365
1.808554
0.329993
1.657439
1.183926
-0.001780
0.520070
2.373679
1.950750
1.776438
1.701988
0.477405
0.531694
1.813818
2.364261
1.166062
0.050016
1.198302
-0.230435
4.539325
0.503725
0.902361
0.820309
0.065911
0.542635
0.977788
0.280842
1.653682
1.468481
3.121140
1.315119
1.225063
0.173357
1.031621
1.299628
0.194910
0.999344
0.519548
3.104569
1.970973
1.102758
0.956646
0.477358
2.158942
0.218572
2.596580
2.119041
2.044055
1.993916
1.649658
0.325884
1.986142
1.470585
0.066516
0.814522
1.724936
0.531995
3.242732
0.678095
1.640702
1.060288
1.734410
1.079124
1.130580
-0.458801
0.996583
0.532935
1.920717
1.726845
0.742260
0.323311
1.796840
0.389138
2.133108
1.604684
1.031965
0.940283
1.683727
0.197822
0.594949
1.135297
2.701806
3.053794
0.457832
1.391448
2.850295
0.227084
0.731258
0.570538
2.506499
1.594875
2.184455
0.352948
-0.015917
0.558537
0.501741
0.817790
1.314523
0.562666
1.859156
2.574218
1.821548
1.081919
1.028788
-0.129990
4.412987
1.340752
2.270691
0.195500
1.899105
1.431084
3.206683
0.054609
4.398572
0.561344
0.876169
0.652785
1.144313
3.036693
2.202360
1.339698
1.266764
2.982911
1.305878
2.647925
0.693227
0.210380
0.276780
0.861233
2.025619
0.386952
1.510800
0.159690
1.261284
-0.002199
3.189794
1.856898
1.551129
-0.029430
1.439741
1.955494
-0.017298
3.225767
0.925883
0.507757
1.344063
1.031356
0.281983
0.996809
2.389192
0.750741
0.245336
1.624580
3.298427
2.155604
0.281772
1.759638
0.145363
0.499428
5.178365
-0.090228
3.154662
0.721217
4.119039
2.923538
0.479493
2.660584
1.215832
0.321080
0.055581
0.052523
-0.430998
1.279760
2.593251
0.741978
0.202655
2.318218
1.607379
3.276224
2.590108
3.553339
0.559409
0.960369
0.256210
1.518292
0.273141
1.266162
1.189049
0.997652
1.208462
0.831121
3.598777
0.698898
3.216496
2.122448
2.860143
2.032034
0.578194
1.775022
0.155410
0.449597
0.379172
0.371587
0.223126
1.048253
1.454451
1.473661
1.673274
0.477001
0.292023
2.306194
2.298904
0.633024
1.603484
2.313341
2.343548
1.460257
2.230831
2.721184
1.430467
2.498618
2.075571
-0.186931
1.700265
2.200959
1.069500
2.117385
2.409103
0.448905
0.145799
0.241754
-0.022136
0.658989
0.452390
1.130095
0.029673
1.168491
3.101925
2.478357
1.981663
3.788098
4.605441
0.377439
0.693629
0.194991
1.494533
0.071012
1.312724
0.142120
0.929911
1.986822
2.754140
2.117471
-0.059086
2.381477
2.763955
0.615234
1.049727
2.562150
1.558385
0.889098
0.709364
2.239651
1.464206
1.214180
2.034637
1.530930
0.152248
2.203717
2.549910
2.842637
-0.001056
1.146289
0.871327
1.009682
1.203468
0.805218
1.042200
1.182018
3.555318
0.046077
0.878359
1.559175
0.155987
2.033885
1.501306
-0.185619
0.021690
1.294537
1.224998
1.047919
0.791018
2.073650
0.100331
0.896556
1.513923
0.322792
1.214734
2.842285
1.182569
0.555093
1.704903
0.422751
0.423789
2.173149
1.247473
1.904014
1.156386
3.113090
0.840878
-0.238399
-0.188491
1.177962
2.470425
4.417111
1.861175
2.818686
1.263731
2.010770
1.599789
1.115526
1.916966
0.706967
1.369103
3.197747
0.418871
0.419404
0.535800
0.891368
1.927061
1.645155
1.413963
1.144937
4.663679
0.972014
3.424992
0.554639
0.057325
1.287331
0.663114
0.768776
1.321077
-0.277126
0.418930
1.454918
0.367105
2.205071
0.611489
1.937476
1.137234
1.758947
0.762116
1.288790
0.284087
0.495343
0.887559
0.344579
0.775888
0.970482
2.174590
2.348244
1.191691
0.389052
0.925491
1.711855
0.571540
1.411448
0.030058
2.023683
0.782930
0.950446
2.452376
0.089207
-0.004316
0.288511
0.675466
2.388415
1.483253
3.977781
0.368165
1.489858
0.187927
3.173769
0.242294
0.534566
1.700688
1.835040
1.149081
-0.108531
2.802250
1.538818
0.409376
0.909133
1.899233
2.971272
0.809815
1.345276
1.156324
3.728169
2.328158
1.361453
0.950339
2.538623
0.196606
0.288002
2.440473
0.774695
1.724666
2.309862
0.331286
0.492811
0.149635
0.821757
0.955233
2.433009
1.759570
0.561726
3.887667
0.406368
0.270015
2.798520
2.295152
0.787100
0.895419
0.265657
1.409593
0.608717
0.905018
0.266986
0.919496
0.147994
2.347250
-0.005105
-0.002843
1.912290
0.755410
1.817441
0.001155
0.239548
2.009520
1.461639
1.723376
0.693788
3.023478
0.399073
-0.059792
0.264262
0.011962
3.240091
1.207368
2.016328
2.489898
2.423028
1.175487
0.738725
0.034237
0.418660
0.861922
0.909490
-0.182483
1.151968
0.295063
1.147057
1.437775
1.591405
0.552675
1.477631
2.626900
1.366698
0.237091
1.406977
0.038724
2.350890
1.163884
-0.022440
2.514808
2.652602
2.277470
1.474923
2.080050
1.451695
1.608303
0.730966
0.032159
0.719611
2.484551
4.127450
1.826097
1.147670
1.045471
2.244401
2.014570
0.052542
0.991774
1.304003
2.085360
0.698793
2.774817
1.089346
0.159974
1.730433
0.975206
2.177065
1.298946
0.951804
1.156236
2.980738
1.313300
0.359347
1.238738
2.317978
0.896785
1.524345
1.908731
2.714645
3.106776
1.654068
2.215567
1.352901
0.059027
1.996617
1.411664
0.648413
1.891410
2.425776
3.529458
0.624133
1.904748
2.223259
0.452840
2.707527
1.248519
-0.034230
1.558324
0.622857
2.094255
1.369724
0.802443
1.275043
0.372051
1.685639
1.897210
2.800620
0.058244
1.107530
1.109336
0.502092
2.589756
2.072201
0.612103
1.156045
2.047897
1.670573
0.665345
2.546736
4.843112
1.498719
1.765490
0.386678
0.538871
1.628352
-0.656415
-0.035586
0.073021
0.980175
0.699393
2.179225
0.134771
0.229802
0.618330
1.584328
0.272428
0.498241
-0.170996
0.013116
1.030248
1.223330
0.497169
1.103040
-0.133510
2.530796
0.043565
1.801101
1.065124
3.087460
-0.084537
0.595858
2.959756
1.065403
0.978407
2.070576
-0.200112
0.472909
0.861237
0.777913
0.287639
0.178687
0.963505
1.705989
1.115830
2.163607
0.458381
1.647728
0.518637
0.164686
0.915618
0.264188
0.018725
1.637889
2.138692
1.297544
1.415687
2.031111
2.062461
1.262744
3.025242
0.222864
0.935437
-0.039150
2.168150
0.276765
1.669598
1.055570
-0.072207
3.084324
-0.326702
2.225833
3.162143
0.912560
-0.057354
1.396969
0.337257
1.145151
1.210541
0.640683
1.092295
0.463013
0.884319
1.814672
3.265067
2.028164
1.172197
2.248957
0.147853
2.589857
2.265074
0.789708
0.434658
2.851849
0.422035
4.959983
0.267740
1.148289
0.137643
1.383622
1.715931
3.361783
1.560406
1.401919
-0.145249
1.363900
0.389291
4.544005
0.175625
1.111401
1.352493
-0.412737
-0.334430
1.374596
2.363870
1.026664
1.600822
0.986598
3.107288
2.533164
1.880614
2.827765
1.253990
0.985519
1.440065
2.391556
1.062675
3.613692
2.309666
1.097131
1.470145
0.459492
0.583546
1.488707
1.370434
2.605467
0.897532
0.986702
0.877605
1.486085
0.519753
2.722295
0.658880
0.508695
0.549942
0.070508
0.420041
0.561222
1.110024
4.050802
1.479021
0.012007
1.396903
1.518819
1.420157
2.934087
2.595894
0.348941
3.196055
0.497870
2.428817
0.161699
3.134732
0.101108
3.233950
2.305192
2.812301
1.517959
0.284868
1.912325
-0.065532
0.325527
1.847637
0.730400
2.699646
0.027684
2.208032
0.350727
1.909596
1.670264
1.935766
0.410082
1.568298
1.043718
-0.199241
1.070642
0.740968
0.326387
0.355529
0.976912
1.579957
1.414008
1.109807
1.540674
2.942433
0.861844
3.179678
0.089084
2.493103
3.130531
0.878743
0.474024
1.603369
0.349146
3.278324
1.171780
1.737678
0.851891
3.314920
1.014106
1.963004
1.975583
1.618594
3.200927
1.518777
0.503831
2.143154
1.455265
0.934813
2.093864
1.102307
2.653016
2.925832
1.698343
0.416259
0.235198
1.520574
0.534542
3.308569
2.179496
2.532167
1.089002
1.512745
0.069550
0.971065
2.206686
0.488471
2.352862
4.047241
0.775929
0.052044
2.898464
0.826048
0.605382
1.573999
2.121440
2.748191
2.599851
-0.194657
4.271658
0.829045
3.122709
3.362227
1.485757
2.654075
1.294473
1.764692
1.431451
1.076155
2.962678
0.558098
1.860008
0.972476
0.209916
3.203822
1.464306
1.535885
1.321161
2.151099
2.386550
1.514047
1.297870
1.002239
1.315959
2.704144
1.853557
1.281463
2.954093
2.878561
2.797936
1.778407
3.128009
1.616252
2.542548
2.549393
0.328507
1.429305
0.795352
1.319336
1.692602
1.480972
1.643690
0.263947
1.723875
0.939128
1.643240
0.676770
0.008133
0.856675
2.498292
1.429663
2.522760
2.584486
3.020624
3.643028
1.298255
1.121561
2.662627
1.297468
1.861182
-0.171800
0.759781
1.842033
1.321229
0.903423
2.069183
0.576139
0.985480
1.606327
3.363012
2.629982
0.060641
1.748036
2.079736
1.370438
1.080877
1.337384
2.347202
0.340921
0.423439
0.941367
1.800981
0.991975
0.853699
1.613272
0.325332
3.253707
2.985928
0.694936
1.100796
2.238334
1.503843
1.290718
0.000751
2.767107
1.090215
2.765038
1.445110
0.811086
0.653141
1.996428
0.736432
0.299860
1.580455
2.387671
1.528010
-0.168604
0.115138
0.457916
0.527885
3.949183
0.403770
1.525005
1.421829
0.492708
1.634918
0.747198
0.443378
3.299924
0.363893
1.021780
0.478508
0.148742
0.439595
1.453959
2.785182
2.026072
0.714976
0.831534
0.947077
0.849476
2.539802
1.850382
3.154940
0.223063
2.896440
0.925126
3.323775
0.309606
0.724296
1.746063
0.896397
0.749965
1.479452
1.590353
2.114675
0.471405
2.156420
1.300345
3.530905
0.894774
1.986522
1.659730
0.016662
0.188189
1.163106
0.143014
0.559672
0.979875
2.446870
2.249093
1.777671
0.263868
1.318370
0.420789
0.623633
0.823835
0.247466
1.727001
1.919873
0.055852
3.003094
0.602341
0.516293
1.159626
1.602254
1.149851
0.104484
0.571879
1.336098
1.574048
0.185929
0.948457
1.979084
1.424995
2.297162
2.571355
0.660982
0.551946
1.114100
3.326570
2.303507
2.534284
-0.005607
-0.027456
0.265981
1.960477
0.006018
1.737207
1.613602
0.054285
0.038480
2.677060
1.438333
0.079646
1.159225
2.113155
1.493951
0.145070
0.314576
2.376774
2.657340
1.129945
2.141249
0.162189
0.635863
0.870400
1.109010
1.318585
2.548966
1.250726
1.975243
1.940618
0.264016
1.193533
0.795102
2.073933
0.005389
1.431954
1.321265
1.464433
0.667394
3.356918
1.203042
1.166129
0.662957
1.066304
3.389692
1.227537
0.651083
1.124156
0.484756
0.444516
1.650935
2.570096
0.951357
0.554318
-0.132711
0.738654
2.176678
1.786266
0.776863
1.305344
0.712560
0.672332
2.147339
-0.060470
2.356460
0.189920
0.516920
0.245162
1.140230
3.015059
1.754639
0.719607
1.484528
1.225364
2.112372
1.558697
0.940880
2.701714
2.830334
1.649419
3.462724
2.743351
4.396134
0.308399
0.600876
0.988177
1.473949
1.509925
0.054105
0.263322
1.234090
1.260300
2.520768
1.859675
2.350549
0.309541
1.832734
1.246815
0.866059
2.754776
0.163625
1.966276
1.037025
0.980635
0.771018
0.126008
0.791183
2.881905
2.411461
0.346859
1.327973
0.268443
1.161607
0.630766
1.906907
1.209034
1.234939
3.903278
1.226313
1.972745
0.030657
2.838441
0.069627
0.160543
0.588895
1.084597
1.936376
0.898085
-0.268927
0.132176
1.809620
2.240974
0.233905
0.490841
0.513790
1.751779
-0.022373
1.890425
1.492372
2.281525
3.002390
0.559254
0.689400
3.387410
1.676357
1.464128
1.181657
2.102008
1.485581
3.278002
-0.047985
-0.274113
0.438873
0.358712
0.500561
0.932817
1.221206
0.224752
-0.232535
0.481854
0.093330
1.520589
0.495209
1.090270
1.760468
0.484186
0.312694
1.173932
0.115324
3.096875
2.242660
2.722092
1.806597
1.917022
0.974827
3.280882
3.160064
4.216843
-0.101909
0.638056
1.793564
1.435220
0.598750
2.554748
2.541432
0.408679
1.322757
1.366216
0.797879
0.327170
1.426934
2.065044
2.732295
0.683680
1.369066
1.315476
2.305351
1.036689
0.013216
0.899201
0.870633
0.998490
0.337513
1.956317
1.796474
1.502744
2.846414
1.028297
0.801262
3.077039
1.454168
0.216984
2.032191
1.188852
1.296206
2.063087
0.358476
0.993806
1.615529
1.143449
0.454837
2.127258
3.190315
1.163744
2.867925
1.683396
2.205560
-0.069884
0.511443
0.084922
1.730390
1.487103
2.869959
0.088354
0.332756
0.119065
0.073350
0.483452
0.406719
1.421705
1.774246
0.593040
0.950637
1.151534
1.595449
1.921477
1.910834
0.816713
3.474630
0.168308
2.356583
1.632721
0.154332
1.166279
0.179475
-0.049677
0.892187
1.148014
2.326406
2.361375
0.793210
1.588435
-0.434504
3.034297
0.141137
3.184023
1.703997
1.387551
1.641302
1.884675
0.316630
0.785972
1.197480
-0.096919
0.809604
0.364590
1.043074
1.104151
2.398225
1.733962
0.983508
1.524516
2.609604
-0.261067
1.214638
0.277760
1.882873
2.315551
0.782175
1.414492
3.331696
2.726933
1.565632
1.895480
2.694244
1.535053
1.868023
3.866289
0.238901
-0.037642
1.769761
1.194348
0.597267
1.390461
1.182457
1.118535
0.728310
0.514200
0.930019
0.138860
1.519667
1.926256
1.671871
0.083213
0.512479
0.217161
1.899316
0.081370
0.676358
0.128284
2.410931
0.590374
0.345561
1.377356
2.999327
2.622810
0.969765
0.401017
0.792709
0.539621
2.918816
0.293399
0.705141
1.501219
0.942299
1.422162
-0.434967
2.092852
0.654956
1.515490
0.919679
1.953800
3.639806
0.058028
1.031332
1.557023
0.609510
1.329753
2.106278
0.645095
0.782441
0.269269
2.273223
2.603618
0.350227
0.312366
3.448751
1.103309
0.948883
1.781112
0.823880
0.551074
1.344314
0.743278
1.204793
0.350217
2.104212
0.553417
0.855635
0.773281
0.920666
1.534767
2.437909
0.571324
1.357764
2.438053
1.938876
1.150238
0.772132
2.055708
1.786453
2.673584
0.568541
0.420381
0.223440
1.087823
1.557399
2.030550
0.021115
0.907599
0.328166
2.963636
0.556012
0.303474
1.227572
0.896022
1.751676
1.286008
-0.023690
0.088123
0.278687
0.466306
2.171211
0.107569
1.947510
2.045987
0.639278
0.210379
1.075335
1.987611
1.935600
1.699164
2.582823
2.338847
1.815805
0.684395
0.929627
1.747433
0.108599
-0.604248
1.924549
2.516591
1.946721
0.857312
0.008950
0.057552
1.407674
1.943263
1.013382
2.118196
0.079180
1.211921
1.734332
2.314235
0.740976
2.513493
2.123138
1.006499
0.611674
1.537703
1.288139
0.108583
1.019380
0.198321
2.179780
1.679538
0.594960
1.432817
2.104095
0.383395
3.451963
0.594042
0.018712
1.599379
0.818978
1.372133
-0.059776
0.233831
4.930563
1.143828
-0.240673
1.576301
0.127527
0.099855
1.955811
1.245700
0.260007
1.240787
1.666976
2.286074
2.410736
1.180025
0.492893
1.218287
1.303382
1.091520
0.938562
1.977944
2.516275
1.926613
-0.161408
1.892871
1.134181
0.365027
3.210951
2.268547
1.654071
1.865247
0.736879
1.294591
0.279370
0.565335
1.788174
2.231164
0.482275
0.572251
1.902054
1.495254
1.708838
0.203147
1.279707
0.576312
0.500983
0.670156
0.296191
1.411393
1.242117
0.508003
1.706957
1.886902
0.201368
-0.006920
0.589615
1.883503
0.217398
0.568063
0.190564
1.515593
1.311060
0.996261
1.591254
1.307536
1.667863
2.114835
1.201166
2.970064
1.640249
2.119842
1.582174
0.192548
2.419346
2.502895
2.361516
1.115929
2.596803
0.328753
0.719025
1.869628
1.067022
2.502965
2.369536
0.564664
0.597954
0.861880
0.100081
2.195356
1.801192
1.840684
1.190719
0.258700
0.708941
4.034102
2.530219
1.916624
0.004051
3.674730
1.342949
0.883623
3.010936
0.109765
3.863671
1.985315
3.616567
2.081223
1.638222
1.216793
-0.032526
1.326602
1.260009
3.342257
0.676073
1.126666
3.111214
0.611306
1.281646
1.728124
1.283117
1.231950
0.593884
0.869365
1.642012
1.078099
2.565251
0.120975
2.406962
2.065746
1.535384
2.424207
1.714395
2.061404
0.060181
1.312039
0.277344
2.062192
2.309452
1.699097
0.088957
2.600359
1.952218
0.996973
2.210790
0.509324
1.125510
2.409393
2.341170
0.321866
1.233045
0.698565
1.846536
0.865877
2.655070
2.029725
0.903327
1.669165
0.298279
1.095481
1.101329
0.494992
0.443390
0.966033
0.405719
1.228439
1.027068
2.139478
1.988587
0.833107
1.312699
2.287398
1.481668
0.295386
0.272503
1.709043
-0.175734
1.592702
1.159024
0.353706
1.231511
1.818470
0.542713
2.534095
3.705091
0.779965
2.185003
3.862642
2.374416
2.144009
1.430648
0.143588
1.863732
0.198083
0.764123
1.148352
1.499560
0.554602
1.346919
0.627041
2.525782
1.373376
-0.246794
2.081337
0.385227
2.997213
3.753674
1.321651
0.109884
1.850214
1.795178
2.176972
-0.036637
1.800297
3.159189
2.518161
0.056135
0.003222
1.784356
0.642400
0.555072
1.351908
2.839908
-0.069224
1.671364
3.074811
3.231829
1.625523
0.671921
1.204066
1.688162
1.304100
-0.192502
-0.030665
0.068330
-0.115846
1.538495
0.000539
0.089906
0.613103
2.740714
1.105176
1.770801
0.610396
0.862395
0.617182
0.183669
0.248265
0.230716
1.134552
2.677162
2.761524
-0.093085
0.273135
1.767378
0.659792
0.073154
0.213348
3.549608
1.162275
1.687538
3.636524
0.391603
2.783731
0.210226
1.818491
2.127589
-0.030119
3.008596
1.108104
3.138384
0.269012
2.817265
1.219003
0.585023
1.018301
0.422624
1.261846
1.222565
1.121175
0.357705
0.597884
0.063016
1.141161
1.214373
3.628981
-0.232661
2.507207
0.198760
1.125368
2.803887
2.239639
2.443347
0.231150
3.031915
0.943320
2.459769
2.683421
0.986930
2.396254
2.117578
1.052590
0.948903
1.856460
1.177459
2.385024
1.385019
0.652986
0.515531
1.403183
0.977611
2.124529
0.583148
0.783841
3.006044
2.295439
1.415699
0.169179
2.678888
2.289947
0.347005
0.024145
2.426654
0.130118
1.695416
0.432839
2.119162
1.948788
0.638138
0.958340
2.780736
1.456389
1.296259
1.424105
2.667933
1.034926
1.126612
0.201479
2.218983
0.985798
0.044249
0.511486
2.626361
1.414027
-0.023480
2.355339
0.354533
-0.275290
2.210958
0.069881
0.179052
0.789816
1.080392
1.369438
1.777724
1.335824
0.124022
0.282695
0.892510
0.400594
2.197983
1.126099
2.609344
0.708374
2.584039
-0.122883
2.022766
1.405872
2.290568
0.367793
2.301799
1.311186
0.027950
0.238185
0.061608
1.272299
1.998949
1.262101
0.764954
1.405204
2.712631
0.391449
1.494581
1.989247
1.232320
0.956723
3.723679
0.436873
2.929058
0.936622
2.011098
1.974947
1.192925
0.589813
1.098040
0.048630
2.246274
0.412735
1.359199
1.148195
2.311863
1.667072
2.365902
3.005535
3.328526
1.925010
1.266373
0.890668
0.066970
0.436594
0.410631
0.277676
0.959405
-0.071526
2.716497
1.199325
2.621398
0.940643
0.105727
2.259675
2.398543
0.149276
2.938686
0.114065
2.695886
1.230325
1.266741
1.723625
1.557703
0.106428
1.228485
1.070298
0.579330
0.674525
0.338123
2.133405
2.201106
0.737822
0.041408
0.805137
0.219223
-0.413337
1.417728
0.581018
-0.021008
1.760351
0.776864
0.911688
1.234046
0.534482
1.909579
1.229838
1.416379
1.058319
0.841223
2.427886
-0.009137
1.003104
1.507334
2.891643
0.571276
1.314589
1.934888
2.884698
2.201231
2.296143
2.553328
2.573838
0.636340
0.569744
-0.123582
0.761858
0.220658
0.099854
0.174041
-0.038619
0.053664
2.314680
0.230952
1.052945
2.925626
0.318729
1.374086
1.719375
1.719447
0.505730
1.055139
1.979033
1.022794
2.174105
-0.084652
1.154815
3.062011
-0.156020
0.699920
1.399001
0.446411
1.185679
0.212681
1.145658
0.997788
1.711474
1.497000
0.195672
2.790641
0.186716
2.340571
1.900664
1.440538
1.362641
0.780861
0.657637
0.957908
2.670949
1.722000
0.088893
0.622672
1.051675
0.204625
-0.108367
1.330158
0.419164
0.468003
0.452679
0.512100
1.369446
2.340134
0.937416
2.286855
1.064246
1.661354
0.915879
1.908670
1.516381
1.339223
0.764196
2.416914
0.742946
0.900606
0.778601
0.196749
0.629163
0.906722
1.383033
0.481933
1.366342
0.164623
1.043623
1.626771
1.832620
1.112702
0.547918
6.359563
1.426991
0.536584
1.611894
0.516461
0.111184
2.836244
0.104219
1.933868
0.859203
1.089839
1.024107
0.545085
0.404079
2.555835
1.957285
2.013068
2.550565
2.693369
0.474949
2.232972
1.256435
1.195768
1.317006
0.038495
1.237850
1.905986
1.813445
2.191878
1.490400
-0.094411
2.271372
1.324767
0.469675
0.938077
0.646257
1.350581
0.154304
0.586906
2.433610
0.979430
1.224582
1.253802
0.065737
0.922276
2.341406
1.168132
1.663463
0.236737
2.045936
1.244888
1.009651
0.971697
2.455167
1.294636
0.153967
0.406037
0.621247
0.514107
0.451516
0.646877
1.918072
2.509072
1.287252
0.090259
2.392000
0.675298
1.486710
1.408814
1.068451
2.648706
-0.089288
0.887795
1.707931
0.186116
2.531617
0.123742
1.603682
1.136621
2.148610
2.272521
2.014483
0.658786
0.670025
0.616884
1.600492
2.839445
1.280426
0.025441
1.954876
1.341289
1.651429
2.387992
1.144884
0.944235
2.739847
0.415494
0.181779
2.543420
1.238017
1.934778
1.669628
1.090406
1.299259
3.489043
0.621448
3.243157
0.384020
0.339305
0.308999
2.404859
0.717294
2.172397
1.763412
1.436578
0.273374
2.636579
1.496625
1.193277
0.242573
0.245205
3.992995
1.063987
2.428869
0.506471
1.112498
1.613470
0.743149
2.302519
0.479729
2.293505
0.016328
0.403042
2.704566
1.076169
0.960883
0.986431
0.034968
2.085882
0.131536
-0.226437
0.760258
2.289052
0.536795
1.174644
0.315366
1.579942
2.200981
0.088350
2.429794
1.925953
0.802501
0.397490
0.557546
0.188979
1.377575
-0.355405
0.625807
3.587909
1.017912
2.485943
0.585989
1.230336
0.625692
2.096570
2.123985
2.279606
1.648177
0.635828
1.094207
0.712561
2.303012
0.209206
3.212253
-0.005087
0.837125
1.969126
0.039568
1.133080
1.756570
0.186329
1.646183
2.019580
0.321243
0.055928
0.370660
0.914056
1.285411
1.131737
2.848551
1.047780
2.815675
0.803366
1.080176
2.414353
2.140673
2.125904
1.502666
2.428994
1.327227
0.260775
1.835182
1.703305
2.479653
0.003811
0.092192
0.262969
0.264292
0.122987
1.171013
1.437098
1.120626
1.177596
2.538444
0.610154
1.800200
0.479993
2.171846
0.401417
0.463020
2.974338
1.064733
0.710578
0.112617
3.819731
1.751365
0.292027
0.749771
0.277238
1.145566
1.266325
0.373399
2.557927
1.029048
0.615390
1.591806
1.761372
1.052140
1.650734
4.541062
1.949935
1.570582
3.184234
2.783871
1.953745
3.147393
1.322842
0.297210
0.325593
0.306571
1.052691
1.517058
2.291723
0.763450
0.524299
1.144223
1.016758
0.923520
1.413814
1.503072
1.273959
0.841229
0.755269
0.665682
2.674182
0.650829
2.666437
0.859787
1.740772
1.888718
-0.298096
2.049861
3.245881
3.514159
2.128806
1.466298
1.323361
3.993642
1.823155
2.312669
4.855098
0.645079
1.987643
-0.116375
0.555093
1.158527
3.779293
2.489394
1.878703
0.974253
0.486599
0.294521
1.267220
0.955226
0.656048
0.341813
0.963644
0.815635
2.554716
-0.159533
1.608768
0.870244
1.343939
2.076239
0.737602
2.408881
2.210303
2.409461
2.480219
0.342739
0.470667
1.688572
1.073810
3.440162
1.973269
1.208469
1.934363
0.299651
3.236856
0.889871
0.510568
2.127486
2.926902
2.232167
2.194880
0.528205
-0.044656
1.042621
3.818067
2.609370
-0.304273
1.080086
0.934889
4.271621
0.638139
1.130573
1.210109
1.820879
1.099934
2.315809
1.212252
1.436514
0.810456
0.146754
0.568474
-0.158392
1.986433
0.525653
1.344665
2.000169
0.949346
1.492361
0.398643
0.135096
1.841910
0.937232
1.676613
0.229352
1.134128
1.015109
0.909416
1.138481
2.234969
1.840723
1.050376
-0.106778
0.541498
1.963591
0.114642
0.689494
0.700497
0.218597
0.237727
1.436311
1.207871
1.965030
1.692057
1.462151
0.872438
1.271077
0.830395
1.658572
1.684243
1.508473
1.762118
1.287360
1.513637
4.727097
0.832789
1.357850
0.754865
0.954423
0.523579
1.701947
0.001415
0.294426
-0.086043
1.232648
0.364155
0.309329
0.393456
3.998280
-0.310743
0.920913
0.259669
-0.019394
0.971841
0.131882
-0.013043
-0.023697
0.240648
0.509195
1.680386
1.074423
0.596647
1.274467
3.194890
0.143343
0.093068
1.899359
0.127044
0.545535
0.861980
2.125341
1.266959
2.385695
1.307319
1.950439
2.483591
0.104065
2.034564
0.639655
0.911175
0.971433
2.252235
1.084423
0.082063
0.112323
0.149585
0.821415
1.319272
1.194233
1.804100
1.123139
0.518885
-0.057999
2.699525
0.633783
0.895516
0.764738
0.298706
0.956713
0.122746
0.605706
-0.052759
0.468298
0.489775
1.043690
1.369234
2.919231
1.958250
0.687522
1.073719
0.150752
0.839007
0.748861
0.995191
0.840497
0.779758
1.869566
1.657395
1.547792
2.108506
2.921644
0.050377
0.897244
1.805396
1.480498
3.163627
0.870664
1.158305
1.231123
0.909326
0.120998
0.165854
2.794276
2.033663
0.727035
2.796226
2.491755
0.158930
1.215755
0.570754
1.861205
0.999587
0.804800
1.665625
1.183487
1.233277
0.616588
1.070138
0.391120
2.825551
2.361481
2.623659
1.181050
1.188870
1.283330
0.393663
1.768926
1.582557
2.199927
1.070721
1.466292
1.351191
1.010165
1.268814
1.973176
1.420715
2.510574
1.611802
1.313639
0.919364
0.537627
3.402740
1.032459
-0.348116
0.736538
3.566567
1.657859
2.519535
1.037675
1.854924
0.179989
0.099206
1.191354
0.744139
1.011196
0.831406
0.535202
1.216711
0.898934
1.882302
2.147127
2.996361
1.823170
0.722901
0.398658
1.788777
2.235484
1.053000
2.130960
2.186030
1.135587
-0.385152
2.153829
1.766892
1.480681
1.285025
1.224981
0.048197
0.978601
2.567627
1.793052
3.542433
1.138587
2.505878
1.288205
0.972029
0.099443
0.854248
2.069940
1.858482
1.201934
1.908558
1.210174
1.296738
1.551784
-0.064559
1.581407
0.221400
0.643484
-0.117948
0.617200
0.032636
1.420423
0.638671
1.478997
0.400540
0.612079
0.054901
3.075146
2.249773
3.177865
-0.025738
1.039218
2.597052
0.081658
1.085031
0.849670
1.000370
1.776559
-0.197711
-0.054356
0.091275
1.119424
1.477694
2.290994
0.211183
0.048867
1.887174
1.149196
1.692092
0.506924
0.015862
2.067976
1.751074
0.903848
2.157463
2.890984
2.108923
2.168531
1.031666
1.481361
1.348080
0.960570
0.913336
0.999790
1.026301
0.992264
0.474539
-0.025672
1.990838
0.774642
0.980448
0.135975
2.011444
0.705089
1.271341
3.744108
1.620752
1.641292
2.946237
1.490773
0.591928
2.863549
0.740482
0.483037
3.490747
1.687403
2.264361
1.070763
4.001798
2.314454
2.764604
1.309660
0.361917
2.417994
1.327113
2.652405
1.804444
0.663743
1.798411
2.319244
3.797450
-0.107672
0.076299
-0.050362
2.002757
0.228861
0.465054
2.479476
0.631896
-0.149477
0.775130
1.426038
0.925471
1.286154
1.998080
2.328623
0.882810
1.513330
0.093850
6.066466
0.998672
-0.133476
1.227087
0.565260
2.494948
2.502036
1.668515
0.106595
0.263036
0.093595
0.009796
0.252392
1.752676
1.652490
2.755981
0.935292
1.254013
1.083102
2.807287
0.911174
1.407554
-0.272165
0.728778
-0.105578
0.623955
2.218272
0.698899
0.963450
1.366006
0.439876
0.044980
-0.053968
2.882729
0.962857
1.199262
0.536366
1.617852
1.172330
0.032581
-0.001439
1.523873
2.842136
2.238090
1.479446
0.784240
1.245756
1.897736
1.921126
1.643642
1.724247
1.801204
1.086886
2.185651
2.256713
2.670842
0.064164
0.569818
0.226546
2.363256
1.005222
1.063726
2.406822
2.043189
1.194868
0.755013
0.325252
-0.507723
1.053314
2.760962
0.853856
-0.228342
1.513774
2.450509
0.577100
0.871889
0.121539
0.526790
0.571120
2.021688
1.329984
0.974558
0.811798
1.277607
1.274281
0.206350
0.836650
0.987283
2.594793
3.674879
0.592822
0.583922
1.245721
0.438899
0.300347
1.877798
4.455837
1.113619
0.826046
1.117046
0.100488
0.047304
0.771415
0.795198
1.686850
1.038270
3.349894
2.187110
0.047146
-0.227009
1.472830
1.137301
2.205281
1.664950
0.873576
1.877603
0.928613
0.227359
0.796215
1.158609
0.327577
0.058914
0.680897
0.078103
0.875272
0.608960
4.572842
1.290558
0.791664
1.638586
2.216233
0.995757
0.599914
1.455766
0.647593
0.084085
0.913104
0.084073
0.878681
1.143570
3.246471
1.911397
0.620313
4.988417
0.973452
2.328821
1.322415
1.733106
1.440346
1.661521
0.761494
2.085076
1.866975
0.785397
1.445153
1.129482
1.224540
1.805807
1.084010
3.481614
1.779935
1.611497
1.550583
2.096353
1.384522
1.713010
1.687904
1.075432
1.001430
2.673899
0.212125
1.830808
0.228180
1.617054
2.009762
2.108786
0.793121
1.535857
0.431524
2.649837
3.283047
1.793509
3.214936
3.030459
1.899144
1.734001
0.328670
0.340736
0.726316
0.330581
0.806955
0.296348
1.185681
2.412741
0.054261
1.119745
0.024924
1.396994
2.801955
1.621187
1.031993
0.876917
0.172159
1.529590
0.319390
0.964992
2.139478
1.172836
0.114326
1.484231
1.009803
1.106042
1.437369
2.082291
0.124102
1.546000
1.890726
1.025220
1.115390
-0.099477
-0.169380
1.216375
1.078333
3.324296
2.446298
3.365425
1.307363
1.503814
0.636044
1.487042
0.570480
2.656008
0.692584
0.279326
2.763149
4.260731
-0.021940
2.552198
0.131496
0.489160
2.519070
1.220131
0.696554
3.174699
2.556624
2.049923
2.409304
2.403710
1.629992
2.143182
4.939718
2.416276
3.131854
1.069197
1.906779
1.926162
2.634133
1.711045
0.392723
0.035680
0.374577
2.136188
1.354865
0.369424
1.972754
0.873120
0.359709
0.613801
1.389833
1.503305
0.810886
1.451885
0.397063
1.212057
0.024819
0.555473
-0.426574
1.496962
2.025231
-0.099471
2.298997
1.790678
1.036008
0.985054
0.555687
2.835682
-0.700536
4.191464
1.055061
0.035866
0.597322
-0.030115
0.168763
0.296763
1.261194
0.610757
0.455715
0.039451
2.074407
0.155680
1.229541
0.722158
0.899808
0.123959
2.092948
0.977390
1.681134
0.470798
1.895020
2.681936
2.909198
2.023673
0.492295
0.355445
0.487414
0.579057
1.793750
0.132312
-0.038740
0.195696
3.186512
1.706435
0.416483
1.133896
0.953675
