-0.412325
0.924103
0.007395
2.354574
0.928724
2.341839
2.397453
-0.208000
-0.374376
0.610502
0.030952
2.359326
0.435014
-0.536814
1.091692
0.143188
0.878616
2.351664
2.315702
0.377252
2.301734
0.426992
2.357223
2.374891
1.044917
2.399827
1.169073
1.211980
0.280817
0.991801
1.042927
2.389425
1.113282
2.360334
2.374115
2.376854
2.369061
2.304560
-0.288083
2.368005
-0.517897
1.186881
-0.218525
0.346648
0.735928
2.348521
2.281289
2.330701
0.625696
-0.511974
0.275854
0.985790
2.367856
0.984235
0.947693
2.366496
0.135398
-0.610352
-0.077087
0.779020
2.347002
0.911244
-0.267768
0.586551
2.361570
2.347425
2.348843
-0.426738
0.069502
2.347687
2.374063
2.347435
-0.598787
0.292571
-0.423719
0.111443
2.340436
1.033965
-0.132521
0.347920
-0.645956
0.371050
2.373431
2.386211
2.397929
2.249271
2.369851
2.366610
2.377025
2.349220
0.303052
-0.496430
2.288008
2.284184
2.337478
2.398572
2.306868
2.371049
2.312199
2.336172
1.080223
2.400643
2.360277
0.801849
2.368348
0.462981
0.798116
0.989135
2.392117
0.928908
0.533100
2.348319
-0.124660
-0.281302
2.301059
-0.447338
-0.547144
2.407187
2.373961
-0.164552
1.046024
2.396418
0.096573
0.275366
2.348766
1.246633
-0.493222
0.237568
2.369424
0.897116
2.361568
0.333296
0.177965
-0.452520
-0.536810
2.406038
2.326904
2.301993
2.377281
2.406533
2.425485
2.329987
2.335645
2.420896
2.395946
-0.597761
0.450752
-0.591236
1.215247
0.727821
-0.013307
2.332449
0.593865
2.333324
2.346629
2.347181
0.456602
-0.169381
2.341961
2.369428
0.069715
2.377736
1.186596
1.182056
2.377393
2.367514
2.395642
2.354045
2.369647
2.366777
-0.107940
-0.589537
-0.589784
0.112595
0.398324
2.349979
-0.412330
2.408385
-0.322862
0.223008
2.345917
0.664882
0.841677
2.401765
2.229326
2.341346
0.320409
2.371778
2.394250
2.361168
2.325647
2.312953
-0.504166
0.961324
2.434784
0.030348
0.473599
2.334548
0.328563
0.656373
0.826881
2.402780
2.403745
2.371289
2.310304
2.367917
0.696666
0.776925
2.348006
2.387307
0.827437
-0.364769
2.349149
0.617607
1.071792
2.362973
1.023085
2.396726
0.098202
2.328680
2.337773
-0.012523
-0.099623
2.392631
-0.559609
1.172790
-0.246787
2.365915
2.339497
1.001313
2.351479
0.862938
2.354215
2.416615
0.779540
-0.554019
1.054415
0.110546
-0.328724
2.368269
-0.199592
2.359786
2.361382
0.667808
1.090183
0.095254
0.773500
-0.661062
2.368697
0.306767
2.267698
-0.564847
0.110419
1.140263
0.635196
2.349086
2.387379
-0.390045
1.222201
0.199530
2.361118
-0.262110
2.372836
2.335014
2.389226
2.377668
0.444132
2.318225
0.070114
2.380295
2.494595
0.716071
1.204697
-0.169000
0.777461
-0.576480
2.357232
2.311593
0.006538
2.361332
1.135596
2.313329
2.335410
2.354601
0.133481
0.077235
2.303927
0.219838
0.951563
2.401587
0.146135
0.297788
-0.473294
-0.441570
2.390778
-0.486627
2.349579
2.332748
2.338971
2.369805
2.332148
2.408377
-0.534404
-0.557455
0.367509
2.362959
2.372056
0.014197
-0.592378
2.333886
0.051610
0.492428
2.361939
2.340370
2.370469
2.376777
2.352975
2.414386
2.314068
-0.217991
2.361552
2.351601
0.944465
2.343835
2.367577
0.180243
2.379397
1.107132
2.279656
2.344036
2.396125
1.215880
1.036912
2.365130
2.378666
2.365650
0.293020
2.393406
1.116204
2.373134
0.002930
-0.259294
2.373371
-0.095171
2.375290
-0.505384
1.015736
-0.200591
0.527420
0.914948
0.151560
2.361120
2.342025
0.235136
0.752657
2.356333
-0.313119
2.312855
0.598827
0.038490
0.811063
0.280376
2.370949
2.352221
1.163968
1.218427
-0.353443
2.385676
1.137711
2.325216
2.360706
-0.658197
2.305636
0.163931
2.345576
-0.469451
0.518401
0.419188
-0.490235
1.151432
2.390479
2.356130
-0.304286
2.430856
2.370494
0.811148
2.372831
0.475534
2.360741
-0.493058
-0.485335
0.136142
2.376313
2.354197
-0.318615
-0.474399
-0.541560
0.653015
-0.154702
-0.204056
0.590585
2.399140
1.117235
2.370262
2.401735
2.382010
2.355133
2.341691
2.308291
2.362710
-0.485204
0.930802
-0.502511
1.182313
2.366309
2.355074
1.288973
2.391287
0.808333
1.157464
0.669144
2.356444
0.629073
0.577273
0.533014
0.740944
-0.058799
1.230043
2.393633
2.372857
-0.585038
1.067083
-0.609235
2.331349
0.276139
0.188217
2.321638
2.360863
2.369506
2.381131
1.255157
2.365855
2.383031
1.178264
2.362928
0.307999
2.350240
-0.544837
0.520470
0.116755
2.344987
2.418610
-0.487663
2.412065
2.442519
2.360701
2.375790
-0.558103
0.646016
-0.391201
-0.076912
0.393920
2.367267
2.366875
0.332219
0.762964
2.304023
0.857230
0.080404
-0.586805
0.548332
0.944327
-0.197635
0.012774
2.351188
2.422249
1.122651
2.395056
2.343251
0.214927
2.337536
2.376145
2.370045
2.392265
2.363551
-0.267349
2.306261
2.352426
2.388251
-0.357414
2.288448
0.488166
2.368365
0.869273
2.333692
2.349818
2.378852
0.915619
2.362557
2.373671
2.382601
2.293419
2.389674
1.013140
-0.607143
-0.288478
2.365123
2.345249
2.369512
1.202980
2.441526
-0.591364
-0.588857
1.054673
-0.530138
0.621361
0.437186
2.403400
2.377347
2.380612
2.337394
-0.243253
0.715513
-0.552970
2.340800
1.189643
-0.616752
0.345368
-0.583828
2.366215
0.897308
0.367598
0.919757
2.349242
2.361773
0.876378
-0.599247
0.284706
2.304010
0.324501
1.183828
2.312659
0.805305
0.767207
0.202786
-0.487824
2.446049
2.376154
2.410001
0.283865
2.355256
-0.526989
2.374487
2.353134
0.916344
1.153010
-0.303756
0.507334
2.375033
2.471849
0.920170
2.345660
2.491671
2.417485
2.365567
2.370879
2.355825
-0.465269
2.348367
0.999185
0.766461
0.199394
2.399652
0.775021
-0.329878
0.398418
-0.394414
-0.602389
2.364880
-0.550440
2.317448
1.251073
-0.116016
2.437120
2.383886
-0.408058
2.385503
2.355071
2.384462
2.457502
2.381509
0.316174
2.389687
0.962145
2.347338
2.326740
-0.183175
-0.516999
2.398965
-0.044416
1.015003
0.752955
2.389535
2.314750
0.723545
2.383662
0.807062
2.346268
1.112634
2.371896
2.343666
2.360532
2.399131
2.332632
2.362351
0.224258
2.344740
0.438843
-0.514793
0.585555
-0.175239
0.851253
-0.501698
2.376523
0.876134
2.410439
0.765404
-0.629657
-0.552186
2.281253
-0.201529
2.353678
1.031663
0.084362
0.760413
-0.564926
0.041344
1.036889
-0.156920
2.357156
2.361181
0.815970
2.363265
2.368066
0.543682
2.404104
2.348305
2.393307
0.661035
0.665823
0.304193
2.401290
1.207744
2.368336
2.403011
2.408334
2.385735
0.124814
1.190203
-0.362725
1.101363
2.332275
-0.574874
2.323885
0.368541
1.067631
2.291895
0.992477
2.399246
-0.443235
-0.005675
1.225359
2.377758
2.352453
2.375288
2.388178
0.978305
2.338573
2.390485
2.355875
2.284922
2.346739
0.535364
2.335344
0.010222
2.368516
-0.252639
2.392196
0.327661
2.320692
0.900587
0.376764
0.554682
2.373356
2.332644
2.350855
2.326036
-0.274362
0.869377
-0.308557
0.376047
0.241642
-0.248790
2.376160
2.316320
2.425484
2.330753
-0.410946
0.979553
0.752976
2.383828
-0.252990
0.963165
1.087368
2.375153
2.397545
-0.028366
1.064124
-0.189651
2.364046
2.359748
2.348025
2.313089
-0.218215
-0.576255
-0.388931
2.362369
2.357715
2.354647
0.695801
2.345955
2.364449
2.418051
2.362867
0.126629
-0.594323
0.712867
2.373076
2.329048
1.064365
-0.150205
2.398397
2.399812
0.556623
0.349706
0.898704
0.695177
2.355367
0.631533
2.338722
2.375448
2.307238
2.356134
0.112699
2.307617
0.399176
-0.589547
0.696711
2.353408
2.318298
0.019603
0.948096
1.079503
-0.587268
-0.515318
0.849366
2.396809
-0.396245
2.350012
2.352983
-0.408296
2.307658
2.355525
2.352157
-0.085842
0.359227
2.368121
-0.463605
2.281731
2.276550
-0.245544
2.385099
0.856645
0.775691
2.376771
-0.111836
0.965903
1.230940
2.405610
0.128778
2.320786
-0.095503
0.173303
2.379201
2.356084
2.408619
2.393368
-0.604147
2.389016
0.013210
0.192722
2.340540
2.382867
2.397965
-0.279265
0.651956
2.368001
0.984176
1.174280
-0.476958
2.370849
0.261625
2.358315
2.377760
2.357994
2.356195
2.402672
-0.546004
-0.340254
-0.200277
2.381295
0.682203
0.612865
2.460575
2.359422
-0.180117
-0.119717
0.755696
2.346294
2.342004
2.295039
0.925524
2.265370
-0.567206
2.333961
2.382689
2.382301
2.371418
0.495877
2.379734
2.312501
0.368499
0.242774
2.343765
1.107399
1.139319
2.365855
0.153503
-0.634455
0.123837
2.335310
2.329021
-0.483512
-0.549244
2.390205
2.484002
0.397216
-0.141668
2.349228
2.298508
2.295410
0.889039
2.374533
0.989044
2.380171
1.212230
0.676656
-0.570211
0.108988
0.233095
2.363442
0.578973
0.113827
2.382411
2.376471
0.652542
2.377977
-0.240310
2.435788
-0.559716
2.357426
1.028140
0.976933
2.421020
-0.463238
0.258831
2.350513
0.525149
2.357050
-0.229591
2.352734
0.569895
2.399254
2.348557
0.587164
2.328664
0.975209
2.321869
2.391039
2.322612
0.723262
0.503012
2.368297
0.334255
2.360474
-0.639297
2.339108
0.137582
2.399437
0.441854
2.336270
2.358092
2.322992
2.381757
1.007643
2.406852
2.410239
2.339892
2.349922
2.348119
2.411425
1.205929
0.906200
2.404898
0.813024
2.409285
1.219792
2.331692
2.322196
1.064656
2.337550
2.355814
2.311704
2.330100
2.365211
2.351481
0.554245
-0.569117
2.333586
2.376137
-0.096634
0.692691
2.278240
-0.154191
2.334688
0.793200
0.146131
2.352299
0.065430
1.105409
2.386983
-0.096391
0.407351
2.390861
2.330490
-0.111293
2.335477
2.347413
2.352740
2.325731
0.928377
0.957763
2.371510
-0.488589
1.009647
-0.498787
0.658935
-0.246034
-0.507338
0.620121
2.350789
1.136443
-0.153688
0.180504
0.263452
-0.203200
-0.412904
2.394519
-0.203382
-0.267450
0.818064
1.056037
2.349548
0.783181
2.370695
2.348108
2.369869
-0.638574
2.351430
0.274985
-0.558749
1.075821
0.520107
2.507488
2.381598
-0.456528
2.368216
2.385852
0.322435
0.834469
2.375402
2.452273
0.446136
2.346294
-0.518958
2.403548
-0.530267
2.373072
2.410639
-0.158593
2.355136
1.204978
2.373785
2.350757
2.372962
0.773391
-0.069957
1.167983
0.963352
2.369137
2.329887
0.955156
1.159249
2.355676
0.519115
-0.047331
2.344117
2.347556
1.145164
0.730624
2.362167
0.473237
2.362105
0.592109
2.385388
-0.363021
0.120315
1.209723
-0.482580
2.398634
0.872260
0.638273
0.724962
2.293455
2.377677
2.315546
2.325681
1.009008
-0.246495
2.369861
1.035054
-0.368017
0.383382
-0.575196
2.362617
2.359057
2.274837
1.042875
2.408841
2.329603
1.164559
0.274331
2.372991
-0.629092
-0.565750
0.792681
0.599373
2.344547
1.226945
0.129642
-0.481133
2.363899
0.408296
2.352739
0.184624
1.047574
2.346261
2.321865
-0.343693
2.345469
-0.194029
0.450463
0.124687
1.111231
0.477621
2.384904
0.812365
-0.593277
-0.522715
0.480933
2.371377
2.359849
2.339678
2.320958
-0.078540
0.024252
0.883317
0.223333
2.310369
-0.605504
2.317348
-0.575648
0.236841
0.856635
0.090776
2.330217
0.604872
0.174687
2.334970
2.310610
-0.492963
0.663537
-0.182959
2.388976
-0.160382
-0.264824
2.423912
-0.557495
0.305666
2.352363
2.357836
2.387007
-0.175547
-0.481670
0.765288
2.423378
0.428708
0.600686
0.333982
-0.343294
0.480055
2.343712
2.472880
2.350175
-0.255827
2.383342
2.331773
0.924312
2.366834
0.447060
2.403799
0.986300
2.326417
2.355593
2.365292
2.500217
0.707616
1.122146
0.951306
2.357072
2.396373
2.352659
2.352331
2.309568
2.371702
-0.346633
2.350288
2.349266
2.395003
2.300880
2.374970
2.361445
0.738324
2.422747
0.977615
-0.039230
2.379520
-0.438003
2.362132
-0.418983
1.173862
2.386445
2.460647
1.254134
-0.281241
0.677274
2.381660
-0.493130
2.418992
0.624333
2.399747
2.299720
0.551043
0.484253
-0.516020
2.333748
-0.354936
0.016029
1.224920
0.405162
1.020498
2.325272
-0.350502
-0.617656
2.345959
0.838749
2.368651
-0.046580
2.379571
2.368972
0.685222
2.360443
-0.576133
-0.587335
2.369955
0.862902
2.389513
0.778775
2.386492
0.920096
0.538604
1.262385
-0.579657
-0.272029
2.478158
2.363012
-0.460558
2.341397
2.387821
0.496152
0.919369
0.743620
2.408728
2.302423
2.351103
2.371957
2.349079
0.294822
2.358354
2.356076
0.132296
-0.571015
-0.580344
0.647711
1.036883
-0.398255
1.049450
2.365542
-0.189710
2.406700
1.209019
0.583407
2.439472
2.316030
-0.400234
2.333768
2.324714
2.388753
-0.069319
2.354855
2.317309
2.369810
-0.568257
0.601622
-0.423160
2.336596
0.053768
2.359928
2.346735
2.349026
2.367321
2.367291
2.335200
-0.272639
0.057741
2.359202
2.329474
-0.377650
2.358808
2.397184
2.368265
1.008256
2.353157
0.562569
-0.366561
2.367631
0.731926
0.951167
-0.373430
0.204098
0.994607
-0.572462
2.406225
0.942074
2.322688
0.252895
2.407486
0.702267
1.057941
2.385005
-0.441938
0.551168
2.394295
-0.608411
0.940240
0.124713
2.433968
-0.566610
-0.270467
1.047905
2.380176
2.321667
0.549815
2.346378
-0.605430
-0.182122
2.355134
2.378255
2.380095
-0.371205
2.383989
2.275931
2.430337
-0.431629
1.111304
-0.585901
2.395237
2.357441
-0.475949
2.378727
0.035226
2.337742
0.911479
2.342126
0.213050
2.374936
0.642371
2.383871
2.386570
2.401771
2.290208
2.347768
1.223553
-0.561956
2.336446
-0.255148
2.356332
0.751532
2.357302
2.435516
0.016291
0.893209
0.375766
2.270905
1.189221
2.335957
1.155568
2.363333
1.043838
2.346098
-0.157327
2.382013
2.389627
1.123155
0.826986
1.079649
0.070849
2.336212
0.121933
2.321848
2.367718
1.170009
2.305294
-0.016792
2.348001
-0.631480
1.225479
2.334132
0.907149
-0.161101
2.351116
2.360956
0.127586
-0.104840
-0.303465
0.623547
2.424203
2.360453
2.369432
2.369439
2.333398
0.844662
1.124282
2.340287
0.508864
2.424060
0.405250
2.299140
0.858429
2.384917
0.465836
1.024392
2.390660
2.352109
0.668447
2.362666
2.284028
2.332195
-0.511497
0.732248
2.350549
2.364898
2.356180
2.341041
0.288523
2.351112
-0.177919
2.335300
2.374973
1.110742
-0.055125
1.177925
0.743011
-0.577695
-0.055527
2.327669
0.055514
-0.427672
1.126850
2.291631
0.781008
2.375717
2.413718
0.649884
0.975905
0.797074
0.171617
2.403347
0.078043
2.360280
0.253831
0.418107
2.371378
2.318188
2.342053
2.331602
1.194612
1.054584
-0.442262
-0.416416
-0.490928
-0.533342
2.371653
0.254359
2.309546
2.330321
2.362086
2.329961
-0.252095
2.492129
2.369149
2.391456
2.348041
0.164889
-0.409405
1.052365
2.406627
1.126569
2.342459
-0.620423
2.381923
-0.276961
2.344227
0.459531
0.854389
2.369076
2.376954
2.370514
2.344187
2.325651
1.147738
2.331910
2.381809
2.359320
-0.608182
2.355647
0.938030
0.613529
0.627804
2.321313
1.049816
2.376138
0.980563
2.357333
2.390256
-0.456168
2.366303
2.290364
2.373518
0.332741
2.376789
1.016565
2.379978
-0.338920
-0.534266
2.334191
2.322597
2.347454
0.214376
0.745680
0.999514
0.926568
0.637713
0.903443
1.151184
-0.663113
2.311662
-0.314508
2.380014
0.927601
0.592686
1.130343
2.385255
-0.176548
-0.139596
0.457404
2.348416
-0.090435
-0.617252
-0.402703
2.363367
2.466642
2.378898
2.355866
0.194176
2.329021
2.400089
2.361325
2.400608
2.308574
0.141175
0.973064
2.377880
0.233177
2.355144
0.262881
0.689240
2.374507
2.384619
0.701756
1.059492
2.341117
0.905186
0.283856
2.325555
0.604186
-0.176729
1.182246
-0.199841
2.399915
0.761547
-0.372204
-0.622586
0.996356
2.349529
0.573946
2.342389
2.402797
0.364657
0.796941
0.048638
2.338604
0.773531
2.404540
0.981230
-0.272736
2.348811
2.353766
0.379632
-0.595597
-0.070611
2.397805
1.191860
2.368880
2.337976
1.143054
2.393458
0.705944
2.375805
2.338081
2.383565
0.074022
1.047856
-0.264674
0.506947
0.322866
-0.604106
2.368110
0.752406
-0.295169
2.349842
0.768274
2.430236
1.285110
2.292044
2.413803
-0.219772
2.351493
1.202327
0.981903
2.371160
-0.579206
2.340748
2.337442
0.660144
2.375757
2.370022
2.260506
2.384322
0.558555
0.970821
2.333435
0.645484
-0.243822
2.364043
2.357983
2.418318
-0.643998
0.688727
-0.312134
1.213952
1.097290
0.976114
-0.070170
-0.009203
-0.575108
-0.398711
0.266138
2.434535
2.390070
0.164052
0.000770
0.844232
0.195694
0.201812
2.461030
2.343776
2.319793
2.368074
2.347515
0.127204
1.099638
1.079099
2.358986
2.353055
2.351407
0.252706
0.908646
2.372284
2.276606
-0.299003
-0.228157
2.309024
0.354604
2.337927
2.266132
0.722304
0.774668
2.337473
1.004397
2.337351
0.928418
2.426073
2.375649
2.418085
2.330956
-0.289796
-0.039689
-0.299848
0.913782
-0.511272
-0.315980
2.402619
0.055136
-0.238381
0.805863
2.361454
0.775832
0.819629
0.438977
0.182545
2.402690
2.384928
2.342029
-0.199987
-0.077361
2.384631
2.352498
2.346992
-0.613911
2.344486
2.374270
2.367061
2.353847
2.380666
1.191307
2.370846
2.319331
2.354491
2.374153
0.579747
2.473205
0.501061
0.452067
-0.361202
2.395872
0.967763
2.311036
2.370266
0.574241
2.407519
-0.531600
0.577534
2.349338
0.921188
-0.595045
-0.628989
0.035092
2.326052
0.228518
2.391853
2.399425
2.309312
2.371530
1.196598
-0.521332
1.223089
2.366770
0.292532
-0.234526
2.301758
0.884263
-0.437477
2.350365
2.295470
2.418353
2.460060
0.795933
2.367069
-0.490216
2.310743
2.417134
2.382528
-0.236328
0.777775
-0.593885
0.729180
0.537828
2.363331
2.308704
0.781445
2.308054
-0.541665
-0.536308
2.360938
2.368640
0.886580
2.382098
-0.521636
-0.233069
0.875455
2.358007
2.431104
2.315347
2.353208
2.375009
2.298372
0.157614
-0.060517
2.329558
2.348111
2.417507
-0.590843
0.925669
2.360849
-0.282686
2.342440
2.408983
-0.489361
1.074696
0.919155
-0.419694
1.125389
1.065705
2.433140
-0.568078
0.088213
-0.106437
2.386225
-0.580385
2.356842
-0.163311
0.683940
-0.275180
2.346744
2.360982
2.373134
-0.551592
0.417802
2.359311
-0.636445
2.354678
-0.537770
2.368709
1.059790
2.364714
2.357624
0.450887
-0.594515
2.381035
2.368212
-0.618177
0.828573
0.416203
0.504891
2.354137
0.123614
-0.558997
2.361518
2.330933
-0.485485
0.503064
-0.028754
0.838352
2.432924
0.033661
2.302019
2.360076
2.340413
2.349485
2.353990
-0.339770
1.158772
2.371605
-0.160686
0.769625
2.332165
1.141205
2.464941
-0.601343
-0.681518
2.392717
2.345361
-0.406564
1.097758
0.041285
0.528768
2.390888
0.294896
2.290566
2.343852
2.350042
2.358410
2.346305
-0.343856
0.307437
0.473886
0.913826
2.387941
2.319455
-0.557214
-0.055271
2.419474
-0.399532
2.363005
0.547733
-0.622259
1.237142
-0.405353
2.348863
2.347019
2.390769
2.428816
-0.549206
2.395317
2.312879
2.329396
2.366829
2.351211
2.354474
1.150424
2.369351
-0.500813
-0.313342
1.104522
-0.040200
0.410880
2.372924
-0.117757
2.348168
2.367614
2.365628
2.349100
1.157675
2.341684
2.361070
2.364236
2.338741
2.282438
2.340377
0.546189
0.863239
2.370940
-0.100028
0.610935
2.455185
2.366562
-0.064211
2.370104
-0.617641
2.378101
0.803078
-0.582616
2.330989
2.342441
2.356617
1.156472
0.741056
0.708947
-0.546772
2.373164
0.643507
2.375460
-0.627854
0.330982
2.384182
-0.447177
0.632389
0.915018
2.355260
1.192651
2.379205
0.483798
2.357112
2.407476
2.432947
2.330495
2.325681
1.254833
2.359238
-0.487314
0.383554
-0.027281
2.360832
2.364720
0.296672
-0.589801
-0.313500
-0.576346
2.371815
2.328728
2.323572
2.402469
-0.021699
-0.032313
2.353928
-0.550784
2.406046
2.396095
2.318985
2.359414
2.420991
2.369493
0.030556
2.372717
2.319395
2.357669
1.152817
-0.172573
2.384333
2.343928
0.570800
0.504945
1.136551
2.378699
2.343610
2.376779
2.351252
2.342578
0.017384
2.361894
-0.040887
2.390456
2.374869
-0.141935
2.368895
-0.591521
1.033375
2.344453
2.367942
2.444213
2.377830
-0.036501
2.374284
-0.445652
2.383692
2.334735
2.353645
0.854970
-0.466150
-0.155237
2.323366
0.069969
-0.475018
2.327198
0.898115
0.573337
1.000954
2.362187
0.561951
0.902600
-0.357972
0.334839
2.355862
0.695715
0.823149
2.362442
-0.360206
2.389397
0.089918
1.148921
0.464302
2.340512
0.364746
2.348839
0.302777
0.262323
2.339225
2.316657
1.199245
-0.442137
2.371979
2.362337
-0.345700
0.939009
-0.298075
0.662831
0.549253
-0.065337
0.825369
2.382273
2.364660
2.362953
2.371740
0.960372
-0.352912
2.350716
2.459296
-0.470943
2.357762
2.399858
2.374109
-0.050682
0.330769
2.416651
2.333705
0.118550
0.389392
0.520516
0.612071
-0.167763
0.492637
2.389596
2.383812
2.357552
0.781968
-0.256500
2.362541
2.403265
0.342388
2.323056
2.336373
2.348289
2.349502
-0.109882
-0.546395
0.452756
0.031198
0.057599
2.368891
2.328978
-0.502313
2.353395
1.063886
-0.093434
2.299498
2.389647
2.364260
2.385520
1.197316
0.257088
2.378685
2.306087
2.417908
0.745213
1.145711
-0.606474
2.352882
2.343711
2.367281
-0.365955
2.384505
1.233666
2.377095
0.563363
1.170252
-0.189772
2.421684
-0.649504
2.378692
2.386305
0.845350
2.401655
-0.440120
2.356255
-0.681238
0.819398
2.382784
2.328903
2.349697
1.103625
2.307885
2.381673
-0.481115
0.790821
2.394746
2.383108
2.359938
2.336657
2.341809
2.356953
0.710135
2.349439
2.364421
2.368471
2.364577
0.822770
2.411494
2.299969
2.410515
0.651916
2.316418
2.362305
2.328415
0.843750
0.582925
2.355534
1.044019
2.397258
0.172528
2.335418
1.180567
2.286163
-0.059748
-0.409287
2.369714
1.164298
-0.103689
-0.160088
0.265338
2.366147
0.948679
2.299591
2.361295
2.226290
2.371191
0.823682
-0.109275
-0.397835
2.269278
2.401959
-0.408606
2.425478
-0.184255
0.570641
0.928515
2.367715
2.368824
0.893772
-0.318003
0.023667
2.309025
0.363862
2.380779
0.449694
2.375544
2.338786
2.350043
0.866569
-0.547275
0.360756
-0.617366
2.339755
2.380436
2.337700
2.353558
2.426915
2.397702
0.325906
2.378242
0.766719
2.328663
2.378107
0.462735
0.204859
2.384833
2.368942
2.367799
0.132413
2.395529
1.050766
1.077266
0.915638
2.360103
2.363135
-0.222326
2.254587
2.404702
2.356614
0.106903
-0.493752
-0.425328
2.402653
2.373291
0.903626
2.347416
1.217312
2.400456
0.005902
0.394691
0.267837
2.396518
-0.318670
2.364250
-0.420756
2.367708
2.333045
2.356643
2.363104
1.109170
-0.412431
-0.352556
2.268819
0.019459
-0.576467
0.048030
-0.234582
0.945847
2.393538
-0.596584
0.219441
0.625122
0.436034
2.340861
0.097862
2.299810
1.118732
-0.514394
1.036421
2.315548
2.321684
2.333279
0.663824
2.338990
2.329538
0.375533
0.707768
1.202894
2.323288
1.078038
2.362932
0.871804
-0.411990
2.342916
-0.288211
0.887366
2.350724
2.389147
2.348498
2.395762
2.398362
-0.651520
1.118160
0.269029
0.088021
2.352838
-0.475511
2.386863
2.380809
0.473426
2.365169
2.370271
2.386159
-0.114376
0.888098
2.351352
2.387649
2.379438
2.396369
2.400737
-0.401133
2.370750
2.339627
-0.004506
1.213324
0.268932
2.367544
2.341304
2.360503
2.323801
2.323202
0.880394
0.545949
2.406673
-0.607776
2.337514
1.138865
2.331794
2.386810
0.692914
-0.103000
2.379299
1.038400
2.343070
-0.503448
-0.634996
2.367658
2.359603
2.397221
2.371578
0.075208
1.133019
1.070379
2.309411
2.331268
2.340194
-0.184914
2.322600
0.921879
2.339841
2.367278
0.272407
-0.668996
0.161614
1.185341
-0.532926
-0.536285
-0.456086
0.188119
2.332335
2.344426
0.768600
2.380233
2.372535
2.378205
2.305573
2.372981
2.395616
2.425637
0.758121
2.359490
0.328114
-0.420700
-0.386013
0.522475
-0.027319
2.329378
1.265733
2.369591
0.927172
2.347721
2.370970
2.347803
2.339978
0.326245
0.273671
2.343862
2.333844
2.331481
1.163978
2.395853
2.376355
0.793872
-0.474955
-0.550857
-0.500819
2.329992
-0.076484
-0.511543
2.366011
2.314035
2.359009
2.383070
1.222492
0.389522
2.363767
2.362143
-0.157835
0.846209
0.302354
-0.057249
0.958120
0.865847
1.166712
1.047321
2.427461
-0.538167
0.851821
2.393769
0.642706
2.304741
0.021999
2.348451
2.386187
2.378773
0.137602
2.366871
2.382665
2.365006
2.254532
2.369240
0.305819
2.310425
0.076010
0.255110
2.399142
2.330082
-0.337817
2.357814
2.409123
2.362983
0.859141
0.490206
-0.231726
2.340134
-0.315231
2.342119
2.383422
2.387101
2.321200
-0.166218
2.315068
0.028135
2.350066
0.028917
2.408861
-0.164703
0.524988
0.810169
2.383309
2.356464
0.996921
-0.332655
-0.592340
2.453855
2.392988
0.278110
2.334335
2.411476
2.335523
-0.185348
-0.586999
2.387746
0.584871
0.736259
0.939051
2.383123
-0.595160
2.385605
-0.552955
-0.084174
1.125611
2.365500
0.503724
2.382970
2.367865
-0.383048
0.751270
-0.521549
-0.560186
-0.551106
0.536691
2.353326
0.855601
1.052234
2.365432
2.348120
0.847533
0.001071
2.310380
-0.227425
-0.525740
2.372285
2.350110
0.313383
2.338123
0.901417
-0.391866
0.662962
2.370353
2.357015
2.353744
2.326104
-0.620531
0.518498
2.405150
-0.041917
2.410479
2.326720
2.317227
1.150894
2.335590
-0.123497
2.327122
1.095758
-0.231669
2.451976
1.038780
-0.488686
0.527614
2.389477
1.001380
2.406998
-0.453705
0.284396
2.401104
2.347397
0.356771
-0.497053
0.917483
1.031200
2.390016
-0.602602
-0.241000
-0.333408
2.361968
1.300587
2.368414
0.593061
1.240389
1.097523
0.956015
2.347881
-0.114924
2.353985
2.353586
2.319976
2.326386
-0.103609
2.342777
-0.051527
2.377112
2.363491
2.311499
0.242053
2.372534
2.363916
-0.524981
0.792478
2.358025
-0.281775
2.368548
0.492479
-0.572329
-0.188653
2.314119
0.232186
-0.521601
2.343442
-0.026143
1.133441
2.422543
0.804165
0.678801
1.008104
-0.284153
2.387657
2.404349
2.343815
0.509507
2.352867
2.346339
2.365798
2.410181
2.415938
2.380859
-0.041355
2.360368
2.310952
-0.588022
2.371140
2.329436
2.363536
2.325540
2.342500
2.301065
0.599399
2.385678
0.755600
-0.606514
2.344945
2.377239
-0.004449
-0.499127
2.319473
0.312888
2.322278
2.376380
0.891768
0.975405
-0.571418
1.251255
2.356802
-0.475091
0.373316
-0.026238
-0.261774
2.381750
2.361405
1.211925
0.603892
2.388271
2.369286
0.008144
2.403138
0.026860
2.338184
0.690989
2.379947
2.359337
2.341938
0.871823
2.415553
0.707461
0.273900
2.371444
0.844947
0.420895
-0.549872
-0.137503
0.966314
2.358234
0.151605
0.081892
0.220400
-0.065872
2.378816
2.429207
2.355898
0.173792
0.240200
1.032813
2.286883
0.593316
0.661125
2.397062
0.119115
2.379083
2.375788
2.342015
-0.600498
-0.500573
-0.659242
-0.351390
2.382627
0.048497
-0.409254
2.395437
0.644481
-0.115831
0.170635
0.865960
0.454212
2.255923
2.327486
-0.459911
1.003517
2.391145
2.307184
2.341126
2.377311
0.117713
2.328120
-0.617102
0.340865
1.049446
1.162926
2.329650
2.356148
2.287349
2.460287
2.391116
2.347518
2.348092
-0.468652
2.336629
-0.138236
2.353418
0.567556
2.345169
1.010908
2.361583
-0.538508
2.381156
2.338999
2.387725
0.975406
2.366203
2.400405
-0.598548
0.887906
2.409490
2.337088
2.385503
2.348262
2.344073
2.354389
-0.610536
2.369174
0.424274
2.355222
-0.562908
-0.600425
2.336981
2.420712
2.381424
-0.083997
2.399284
2.344271
0.334579
0.923378
2.308724
2.414472
2.315607
2.347470
2.374942
2.373801
2.331945
2.382289
2.414800
2.323795
0.281392
0.882979
0.619785
2.341233
2.342097
-0.210713
2.376303
2.288367
2.319790
-0.050643
-0.263135
1.220733
2.276025
2.352067
2.296827
0.425058
2.361746
2.357542
1.269746
2.323845
-0.108365
-0.555254
2.360991
2.370273
1.042284
0.927530
-0.021237
-0.577123
2.399762
1.016377
1.062976
0.669439
2.344392
2.354201
2.393165
2.345415
0.842378
2.402083
-0.189166
2.361609
2.362645
1.223314
-0.510529
-0.560042
2.362420
0.725011
2.374642
0.237400
2.320176
2.357480
0.314736
2.387024
2.349297
0.706669
2.346089
2.358060
2.312983
2.315279
0.540396
0.046072
2.368614
0.903166
2.373123
2.344765
2.400216
0.427141
2.352167
-0.548720
2.363094
2.347039
2.359106
0.496669
0.870254
2.350014
2.393549
0.060603
2.364478
0.016663
0.685908
2.345700
0.167050
2.348561
0.273893
2.380721
2.360666
2.308015
2.354702
-0.172004
2.321027
0.901097
2.362463
1.178347
-0.399724
2.337612
2.313324
-0.518945
2.341047
0.145225
2.369068
2.353418
0.743968
2.339774
2.337455
-0.573376
-0.100503
2.371519
2.343185
-0.352251
2.426205
-0.161570
0.481664
0.171385
0.012391
2.352707
2.362864
2.408601
2.359629
2.355285
0.695678
2.362802
0.367815
0.791714
1.141102
1.013391
2.345023
-0.340138
0.386727
-0.559999
-0.435754
0.300670
2.341194
2.372128
2.347914
2.367793
2.311879
0.019252
2.361115
2.335406
0.844898
2.324629
0.630839
2.385272
2.327228
0.675563
0.921099
2.354286
2.317465
1.155004
2.416346
-0.262134
-0.636560
0.022960
2.365770
-0.494558
0.160953
2.359865
2.336204
-0.135445
1.203424
2.375113
2.217974
2.338946
2.365345
0.117351
0.657167
0.268063
2.365490
2.303160
2.367453
1.227513
2.333666
2.335201
2.289202
2.419582
1.033676
0.129089
0.965117
-0.023964
2.331838
-0.164173
0.084824
-0.264361
2.352672
0.068902
0.763252
2.360971
2.353913
2.355780
2.416763
2.327750
0.874029
2.342141
2.378442
1.088158
-0.444068
-0.415476
2.329482
-0.116895
0.367649
0.761371
2.334273
0.893233
2.215560
0.970909
-0.308782
0.865551
-0.569039
0.614319
1.175248
2.383348
-0.135735
2.372109
2.407497
0.794741
0.078813
2.266296
2.430724
2.393760
0.365250
0.390295
2.286929
2.335983
2.337196
0.743114
2.432352
0.847033
1.081022
2.402946
2.367504
0.513843
2.343469
2.323790
2.410316
2.382335
1.182364
2.388170
1.131045
-0.274467
2.322549
0.293076
0.089659
1.091839
-0.326174
1.278909
2.408069
2.363516
2.363857
2.311186
-0.143804
2.366093
-0.581188
-0.492381
-0.284176
2.374487
-0.580137
0.467012
2.400398
-0.104956
2.349487
2.365818
2.366426
2.321659
2.413271
0.800905
2.338436
0.172147
1.013955
2.364346
-0.420238
-0.247507
2.377386
2.389052
2.417185
-0.076764
-0.145949
2.401957
0.007390
0.005865
0.687006
2.361720
2.472654
-0.482337
-0.320184
2.314754
2.409164
0.811775
2.385242
1.053785
2.398399
-0.557624
2.452902
2.355030
2.383814
-0.498860
2.372459
1.117109
0.559658
0.258797
2.361155
0.494040
2.386167
-0.320674
-0.528460
-0.150390
-0.457301
2.348077
2.363375
2.389439
2.369912
2.353763
0.439808
2.381072
2.352184
-0.179559
-0.585088
2.298229
2.361124
1.148515
0.143758
-0.286359
0.055259
2.377294
2.385346
0.802914
2.390702
2.399614
0.750022
1.216935
2.349132
-0.542359
-0.163841
2.362774
-0.571112
-0.757994
2.376794
2.328790
-0.454670
2.400139
2.330549
0.229540
1.053337
2.347735
2.370034
-0.046711
0.313687
0.005314
-0.090177
2.391903
-0.126938
0.978371
2.416386
2.407743
0.574729
0.413991
2.321384
2.335981
2.318522
2.316306
2.338423
-0.554332
0.685230
2.365511
2.364893
0.920622
0.731632
0.009954
2.337581
0.575364
2.291408
2.326935
1.195415
0.094216
2.351856
0.421154
0.956783
2.365689
-0.092522
0.925669
-0.292953
2.377945
2.306437
2.341322
-0.094038
0.381646
0.424921
-0.406846
1.268911
-0.331003
0.095400
2.344754
0.375505
2.342596
2.382987
2.396492
2.371196
1.026557
2.299892
0.972443
2.341583
2.380068
0.593072
2.376059
2.319246
2.400256
2.391106
2.365404
0.099455
2.368878
2.366193
2.342344
2.363573
-0.081220
-0.544352
0.510156
0.628563
1.085775
2.389209
0.732829
2.340378
-0.621830
-0.135274
0.661419
2.366563
-0.537789
-0.464732
2.358934
2.380082
0.831515
0.747306
2.327736
-0.575651
-0.560252
-0.583052
2.365805
-0.547845
1.184968
2.366999
0.848992
2.324694
2.368591
0.481346
1.202533
0.280451
0.026897
0.610773
2.376385
2.324515
-0.097504
2.320982
0.237128
-0.591949
0.108334
2.375444
-0.554090
1.034388
-0.205693
1.195064
2.407656
-0.152172
0.229502
2.370390
2.354903
-0.428069
2.293849
2.388961
-0.336319
2.322348
1.039868
-0.281469
2.327060
2.363013
0.292649
2.362656
2.383344
0.820580
0.774452
-0.467370
0.423910
1.109824
0.968465
2.419054
2.371578
2.390361
-0.394882
0.745783
-0.223314
-0.592509
0.286951
2.347448
2.347709
0.325322
2.335743
1.199190
-0.120345
0.983120
-0.493474
2.342538
2.394059
2.385887
-0.194910
1.210969
2.356113
2.357022
0.163029
-0.568621
0.042471
2.330530
-0.066904
2.365623
2.351792
2.392793
-0.323520
2.352261
2.350065
0.211855
2.345214
1.060527
2.401119
2.321590
-0.523727
1.255691
2.333488
2.365609
1.175333
0.616139
2.348704
2.339412
2.353278
2.362533
2.404425
2.355864
0.962430
2.416707
2.350921
1.064590
2.328103
-0.597415
2.387554
1.145491
2.348974
2.383389
0.714397
0.903787
2.372147
0.243640
-0.026705
2.369046
-0.534319
-0.363613
2.357984
0.728245
0.295079
2.365162
0.260323
2.362524
2.368558
2.327525
2.331293
0.119051
2.357591
0.993918
-0.266761
0.454205
0.394583
2.410925
2.374460
-0.535034
-0.157042
0.183451
2.366858
0.852432
0.839474
2.362419
-0.635278
2.327076
2.349950
2.369208
-0.563528
1.111672
2.337934
2.320817
2.291010
2.334366
2.363463
0.362026
0.498476
2.366191
0.721426
1.079397
0.542614
-0.033831
0.844855
2.340416
0.970776
0.253780
0.415902
0.986657
0.329529
2.370199
2.381129
-0.216767
0.566438
-0.603043
1.219268
2.317768
0.834544
0.088946
1.064901
2.344001
-0.128300
0.388799
2.322983
2.362729
0.560022
0.082611
1.052442
2.383822
-0.292020
-0.078713
0.063470
-0.258128
0.553019
-0.130503
-0.309828
-0.529417
0.076769
2.205234
-0.048234
0.696754
2.346933
2.310914
-0.564115
0.531127
1.181800
-0.012426
0.025656
0.124567
0.901908
2.381105
2.351496
2.398731
2.498182
2.289408
2.370358
2.333359
2.337565
2.378737
1.142063
2.335473
2.348043
2.316222
0.400511
2.376170
1.039668
-0.361293
2.351123
-0.045840
2.402624
2.360285
2.380870
2.330818
1.193976
2.395418
0.509868
0.966255
2.331324
2.365920
0.351860
2.375291
2.373323
2.312909
0.714809
0.710923
2.312530
2.366575
-0.593159
0.301455
2.408025
0.744101
1.242208
2.323572
2.351586
0.740157
2.358528
-0.422243
2.347582
0.376192
2.357193
0.302782
2.352526
2.311405
-0.167923
0.728785
2.360595
2.349759
-0.495711
2.423362
0.495702
2.406969
0.073191
-0.447049
-0.299775
0.933064
2.392924
0.488711
0.495092
0.637456
-0.290730
2.391191
0.186998
2.385171
2.355995
2.362326
2.348413
2.357937
-0.132786
-0.587231
0.997228
2.390697
0.158025
2.377900
-0.566632
2.323308
2.342591
2.342105
2.322711
-0.011276
2.382015
2.352220
2.409109
2.339254
2.338403
2.354160
-0.481727
2.372976
2.372107
-0.425081
2.368581
0.499147
2.415596
2.317954
1.174269
0.544903
0.923610
2.373721
0.905448
2.398546
1.175410
-0.577377
2.404008
2.356679
2.347149
2.443924
2.380311
-0.291059
1.165996
-0.175195
2.321164
-0.350599
-0.168456
1.077509
2.375735
-0.559628
2.326774
2.327384
2.395946
-0.551050
2.402473
0.036621
2.349905
2.385796
2.361069
2.374851
2.384306
2.365903
0.406183
-0.245046
0.517316
2.455844
2.339075
2.337420
2.404704
0.643112
0.581284
2.400048
2.298776
2.325948
2.317321
2.338028
2.341585
-0.141298
0.892550
0.747332
2.397229
2.367890
2.437153
-0.272580
0.105181
-0.222374
2.347271
2.335462
2.336587
2.351849
2.343810
2.402525
2.359703
0.762752
2.335488
2.389949
2.434324
2.371037
0.811506
0.918229
1.069222
1.167750
2.377211
-0.379095
-0.546017
-0.586296
-0.126599
0.756091
0.502757
2.376321
-0.328042
0.436553
0.353293
0.404864
2.386870
0.183403
0.136827
2.385976
2.339070
-0.556049
2.392875
1.155769
2.371074
2.436954
1.076339
0.235800
2.414357
0.818915
2.374531
2.333633
0.869710
2.328629
2.356294
-0.025274
2.394526
-0.494295
-0.267611
-0.231582
2.356897
2.374331
2.374802
0.770444
-0.340230
1.035564
2.337356
1.240576
2.425440
2.339554
2.349899
0.749549
0.945766
2.371879
0.919175
2.332190
2.335531
-0.599643
1.160024
2.272144
2.380431
0.417925
2.359523
2.377506
1.161698
0.874389
2.306722
2.336478
2.368004
1.099699
-0.320500
0.468448
2.382229
2.332981
2.344694
2.357905
2.342547
0.205743
0.113839
2.388455
2.370701
0.740705
0.608397
-0.603421
2.396868
-0.228916
2.362339
-0.094279
2.383772
2.375531
0.666515
2.360279
2.385100
0.644441
2.301566
1.261605
-0.168475
2.376665
-0.306705
-0.024326
2.298354
0.979984
2.228228
0.076180
0.658830
2.365835
0.550491
2.294562
2.368177
0.711822
0.530341
2.325905
2.385979
0.195527
-0.249351
-0.124965
0.453373
0.899471
2.315853
2.351396
0.958846
0.934649
2.340379
-0.053241
0.921616
-0.450419
-0.569969
2.353525
-0.108661
-0.522768
0.947683
2.412824
2.354543
2.408168
2.351330
2.306808
0.639174
2.346287
0.527553
0.347279
-0.336773
0.204264
2.398400
2.340247
0.140795
0.662388
-0.539579
-0.445340
2.339031
-0.454555
-0.465242
0.663715
0.818042
2.327139
2.354890
1.258685
2.278557
1.173541
0.913501
2.331719
2.426056
1.005652
2.390394
0.706449
-0.564682
2.323624
-0.109950
-0.559396
2.347356
2.363371
1.226317
2.409633
2.401238
1.091815
0.687981
1.174268
2.352238
2.418428
1.164284
-0.133949
1.236111
2.433485
-0.633213
2.304593
2.387943
-0.543692
-0.671735
2.386525
2.348030
2.354029
2.274833
0.504328
2.358439
1.182129
0.678848
-0.091438
2.359498
2.376155
0.833004
0.250202
2.314104
1.160189
2.396830
2.366795
2.353732
2.353054
2.381626
-0.268080
2.356609
-0.525466
-0.646549
2.363476
0.630817
2.404937
2.394235
1.134982
1.080796
2.348562
1.096505
0.506358
2.363702
-0.010992
-0.522876
-0.494805
2.352981
2.343289
0.585944
2.354690
1.265463
0.280191
2.341917
-0.583124
-0.195441
2.324792
2.384930
2.294427
0.893455
2.378404
-0.088822
2.309605
0.524167
2.350044
0.287637
-0.470644
0.779436
2.367199
2.352710
1.213608
2.423789
0.583456
0.393176
0.989840
0.414435
2.352769
2.325640
1.078077
0.522960
0.696656
0.530288
0.684803
0.640068
1.123999
0.179649
2.364231
2.279062
2.344435
0.820191
2.376569
0.248434
0.063642
0.745342
2.390420
2.417398
2.330311
2.354531
-0.038950
2.350516
2.324266
0.390601
2.378227
2.342918
2.312966
0.222037
-0.495368
2.308951
0.900100
0.124334
2.390808
-0.583145
2.369784
2.293797
2.370075
2.372389
0.254296
2.318341
2.371020
2.302001
0.646983
2.327237
2.377276
-0.164928
2.358846
2.371655
2.327468
0.770302
2.383928
2.451576
-0.200106
2.351346
2.367983
-0.562419
0.685044
1.205995
-0.263288
1.130070
0.558999
0.651966
2.396888
-0.606109
0.599820
-0.391048
2.335905
2.369539
2.346287
2.357359
2.416420
2.390974
-0.423357
-0.000624
1.179296
2.372948
-0.500962
-0.241227
-0.541301
0.884915
-0.032932
0.417657
2.325496
0.241128
2.386516
0.207385
2.355477
-0.339789
0.657886
1.106908
2.359282
2.347766
2.441766
2.416753
0.476097
2.367933
-0.571347
2.330432
0.630287
-0.608940
0.729067
1.023554
0.910565
-0.133996
1.049006
2.334965
0.725824
0.263004
2.369476
2.374840
-0.012702
1.217380
0.658927
-0.572673
2.389778
0.588789
2.352562
1.088903
1.046736
1.183072
2.336530
0.115573
-0.011191
-0.361293
2.363055
-0.036614
0.313340
2.368976
1.128258
2.368947
0.241995
0.395346
2.362065
2.357218
2.374226
2.303206
2.356450
2.394086
2.390970
2.344272
2.356753
-0.544305
2.372748
-0.212099
2.365183
-0.627872
2.338191
2.356438
2.360635
-0.150290
2.367571
2.334646
-0.422491
2.414355
0.368480
0.487817
2.360707
0.394492
2.356354
-0.578343
-0.634935
-0.572289
0.643534
1.132530
2.343679
0.307385
-0.305550
2.321655
0.895052
2.326711
2.435248
2.401167
0.837861
1.115275
2.297786
2.346418
2.357361
-0.147389
2.401775
0.835054
-0.494043
2.349589
2.386320
2.353407
2.356087
-0.530251
2.363895
0.278377
0.142691
0.029094
2.432251
2.401189
2.374781
2.382732
-0.499992
2.341346
0.807813
-0.360913
1.094316
-0.240390
2.370887
-0.332106
-0.089022
0.848898
2.368174
-0.252945
2.381958
0.213180
0.584867
-0.581244
2.351145
2.334399
0.478527
2.360867
0.658358
2.404973
2.351287
2.385319
-0.372969
2.386060
2.340090
0.536394
0.403861
2.356953
-0.036596
2.400672
1.122187
-0.093900
0.519686
2.393461
0.369192
-0.454909
0.352538
0.969354
0.353782
2.331879
2.364920
-0.109582
2.350724
2.249032
2.315441
2.315292
2.339102
-0.019070
1.208403
-0.016660
0.108245
-0.240793
2.373556
-0.494582
2.335166
1.168795
2.348353
0.362985
2.347333
2.443131
0.573613
-0.024309
2.327487
2.349829
-0.369756
0.708700
1.032371
2.371469
2.334176
0.349176
2.357021
0.504555
-0.600850
0.177598
-0.591744
2.370567
0.854645
-0.424868
2.373049
-0.585748
1.242319
-0.531532
2.407136
0.650148
2.360173
0.955534
-0.400531
0.223398
0.377421
-0.318814
0.436148
-0.331029
0.807617
2.346527
-0.252353
0.628884
2.372795
-0.601307
2.336775
2.403157
2.389112
2.401967
2.368438
-0.103813
0.407953
2.363999
2.373060
2.296986
0.695999
2.309615
-0.242279
0.975356
2.381321
-0.309829
0.747449
2.364368
-0.217405
0.623232
2.373666
2.334217
0.696500
2.385634
2.391289
2.325319
2.353974
0.659782
2.413257
0.715017
2.367348
1.003274
-0.394684
0.422031
-0.577878
2.432036
2.370910
0.162898
2.384951
2.389616
2.421882
2.369780
2.333304
-0.177021
0.331363
2.394823
-0.127848
2.369754
2.364794
2.412370
1.007236
0.706972
2.378422
-0.583448
2.401762
2.381164
0.971599
-0.170213
2.268485
2.315086
2.344496
2.391525
-0.258358
-0.383591
0.799937
1.213084
0.238566
-0.255988
-0.434353
2.340386
1.091288
0.639412
2.330849
0.602579
-0.521163
2.375500
2.382853
-0.049790
0.971616
2.372659
2.392046
0.710154
2.315886
2.410661
0.079854
-0.426571
2.393418
2.358345
2.359087
0.747977
2.259841
2.353484
-0.602118
-0.567724
2.397368
2.337331
2.356279
-0.311752
-0.383388
0.774487
-0.363052
2.323510
2.377960
1.156308
2.297067
2.361715
2.382666
-0.528167
-0.608884
0.067587
2.405932
0.053341
-0.340592
2.344192
0.233384
0.816847
0.006245
0.989879
2.371159
2.356342
2.334462
1.138748
2.356868
2.342939
2.323181
0.566323
2.300959
2.325064
2.377459
0.750732
-0.351847
0.581954
2.405005
-0.483414
2.326630
2.305652
1.210117
0.581445
2.366531
0.808948
2.370374
2.380119
0.278072
0.635178
0.632604
2.343476
0.278004
2.440018
2.387211
1.198571
2.408352
0.911038
2.371617
1.138580
-0.530349
2.370025
2.361503
2.334818
2.403009
2.383978
0.825894
2.354629
2.405332
1.116416
0.972494
0.297684
1.271240
-0.413028
-0.545654
-0.191311
0.821902
-0.204218
0.525312
2.358584
2.359141
0.347616
-0.556105
2.449659
2.344439
2.372534
2.314874
2.350229
2.322631
-0.099724
2.333374
2.382624
-0.618315
0.743329
0.611889
2.333674
0.245645
1.142248
-0.542286
2.366548
-0.582642
2.346971
0.704755
2.350616
0.019226
0.988583
2.404413
0.218141
0.928687
0.564752
-0.558124
0.128555
-0.397905
2.425390
2.347034
2.397400
0.106525
-0.628260
0.189141
0.163419
0.100226
2.343518
0.955840
1.016903
0.845189
2.387217
0.556773
2.362243
-0.365192
2.358780
2.391292
2.390676
2.398210
-0.152320
2.316966
-0.565776
0.796668
2.402936
2.344684
2.329533
2.357552
2.398842
-0.428197
2.363991
-0.418743
2.320244
2.331568
2.345342
2.382359
2.334698
2.377267
0.630122
2.349730
0.558710
2.324929
2.369888
1.161811
2.439709
2.364532
1.190244
2.353635
-0.408147
2.355915
0.735578
2.356977
-0.243801
0.161256
2.354254
0.342156
2.380508
2.367751
0.372377
2.349085
-0.642957
0.569244
0.503451
0.464379
2.367982
2.272838
2.350799
-0.160130
0.574277
0.038219
0.045887
0.119966
2.332046
-0.395364
2.331455
2.345029
-0.390874
2.348354
2.324776
0.983973
2.332461
2.322356
1.136633
2.351327
2.320631
2.366371
0.566175
1.116689
0.138298
1.177363
-0.493771
2.385718
0.074758
2.394892
2.411517
0.197472
0.287118
2.353582
2.369393
2.396937
0.921933
2.348012
2.362456
2.357226
0.047904
2.450466
0.929439
2.314501
2.379639
2.366329
2.403296
2.354579
1.151270
-0.521251
2.374548
2.306214
2.363986
2.377745
2.398096
2.337944
0.466446
0.634295
0.488815
-0.200307
2.363353
0.606176
-0.648065
2.317240
2.389183
2.365631
0.672424
-0.273648
2.342093
-0.609995
2.365814
-0.360666
-0.480602
2.383380
-0.594385
2.304542
2.358050
2.359295
1.148827
-0.548015
0.635570
2.398985
2.331337
2.333108
0.728081
1.254273
1.005367
2.386862
2.326824
1.214611
2.387798
2.362816
0.625888
2.392398
2.281032
-0.537890
1.293069
0.338594
0.310642
0.113895
2.344462
0.289222
-0.419303
2.354186
2.369278
2.385600
2.398941
0.060820
0.907424
2.372253
2.300452
2.365005
2.387193
-0.576845
2.374064
2.375134
2.380324
2.378941
0.060957
-0.540050
2.301918
0.397908
0.801710
2.384802
-0.140956
2.386140
2.333211
-0.552995
2.387599
0.269059
-0.102336
-0.175943
2.371205
2.305239
2.354478
2.403475
2.358739
2.419107
-0.486159
2.352418
2.440976
2.328921
2.329235
2.376310
2.405723
2.356371
-0.205270
2.477184
2.381519
2.395069
2.332576
2.393352
2.367704
2.384520
2.365854
-0.326697
0.752413
1.221162
-0.614218
0.995208
2.281402
2.350928
0.486925
2.344812
0.136379
0.872955
-0.557062
2.324042
2.327977
2.335944
0.700981
2.339738
2.341253
0.860182
-0.609895
0.627513
0.372075
2.430174
0.762173
1.195574
2.340734
-0.019526
2.326981
2.333433
-0.594417
0.700152
0.471473
0.567224
2.349452
0.405023
0.173021
2.309760
2.327252
-0.613442
2.354248
2.320441
0.533745
2.348692
2.406135
2.319360
0.681849
2.363998
0.101780
2.374914
-0.129798
2.413779
2.361280
0.276107
-0.534538
2.336295
-0.184762
2.359279
2.357119
2.363830
2.365107
-0.080413
2.367580
2.338960
0.081348
2.344392
0.575299
2.367742
-0.587422
0.574762
2.315290
2.351970
0.098458
1.149008
-0.156512
0.065467
1.117473
2.358035
2.365790
2.362518
0.879986
0.109926
2.370844
0.155908
1.042091
2.351898
1.037869
2.350944
2.411216
2.357657
2.355577
2.334758
2.343637
0.204168
0.384888
2.367867
0.929265
2.373902
2.364923
2.403571
0.867493
2.369128
2.418574
2.303077
0.723777
2.361383
2.371843
-0.360607
2.372490
1.103507
2.355172
2.368128
2.366415
2.395302
0.123888
2.358167
0.154738
2.395067
0.582878
2.349043
2.381282
0.056967
2.378335
2.299623
2.334348
2.373928
-0.504557
-0.502328
2.340581
0.630334
2.387023
2.446471
2.361775
2.365243
-0.478366
2.344317
2.369018
2.376570
0.314721
2.329675
0.701079
2.358243
0.756760
-0.320901
-0.582250
0.349828
0.475035
0.342344
-0.181817
0.496923
2.355474
2.365850
1.204753
0.889803
2.348458
2.368186
-0.000704
0.872456
2.372821
2.339478
1.085728
0.397297
2.376880
-0.627076
2.361221
0.976747
2.362508
2.372029
0.658828
0.691336
2.426952
2.390196
2.420464
2.390154
-0.510824
0.390210
1.162255
1.040050
-0.371327
2.329820
0.573676
2.366092
2.349360
0.315568
2.384366
0.348786
2.377590
2.322334
0.922143
-0.168678
0.126044
-0.301672
0.878295
-0.100536
1.185263
2.373730
2.337214
0.847132
2.398713
2.333394
-0.062059
-0.558151
-0.429635
2.410008
1.191826
-0.094825
2.354452
0.525483
2.414592
2.289972
-0.396599
2.383613
-0.343992
0.679868
1.001687
0.261085
2.278061
2.353776
2.358531
-0.047056
0.845176
2.339483
-0.333238
0.225118
2.423706
0.224649
2.355705
1.198362
2.371977
1.104215
-0.570683
2.411633
2.356040
2.373495
-0.038514
0.876871
0.112188
2.293162
2.313882
2.275252
2.336601
0.831509
2.351597
-0.637393
-0.513312
0.952381
2.412707
0.221761
0.308919
0.366819
0.222757
0.323217
0.085824
1.257077
0.673728
2.311600
-0.570558
2.399128
2.381122
2.356178
0.516176
2.305827
2.382756
2.420170
-0.577404
2.382105
-0.607933
2.361808
0.767348
0.274018
2.364743
0.837640
2.379686
0.044431
2.356892
2.357272
0.518038
2.372538
2.380305
2.405130
0.426942
0.414781
0.424551
0.433485
-0.173386
0.409191
2.416418
2.335037
-0.228518
0.727175
2.372579
2.359632
1.165865
0.969805
2.331015
2.375149
0.404131
2.372411
0.177832
-0.159692
-0.418575
2.352268
-0.420338
0.501867
0.450420
2.324966
2.347997
0.914219
-0.043640
0.252808
2.346489
0.816454
0.356497
2.349516
0.479826
2.353735
0.812268
2.372051
2.375612
2.370912
0.051510
-0.415593
2.367706
-0.522892
2.383428
1.096134
0.159934
2.399806
2.383354
2.327698
2.391410
-0.205291
-0.209404
2.405809
-0.191212
2.360872
2.351051
2.373039
-0.586168
2.390630
1.159054
-0.537617
2.359294
2.334161
0.332270
2.320407
-0.195029
2.308806
2.350956
2.331071
2.331067
-0.020021
2.339960
1.093329
0.652328
0.536875
2.379899
-0.023647
2.314533
2.386128
2.324901
2.341233
0.421815
0.659168
0.464832
-0.278023
2.351862
0.846531
2.355000
2.348334
0.005368
2.368146
2.367273
-0.358514
-0.550954
2.375192
0.156387
-0.579578
2.323267
2.364817
-0.265056
2.342991
-0.451849
0.271302
2.359558
0.997847
0.292560
-0.038787
0.474342
2.355646
1.216908
2.325651
2.313583
2.362153
2.304120
-0.603833
2.379675
2.369952
0.549930
0.281595
-0.133512
2.319061
2.361196
0.363248
-0.556504
0.648547
2.348704
0.278075
2.417005
1.044097
2.336021
2.386695
-0.603489
2.352087
0.867902
1.080501
2.370209
0.322260
2.362057
0.366931
2.382012
0.524510
1.049149
-0.344971
-0.274916
2.348095
2.407637
1.189330
-0.278126
1.045441
-0.150658
2.369487
2.394704
0.429219
2.308800
2.351790
2.358853
2.348522
0.668746
2.389468
0.950824
-0.004458
0.764704
2.356141
2.417114
0.875763
2.381579
2.388813
2.377796
2.328939
2.387721
2.351484
0.604977
2.400166
2.331950
-0.494119
1.106482
2.364390
-0.542260
2.448316
2.413361
1.009874
0.352785
1.191536
-0.426904
2.341998
2.332624
1.120081
-0.445786
0.513079
0.237615
2.404077
0.794800
0.287104
-0.260117
1.059931
2.348260
0.416063
-0.198771
2.365651
-0.501391
2.410901
2.365654
1.030259
0.769450
2.368152
0.801019
0.436994
-0.526975
-0.327952
2.355192
2.352110
2.308300
2.382771
2.339400
2.346541
2.347010
0.682194
2.320217
2.385822
2.354541
2.400170
0.421564
2.346275
2.321050
0.802725
1.293931
2.300959
0.666866
2.371664
-0.117604
-0.022169
0.540669
0.346617
2.348295
2.324214
2.354513
2.336874
2.425446
2.306768
0.408866
0.295414
2.364645
2.316739
0.280659
1.193756
1.252059
2.390011
2.383784
2.317215
2.344871
2.379666
2.325656
2.376414
-0.698343
-0.000673
2.423910
0.768810
2.301501
-0.408998
-0.334783
2.341751
2.359434
0.395959
0.834425
2.390648
0.165500
1.135378
-0.525744
-0.520080
2.357123
0.930963
2.345217
2.363311
2.372269
-0.173654
2.361857
0.008339
-0.541274
2.352606
2.393394
-0.570721
2.358164
2.376517
-0.086044
2.410498
0.603152
0.043347
2.433915
-0.059926
0.569586
0.226640
2.360639
-0.175332
2.289748
2.343985
0.605043
-0.608903
1.091895
2.369998
2.321576
2.370718
2.376128
0.230298
1.055576
0.320823
1.294884
-0.594801
-0.497683
2.367621
-0.588313
2.347247
0.539775
-0.560523
-0.652390
-0.458879
-0.395442
2.294175
-0.287168
2.334602
2.340064
0.099439
2.408194
2.385046
1.133463
2.333963
1.027853
0.818598
0.238529
2.359166
0.969650
2.348909
-0.575466
2.380708
2.349891
0.352932
2.354859
-0.549876
-0.517193
1.250764
1.301196
0.906627
-0.496705
2.423290
0.219724
0.163029
2.311786
2.328703
2.354658
2.366900
-0.496131
0.502667
2.380595
-0.538136
2.364411
0.648916
1.114569
2.361030
1.080025
2.356400
0.127653
0.175589
0.558471
2.318654
2.371952
2.453937
2.349979
2.369919
0.559423
0.817360
2.373720
-0.501297
2.360356
-0.376850
2.354075
0.314216
2.349465
0.307790
-0.543847
0.899251
2.401233
-0.020634
1.046140
1.176909
-0.421601
2.374559
2.377373
2.311909
-0.362174
0.964527
2.359272
2.419563
2.380721
2.392684
2.366364
-0.575731
-0.497211
2.384927
-0.543319
-0.700448
2.360053
0.521050
-0.378475
2.332482
2.351471
0.804756
-0.073746
2.416606
2.346448
0.073696
-0.083295
0.024214
2.390575
0.582011
0.100779
0.857887
0.096318
2.422686
0.477844
0.874392
0.395268
2.394112
-0.270751
2.385839
0.820765
0.533389
0.893217
-0.632629
2.350418
-0.045276
-0.475043
2.319393
0.162207
0.391286
2.263357
-0.510242
0.061115
2.452480
2.407719
1.009218
-0.565912
0.620151
1.022186
2.390406
0.655460
1.128595
2.375180
2.330571
2.348352
0.631427
-0.141970
2.397682
2.340872
0.022474
0.159435
0.795263
2.358202
0.006532
0.218450
2.338974
2.372864
2.378235
0.016020
2.390452
0.930199
2.371237
-0.167983
1.015096
0.567666
0.715958
2.439555
2.355657
2.368402
1.132053
2.340277
2.344990
2.395182
-0.091765
-0.437296
2.341670
2.354683
0.359572
0.398985
2.347605
2.412505
2.363691
-0.444314
1.255775
2.341610
0.835861
2.371664
-0.575525
-0.407314
1.057122
-0.363988
0.692537
2.408868
-0.058064
0.618364
-0.498927
2.378915
2.375444
2.399532
2.360495
0.424217
0.800792
2.339477
1.149241
1.179327
1.078883
1.012797
-0.603139
2.385926
2.385698
2.376426
-0.588725
2.369349
2.340300
1.176700
1.151667
2.422790
0.178656
2.328553
2.341636
2.345935
2.368291
-0.305505
0.701838
2.428401
2.326146
2.368877
2.383506
0.501463
2.395328
2.380624
2.354654
2.278542
2.390000
2.370309
0.029970
0.764334
2.345772
2.384206
1.212377
2.383444
2.363675
2.351410
2.365966
2.383313
0.692389
1.058633
0.147845
0.025382
2.349272
1.268685
2.358970
2.424419
1.091466
2.359998
-0.334989
0.101597
2.354238
-0.205880
0.766917
1.124543
2.337349
0.130627
2.336254
2.387311
2.348637
2.373026
-0.105929
0.106190
-0.590941
-0.176578
1.130916
2.382117
-0.528289
2.349638
2.354739
2.311099
2.392503
-0.457788
2.368209
-0.314713
0.558628
2.401676
0.576691
-0.581450
2.375335
0.757301
0.648412
2.342694
-0.040911
2.342625
2.369708
0.922638
2.356703
2.367623
2.348222
-0.465572
2.341749
-0.202502
1.113422
2.402488
2.338127
-0.137151
0.032599
2.347772
0.977007
2.355235
2.347572
2.316084
1.131314
-0.223465
-0.548396
2.322793
2.368411
0.436580
-0.454960
2.377362
0.265847
2.454212
1.081235
0.960344
-0.058648
0.254942
2.325224
2.368273
2.297959
0.965263
-0.068268
0.746533
2.347323
2.354121
2.362354
2.389657
0.142849
0.089770
0.696482
0.103127
0.634040
-0.089025
-0.556646
0.758036
2.437100
2.381855
-0.052597
2.329185
-0.221524
2.383590
0.494330
-0.409664
2.304179
2.376537
0.452558
2.327496
2.330684
-0.441326
1.130028
2.287988
0.996798
2.399862
2.374394
-0.641931
2.381459
-0.043718
2.377942
0.929431
2.374588
0.533061
1.046470
0.719523
-0.557267
2.320939
2.308262
2.406082
2.335203
2.414692
1.036297
1.016286
0.918975
2.382055
-0.499117
2.325113
2.377384
2.352350
2.347290
1.212149
2.411308
0.925381
2.377916
1.254768
2.293567
1.211038
0.769596
2.384040
2.354078
2.382119
0.488781
1.063176
-0.382713
1.157182
0.523656
0.528079
0.646112
0.957920
0.030611
2.324441
2.292872
0.431195
0.782035
2.302361
0.912727
2.401210
2.332831
2.355579
-0.302958
2.457292
-0.529775
-0.463078
1.186475
2.322670
2.324933
0.583498
2.343714
2.374283
0.664682
2.353160
0.454802
-0.392858
2.334902
1.023387
2.384110
0.770555
0.894018
2.413597
2.439359
2.362300
-0.070311
2.439987
0.675319
0.359033
1.123143
-0.041607
2.386080
-0.246410
2.326642
1.209520
-0.489893
-0.545215
2.366269
2.374507
2.318612
-0.498651
2.372350
2.364445
-0.561689
2.369830
0.283149
-0.555915
0.265040
2.375220
-0.534354
-0.473190
2.358358
-0.046585
-0.573721
0.282388
-0.047717
2.396164
2.356070
2.344778
0.255476
2.384928
2.327825
2.372537
0.652004
2.369358
0.958823
-0.060492
2.363297
0.178237
2.363343
2.356737
0.257244
2.321966
2.346936
0.547215
0.387414
2.362297
0.049292
-0.343907
-0.545159
2.366295
2.359783
0.627412
-0.374003
2.370170
-0.534682
2.355648
-0.360168
0.153918
2.367118
2.404269
2.391384
2.385340
2.307342
-0.358378
2.370103
2.327630
2.372203
0.010882
2.358192
-0.669352
0.948993
-0.394552
0.181383
-0.508958
2.348396
0.324621
1.033859
2.358382
0.942998
1.110018
-0.183689
1.224764
-0.023640
0.853900
2.382460
2.294449
2.295347
-0.535503
2.347201
2.396732
0.024258
-0.510768
2.388100
0.790566
-0.583617
2.354029
2.333960
-0.544546
-0.563284
-0.597156
2.305408
2.336767
-0.455440
-0.052838
1.197595
2.351271
2.363912
-0.197484
1.174473
2.373958
0.335424
0.933509
-0.314253
0.984195
2.353942
2.359910
2.360331
2.404734
2.363555
0.579028
1.108681
2.316564
2.324968
2.360958
2.337841
0.625711
2.320728
2.414461
0.769756
-0.452232
0.194200
2.390963
1.117146
0.634729
-0.438451
-0.039775
0.670638
0.497564
0.922759
2.408292
2.411500
2.348967
2.361009
0.679688
0.028553
2.376760
0.660953
2.356999
0.821274
2.383325
2.320683
2.349148
2.346779
2.382701
1.167870
0.127296
0.773963
-0.335059
2.334164
0.873855
0.011070
2.352812
-0.325286
1.335577
2.380695
2.407348
-0.041113
0.507252
2.362040
0.750348
2.407293
0.576940
0.939514
2.333267
-0.428396
2.351217
2.319635
2.382980
2.375613
2.342083
0.858352
-0.143715
2.425242
-0.017123
2.316492
-0.107123
1.054255
2.320021
0.319692
2.387254
2.363317
2.355118
2.385628
0.963180
2.405488
2.424827
-0.189711
2.328941
-0.419521
2.373222
2.377760
2.353643
1.023300
2.318687
2.371268
2.328683
-0.093830
2.355424
1.007133
-0.631504
0.330366
0.024371
2.359501
0.189264
-0.108524
1.063190
-0.222701
2.264323
0.123365
0.163814
2.306759
0.534486
0.473669
-0.494592
2.327801
0.281321
1.085560
-0.112185
1.119199
2.388406
-0.184860
2.360194
0.010218
2.421785
-0.544469
2.389043
0.213671
2.363427
-0.482603
2.381815
2.367424
2.330479
0.103064
-0.325377
0.602735
2.399176
0.421995
2.368286
-0.042294
0.919203
0.196576
2.399391
2.339926
1.264455
0.781672
0.938527
0.950510
2.368051
2.322239
-0.199048
1.031424
2.363134
1.009593
2.334933
-0.580367
2.374273
2.370745
2.395674
2.361830
-0.515513
0.664983
0.227941
-0.269363
2.313139
0.719563
1.002653
2.411883
0.840560
2.345246
2.327622
2.366314
-0.255107
-0.513562
-0.229936
2.349302
-0.066720
2.421663
2.314898
2.357068
-0.104094
0.562932
2.426856
2.346611
0.323319
2.376548
2.399761
2.362138
2.362434
2.288423
2.385840
-0.546121
-0.484310
2.377844
0.223631
2.343417
0.280239
0.491725
0.595652
2.354409
-0.461442
0.165542
2.445603
2.324052
-0.113935
-0.295774
2.341415
2.385405
-0.581023
-0.388116
-0.537736
2.370634
2.360659
2.362849
-0.526968
0.665244
2.319974
2.361771
2.381234
2.262434
-0.500694
2.394622
2.324698
1.201343
2.385569
2.390323
2.397353
2.336881
2.303254
0.533499
-0.136210
0.127423
-0.545359
2.351226
-0.616140
2.415926
-0.105994
2.355048
-0.043544
2.344006
2.355103
2.344242
2.320730
1.178427
2.396007
2.353643
1.141427
0.145067
0.547406
2.295242
2.293800
2.356046
0.845538
0.729522
1.208784
-0.619235
2.393496
0.740132
0.320716
1.209110
-0.471280
2.375861
2.323815
2.346542
0.764261
-0.238423
-0.137981
0.857279
2.321884
0.284069
0.573556
0.133761
2.338422
1.216386
2.334791
2.355508
-0.002446
2.343194
0.184636
2.351424
0.287568
0.985800
0.300107
2.404051
0.781648
2.360070
-0.489816
2.363075
2.324735
1.030749
2.348296
2.357519
0.822398
2.370392
2.340328
2.374684
2.376826
2.394407
0.093180
2.401681
2.381044
0.533552
-0.478297
0.484419
0.613384
2.363743
0.829456
2.371778
2.294700
2.382216
2.306397
0.674538
2.307403
2.332803
2.366398
0.573276
2.372082
-0.204224
2.358417
2.353141
0.796596
1.063981
-0.514169
1.196763
2.321560
-0.537829
-0.389990
2.388850
0.724310
0.136024
2.403478
2.363628
2.366653
-0.010881
-0.027942
2.371679
2.394001
2.339465
2.321334
2.440148
0.908700
2.362491
2.361525
-0.202878
2.330383
2.356244
2.351358
2.317312
2.383829
0.480444
-0.507040
2.310347
2.295443
2.390659
-0.424849
0.420123
-0.057681
0.931514
-0.445638
2.390836
0.522789
2.393502
0.837462
2.358728
2.369687
2.398994
0.207761
2.337305
0.362355
2.386381
0.885205
0.907828
2.334396
2.335641
2.398838
0.286994
-0.155627
2.332981
-0.489751
-0.437566
-0.180273
0.765825
1.186679
0.963527
2.358256
-0.104424
2.446598
-0.497991
2.367921
2.376723
-0.297195
2.399371
2.347658
2.357808
2.370985
2.422925
2.378071
-0.019780
0.503232
2.404731
0.284682
2.348415
2.334899
-0.577942
2.413051
2.398909
-0.487365
2.370703
0.081906
0.890921
0.522773
2.376006
0.577696
0.058487
2.342303
2.383811
0.523468
0.440541
-0.230698
2.336044
2.388305
-0.423538
2.326534
2.371450
-0.284405
2.368996
2.328658
0.221115
-0.212721
-0.025534
2.352299
2.342913
2.363043
1.200720
0.962466
2.397813
2.323640
-0.534626
-0.471173
0.241440
2.343513
2.365509
2.313994
0.750177
-0.621422
2.298243
2.332388
2.296680
2.387748
2.366046
1.062077
0.316823
2.351732
-0.231787
-0.273198
2.375661
1.275243
2.366539
-0.627358
-0.025078
0.592094
-0.130974
2.351751
-0.512196
0.894306
1.143499
2.387857
2.368249
1.127205
2.390458
-0.161305
0.316259
2.380607
-0.253381
2.332045
0.881953
2.379799
-0.012658
2.362172
0.269677
0.220327
0.731342
2.376894
-0.533532
2.400180
-0.574811
-0.249129
0.973817
0.718297
1.221795
2.367380
2.362328
1.214465
2.371836
1.301192
2.339459
2.315110
0.384580
2.337230
1.083741
2.356650
2.321718
0.378257
0.542352
1.040616
2.290371
0.633988
-0.490701
2.362162
2.377493
-0.275287
1.215409
-0.344452
2.377787
2.375498
-0.188871
2.386335
0.849249
0.663737
-0.373036
2.350638
0.501714
2.338672
2.399369
0.629366
-0.588491
1.168289
2.368980
-0.313219
2.395954
-0.510714
0.013628
2.417029
2.315174
0.537906
2.333093
2.366660
2.363751
2.333484
0.886440
0.207056
0.781457
0.431527
0.065521
2.366751
2.367778
0.234428
2.369423
2.416858
0.614310
2.391052
0.214669
-0.350063
2.343400
1.058654
-0.694253
2.348723
0.955628
1.156843
2.444791
0.894399
2.352212
2.361153
0.265410
2.332534
2.357701
-0.586228
2.364176
0.229684
0.445451
0.276387
2.489069
2.370525
0.058227
0.504886
2.368927
0.226218
0.010874
-0.165905
2.351710
0.772377
0.888965
0.371373
-0.569271
0.394268
2.333722
2.365237
2.374808
-0.169439
-0.496866
2.293105
1.072852
0.057164
2.346567
2.391608
0.250521
2.342058
1.037231
2.350800
2.358863
0.637009
0.903959
1.087625
-0.350326
0.532376
2.331095
2.310709
2.344896
-0.398743
1.085717
0.382948
0.201916
2.363218
2.344760
2.398684
2.364881
2.345056
2.381182
2.363758
1.012164
0.170423
2.345294
-0.588602
1.067301
0.654058
0.189374
2.368564
2.360023
2.336923
2.357637
-0.211329
0.182265
0.899050
2.374624
1.104823
2.347082
2.320034
2.336884
-0.474748
2.278077
0.739992
2.320081
2.315655
2.332563
2.352597
-0.535811
0.560661
1.165291
0.645935
-0.476366
0.577065
2.399005
2.403963
0.842409
2.334372
1.253592
-0.176806
2.392925
2.360130
-0.083654
2.390325
-0.190365
2.285465
0.229185
-0.493629
2.363283
2.333261
-0.532191
0.141026
2.340983
2.449050
0.383947
2.354808
1.175049
0.551159
-0.408648
2.368871
2.389609
0.297820
2.322073
2.375410
2.379237
-0.374506
-0.492819
2.426435
2.355678
2.397790
2.316914
2.359744
2.310366
0.665973
2.352607
0.880961
0.679183
0.185495
-0.364987
2.413844
0.973237
-0.272561
2.416332
2.297915
0.984509
2.335976
2.334524
2.373157
2.411489
-0.483536
2.380146
2.432439
-0.348394
0.617534
-0.311643
2.413059
2.383001
0.983258
2.365769
2.369300
2.353039
2.344607
2.372590
2.333075
0.228551
0.249841
-0.168646
1.033551
2.361385
1.235321
-0.214872
0.000676
0.356798
-0.222122
2.389441
-0.702496
2.373987
2.345363
0.021382
2.359571
2.401798
0.962789
-0.367008
0.966442
2.384179
-0.249485
-0.454226
-0.584978
2.341186
0.150008
2.334943
-0.121972
0.733293
-0.018569
2.311056
2.357557
2.311899
1.200911
2.344702
-0.415364
2.347271
2.434172
1.001275
0.319706
0.756395
1.173193
2.385604
2.368914
-0.395789
-0.538250
-0.087439
2.415159
0.100907
-0.379422
1.153068
2.388387
-0.144721
-0.486479
2.414836
0.601161
0.012833
2.372960
-0.633324
0.075741
2.328020
2.326712
0.741190
0.195224
2.375773
2.376443
2.357231
1.172234
-0.013807
2.362157
2.379685
2.394823
-0.351584
0.141887
2.394510
-0.412559
0.516921
0.130944
-0.587225
-0.358886
-0.369228
2.342957
0.859526
-0.477651
0.924189
-0.528026
0.936315
2.365674
2.369477
-0.516231
0.279846
2.407382
2.376756
-0.048182
2.332490
0.914152
2.361055
2.369619
0.199432
2.333197
-0.348732
0.802444
2.367647
2.371781
0.694642
-0.317551
2.394890
2.364928
2.363754
-0.117750
-0.036103
1.018366
2.344563
2.392273
2.363993
2.343435
0.030967
0.255526
2.330788
2.347966
2.418066
2.340190
1.110239
0.940663
2.454030
2.298967
2.401855
-0.317044
2.350224
-0.445681
-0.071102
2.372330
2.389454
-0.047052
1.124794
2.322032
2.265672
-0.514968
0.530104
2.346828
2.398064
0.199799
2.401770
0.327701
-0.556549
0.439396
2.368520
1.116650
0.822928
2.364053
0.650866
2.251317
2.344619
-0.183969
2.288779
0.416447
2.338981
-0.499130
0.517372
2.424813
2.355923
0.983470
2.338682
2.435872
2.366815
0.405336
-0.312953
1.071771
2.331282
2.423836
1.198095
-0.443000
2.363551
-0.322087
1.267119
-0.248955
2.418975
-0.550947
-0.560184
2.366410
2.363499
0.266215
2.322658
-0.565390
0.629448
2.331347
-0.063580
1.275244
1.178707
0.926506
-0.107749
0.815613
0.105337
2.434718
0.574471
2.344972
2.359601
2.310000
2.358219
2.365599
2.411754
2.361942
0.759637
2.410436
2.377968
0.120018
0.408779
2.402675
2.373526
2.345723
0.301516
0.071163
2.361035
-0.063000
2.353990
1.121969
0.336880
2.429878
0.491204
2.347166
-0.167656
2.289968
2.355826
-0.045366
0.126256
2.369249
0.961762
-0.435566
0.508110
-0.391422
2.355603
2.375562
-0.284218
-0.556392
-0.516806
0.583123
0.128356
2.368315
-0.307526
2.396816
2.411190
1.010526
-0.030123
0.663287
0.403665
2.387915
-0.092955
-0.121688
2.382730
2.345392
0.673217
2.370993
2.356973
2.408380
1.112206
2.339753
0.022207
2.363076
2.239015
1.141212
2.365591
0.901545
0.329920
-0.459669
2.404560
-0.520485
2.370710
-0.513931
-0.584445
2.332048
2.342925
0.355143
2.319534
2.339896
0.020165
2.399085
2.394297
2.376960
0.008114
0.735764
2.351542
0.172562
2.356577
2.330864
2.326789
2.313415
2.336481
2.375938
0.523901
-0.319548
1.154417
0.340885
-0.546683
2.361292
-0.434422
-0.600050
2.369526
2.354294
2.434827
0.986509
2.382728
0.271244
0.826017
0.431533
2.382757
2.400441
-0.398593
-0.467882
1.064520
-0.382785
2.406745
0.329223
2.343322
0.320838
2.358058
-0.575426
1.279905
-0.520153
2.351781
2.358828
2.377858
-0.022951
0.189720
-0.105775
2.368278
2.366529
2.422163
1.028661
0.527844
0.404576
2.397643
2.397084
2.363257
2.411307
0.577324
-0.595961
0.961787
0.553838
2.341446
-0.211011
2.332670
-0.046178
-0.001747
2.341829
0.773478
1.168011
2.375889
0.238873
2.380948
-0.537841
0.794972
2.340753
0.861474
0.848954
-0.527845
2.354684
2.348680
-0.414950
2.430166
2.364026
2.366425
2.369775
2.416764
-0.343309
2.349311
2.402803
1.189017
2.359066
2.359865
2.392925
-0.530136
0.980024
2.388382
2.367527
-0.417161
0.814627
2.390198
0.428671
-0.093122
0.066078
1.166276
2.394584
2.377042
2.387153
0.785470
2.480439
-0.514490
2.336163
0.361279
2.410160
1.123859
2.338842
0.429116
-0.293605
1.079027
2.346932
0.681492
-0.497505
2.376890
2.334475
2.340841
2.383773
-0.484534
2.371447
0.752419
0.279752
1.030354
2.435119
-0.451442
2.376472
2.388362
2.394568
2.335373
-0.355110
2.358753
0.109006
0.228104
2.473962
-0.087731
1.177905
2.330411
0.699225
2.378170
0.912694
2.389934
2.370060
2.375459
2.357821
0.358417
0.996288
-0.483911
2.391115
0.245728
0.071623
2.448503
2.345540
2.382737
2.341614
0.604699
2.324239
0.145038
2.349078
2.381820
-0.593536
-0.074241
-0.500490
-0.060167
0.996712
0.683588
0.984967
2.440276
0.389555
2.320384
0.117205
2.360259
2.358985
0.686221
0.515573
1.009494
0.047860
2.367133
2.439048
0.949527
-0.613748
0.436341
0.155640
0.106822
0.142246
2.357348
2.354852
-0.176157
2.318165
2.375431
2.365643
-0.565983
-0.016515
0.557156
0.916878
2.341422
2.333246
2.365362
-0.636433
0.383304
0.729075
1.121028
0.977636
-0.165687
2.349166
2.356206
2.325417
2.349181
2.381335
0.407689
2.366066
0.653484
-0.510136
2.332081
2.386726
0.665543
0.680212
0.206942
2.387972
2.338569
0.069919
2.357348
2.334966
1.183753
2.376116
1.117792
0.261454
-0.205725
2.358866
2.354861
2.332341
-0.537033
2.365523
0.539420
0.959094
0.579461
2.325375
2.374200
2.285427
2.407140
0.514741
2.365007
2.359559
-0.523593
-0.470381
0.931324
2.373328
0.896080
2.304772
2.400086
2.378671
1.193299
2.376501
0.730913
1.196573
-0.501709
2.365098
0.234100
2.366244
2.262875
2.290857
-0.218558
0.784370
2.349467
1.108803
2.408414
-0.060435
2.403520
0.279624
-0.457084
-0.312386
-0.457733
0.085051
2.317273
2.329246
2.330058
-0.545312
-0.018586
2.328526
-0.550299
2.366136
1.215299
0.883045
2.358603
0.431497
1.284256
0.922485
-0.515739
-0.645685
0.747735
2.318981
2.374935
2.341027
-0.575213
2.347369
0.291986
2.368033
2.365943
2.344283
-0.591924
2.296233
2.414442
0.185057
2.421921
2.418134
-0.519759
2.417703
0.735047
2.391467
-0.458267
-0.176497
2.366358
2.368426
2.331379
2.395940
2.396194
-0.434046
2.305445
0.344511
2.419666
-0.554913
0.860570
2.342956
2.362424
0.189936
2.392718
0.447869
0.984952
-0.524125
2.354687
2.388487
2.357547
2.360201
0.069951
0.371948
2.385355
2.352649
0.111586
0.583759
0.613326
0.338551
-0.300818
-0.604520
-0.495656
-0.207343
-0.104953
0.415570
1.225614
-0.103110
2.394421
2.393417
2.349660
2.414089
2.353747
0.366711
0.768623
0.337673
-0.028455
2.353016
0.188882
2.399484
-0.397998
2.352052
-0.339251
-0.148663
-0.100963
0.596281
2.309542
2.399985
2.379025
2.344994
2.341871
-0.126429
2.357302
2.371818
0.049691
2.374492
2.357273
0.282524
2.433715
0.834664
2.379322
-0.443763
2.348627
2.385795
0.437834
0.964636
2.325791
0.195530
2.361512
2.380331
2.378258
-0.175157
2.446044
1.091625
2.373062
2.330694
2.382623
0.781688
2.331779
0.511362
-0.425374
2.366018
2.375874
2.325779
0.414166
2.406766
2.379307
0.309035
0.854772
-0.549961
2.338292
1.256896
2.280770
-0.007624
-0.072897
-0.525259
0.386122
-0.472728
2.325114
-0.441680
2.441599
2.363699
2.382512
-0.565631
2.318621
1.191448
2.232094
2.364128
2.389531
0.426669
2.342254
-0.477807
2.365680
0.778598
2.343740
-0.583613
-0.555495
-0.422433
0.629699
2.369058
2.353145
-0.194241
2.378413
2.390234
2.366880
2.353997
-0.469401
2.423686
-0.549517
2.381435
2.390544
0.945618
0.557710
1.079625
2.339288
-0.004274
2.348071
2.408535
2.358289
0.889536
2.385826
2.353190
0.759824
2.331129
0.752210
0.098771
2.358102
2.356173
-0.010648
2.391301
2.369641
0.947818
-0.013835
2.323431
0.602108
2.346457
0.190962
-0.534537
1.005355
1.171235
2.366613
1.005924
2.340381
2.369354
2.415187
2.321140
-0.269222
2.410339
2.377423
1.259167
0.971312
0.713853
-0.329522
2.433150
2.392619
2.332046
-0.538588
0.215558
2.368265
2.301494
2.365224
2.307629
2.356242
0.425958
1.001519
-0.518671
1.205255
2.360892
2.368621
2.403343
2.371238
2.389080
2.353747
0.096044
2.332786
2.363064
0.257503
2.373666
1.056507
2.410623
1.084155
-0.374405
0.611344
-0.360732
0.470649
-0.524466
2.406126
2.345505
2.403711
-0.573893
1.198999
2.368554
0.571756
-0.556432
2.364680
2.371405
2.394303
0.996280
2.391267
2.326473
2.360512
2.397013
2.362018
0.439000
-0.208566
2.365557
2.320768
-0.232911
1.152688
0.123606
1.006348
0.310461
-0.597044
0.998007
1.158562
2.334292
0.559049
2.366441
2.364749
2.399007
2.324172
2.352871
2.383477
1.006320
1.100232
-0.212413
2.237407
0.773277
2.333131
1.153817
0.002476
2.417733
2.330175
2.356987
0.832793
2.370663
2.359070
0.105864
-0.568542
2.422367
2.371714
0.733863
1.187328
2.373191
2.405543
2.334194
2.334141
2.359972
0.906218
2.360301
2.369214
2.386619
-0.048735
2.349106
2.339097
2.361267
2.409410
-0.576269
2.395925
-0.649561
2.439455
0.821292
2.361483
2.327682
0.898801
2.369279
2.360967
1.102973
0.752453
-0.424185
0.237693
2.338041
2.335069
2.316609
0.558059
0.083771
2.351631
-0.323534
2.383318
2.401084
2.373160
0.360982
2.401140
0.115282
2.348711
2.363702
2.357230
-0.004935
2.340480
2.390901
-0.252021
0.326098
0.084492
-0.535426
2.363803
2.299586
2.353613
2.360598
2.430587
2.386447
2.332015
2.355840
2.347349
1.017762
2.320554
2.343989
1.169593
1.224532
0.944476
2.346909
2.368397
0.257963
0.629833
2.401701
2.360294
2.319824
2.314835
0.959702
0.752599
2.380587
-0.399678
-0.048074
2.303859
1.218703
-0.588371
0.547608
-0.603693
2.371364
-0.120589
2.366300
0.862061
0.916311
0.678436
2.431444
0.447860
1.149397
0.596714
0.001027
-0.310000
-0.428826
2.401344
-0.546293
2.378642
2.342717
2.398745
2.388089
0.746966
-0.378727
0.995729
-0.609277
0.187947
0.462585
2.455404
1.155385
0.463772
0.113548
1.213167
2.329462
-0.596426
2.321802
1.101455
2.332544
0.010410
0.299912
2.348254
-0.545063
2.332787
0.302845
2.340799
2.297160
2.391389
2.342969
0.348706
0.631855
2.364136
-0.579631
0.392343
-0.641538
2.325295
2.358874
2.379424
2.382152
0.592301
2.393361
0.799471
0.071636
2.295048
0.063452
2.359511
2.349962
1.047905
-0.322054
1.204183
0.883332
2.350606
2.339395
2.376184
1.186924
-0.586891
0.271503
0.369152
0.784433
2.388454
1.002480
2.348947
1.129237
-0.457039
0.301141
2.344979
0.356950
2.346154
0.866971
2.405999
0.609672
1.084399
2.373472
-0.225023
2.372495
0.983906
-0.035339
2.337413
2.328856
2.332676
-0.087592
1.204519
-0.619605
0.790584
1.219595
0.170874
2.315512
0.948209
2.336969
2.346467
2.378060
2.365794
0.817306
0.766122
1.219635
0.814012
-0.466425
-0.337083
-0.130353
1.006033
0.325474
2.348559
2.319636
0.098658
0.251374
2.398571
-0.007238
-0.395379
2.384438
0.748432
2.370977
0.876055
0.571803
2.385646
2.236282
2.378201
2.368288
2.368286
-0.328530
-0.542080
0.152763
0.540886
2.381625
2.396269
2.374789
2.384098
2.354021
2.350080
2.413968
-0.197592
1.094307
2.378370
2.404681
2.343315
0.460072
2.340302
1.124883
0.419404
2.356534
0.320480
2.344141
2.394608
2.315700
2.384178
2.368115
2.363097
0.087897
2.352555
2.421504
-0.564926
2.332420
2.350727
2.369569
2.368694
2.375126
2.384823
0.599994
0.770053
0.371629
2.368804
-0.541982
2.394366
2.388679
2.385551
0.495234
2.402581
2.343691
0.647693
2.387584
0.344424
0.993803
2.337770
-0.321025
2.370179
1.155635
-0.041526
-0.486981
-0.595178
2.379155
2.333609
2.238409
0.338072
0.639426
-0.546301
-0.628142
2.377966
2.394169
-0.589272
2.351364
2.335412
2.341554
2.348743
2.354616
2.149738
2.314045
0.629060
1.028963
-0.505244
2.414699
-0.368367
1.210229
0.558681
-0.492601
0.532037
2.480277
0.756507
-0.060044
0.046348
2.326296
0.960202
-0.634322
0.273774
0.946849
-0.005609
1.250197
0.089523
-0.335804
0.961597
2.291547
0.548987
2.357410
2.376696
2.378950
0.506858
0.854210
2.334652
2.373704
2.360105
2.370951
0.094710
0.890890
1.141363
-0.295843
2.417054
0.442799
0.835472
2.338581
2.350396
-0.036465
-0.588060
2.397349
0.316924
-0.030368
2.374243
2.325605
1.112325
2.376644
0.893627
2.353211
2.403386
2.371821
0.928636
2.352236
2.369607
2.376819
-0.586178
0.917530
2.385384
0.726545
2.357496
0.242006
0.565641
-0.160858
1.142661
2.373294
2.347713
-0.370094
0.813433
2.355862
0.982477
-0.104753
2.395074
-0.566981
-0.559872
0.178368
1.213187
-0.491075
2.316152
2.366285
2.329168
2.356276
0.062996
2.400770
2.356892
0.603353
-0.148903
2.397448
0.025041
1.199811
2.326745
0.841777
1.021498
1.005335
2.356704
2.373536
2.347282
2.390758
0.200472
2.391371
1.162576
-0.343284
0.496283
2.359459
2.361191
0.681572
-0.166800
2.357267
2.302339
2.339991
2.365793
2.366550
2.373587
2.295900
-0.095960
2.310817
-0.538673
0.732409
2.314505
2.398879
2.348172
2.278232
2.474568
2.371114
1.289275
-0.469115
-0.203434
0.709309
2.324869
2.397889
1.209281
2.343873
2.397788
1.002168
-0.474191
-0.474818
0.291701
0.819207
-0.448769
0.080093
0.019137
0.105375
2.313235
2.472068
2.335805
0.264639
-0.176775
2.404879
2.421393
2.360314
2.369394
-0.084899
2.355641
0.641090
2.364376
0.815888
2.307763
0.608545
2.347424
2.361962
0.952362
0.156330
0.585270
2.355670
0.856449
0.885104
2.323557
-0.618715
2.331144
0.727032
2.286527
1.215748
-0.124120
2.346827
2.425084
-0.593550
-0.628882
1.023871
0.426881
0.927737
2.345194
-0.583710
0.169682
2.394525
2.392168
2.352041
2.360121
2.353770
1.344636
2.420368
2.378245
0.684164
0.677210
2.337268
2.375889
1.197055
2.364592
-0.409053
1.340597
2.331611
0.168477
2.333540
2.349943
2.390894
-0.395145
2.350502
2.362530
2.507871
2.374213
0.589307
2.357092
2.364091
-0.393614
2.363133
2.351336
2.375572
2.254785
2.376885
0.687077
0.771974
2.360003
2.365876
2.269793
2.335443
2.371652
2.335353
2.392473
0.693945
2.351607
2.337358
0.715317
2.291564
1.150859
-0.299146
0.259040
2.399954
0.743888
0.202198
1.366428
2.304051
2.368032
2.356020
0.667886
2.336578
-0.522541
2.372661
0.171018
-0.004645
2.373049
2.389984
0.087744
2.371968
2.348357
2.345899
2.326867
2.325442
2.400189
0.767143
2.359932
2.390751
2.384473
0.373794
2.349288
2.323651
2.370420
2.394871
2.364675
2.367151
2.324562
2.359338
2.357707
2.416946
2.330027
2.436385
2.413337
2.392598
2.391436
2.392343
2.383160
0.637239
2.358333
-0.363180
2.345083
2.276661
2.368231
2.327186
1.041854
2.345517
2.364108
-0.556305
-0.552182
0.682612
-0.331999
2.365091
2.369310
2.377538
1.071862
2.404900
2.348260
2.399476
2.411777
2.382210
2.371596
2.367604
0.888699
2.341296
2.383633
-0.413670
0.195017
2.339057
-0.603534
2.306125
2.341369
2.317794
2.337057
0.284458
-0.155849
2.354033
2.392799
2.355259
2.335014
2.338085
1.160092
0.643743
0.110262
2.341272
0.361433
0.624730
0.194358
-0.323333
0.113341
2.364942
-0.317028
2.406806
2.370094
-0.494830
-0.182214
1.204920
2.363718
2.373353
2.349940
2.372071
-0.387055
-0.536060
2.364060
2.406678
1.178736
2.453635
2.349166
2.337154
0.195569
0.453623
1.049127
0.003601
2.405375
0.779991
2.342541
-0.603737
-0.362233
1.230635
0.956460
0.459948
2.420510
0.813678
2.361651
0.855764
0.247887
1.103693
2.405883
2.312286
2.373977
1.193722
2.352644
2.389623
2.329772
2.396247
2.402993
2.406895
1.056243
2.335006
-0.537180
0.129083
0.831208
-0.514913
2.425124
-0.189788
-0.427312
2.333855
-0.496004
2.330663
0.868194
2.355398
2.359767
2.339345
-0.036503
2.387658
-0.128770
0.854051
0.706029
-0.608456
0.069617
0.534699
0.020241
2.358739
-0.461359
2.312789
0.843416
-0.198724
1.242048
0.408459
-0.337565
0.347958
2.228905
2.389439
0.775809
2.341529
0.043296
0.698899
1.305908
2.379393
-0.306349
0.929811
0.512507
2.317576
2.345403
-0.372427
0.751378
2.306306
2.355563
2.369625
2.359948
0.586072
-0.455415
0.189732
2.316471
0.365613
2.372781
1.179746
-0.145566
0.297938
2.254057
1.141401
2.352813
2.353452
0.633062
0.977444
2.323983
2.347835
0.083500
-0.017621
2.349419
2.311150
0.693924
0.569778
2.335775
2.255107
2.399427
2.389907
0.182762
0.261938
-0.468506
2.340334
-0.730008
2.369624
2.374581
2.313082
0.565419
0.118895
0.749098
2.348492
2.378040
0.665324
2.395222
2.379438
0.724961
0.686078
2.308291
2.418279
2.354335
0.504547
2.347872
2.395152
1.046318
2.394049
-0.081353
-0.414227
0.410767
2.368148
2.355362
2.356916
0.570670
1.013654
0.946501
2.345915
2.331044
-0.083418
2.334146
0.888350
0.148962
2.363108
0.215299
2.409715
0.214544
-0.213429
1.139615
0.758280
2.361225
2.344156
-0.213798
2.358977
2.322833
2.316905
2.361328
2.342739
2.341222
2.394199
2.348247
2.302490
2.334911
2.529245
0.763721
2.391380
2.379961
2.389894
2.368275
0.349394
0.655205
2.364258
0.089912
2.356426
0.681261
2.356167
2.433702
2.307686
-0.489687
2.350274
2.337342
-0.328377
2.354351
2.417453
1.025165
0.186781
0.681663
-0.328899
2.389496
2.390544
1.009156
2.347539
1.115655
2.367323
0.861665
2.430417
2.372172
2.347489
2.388504
1.173262
1.205030
0.556110
-0.460436
0.896609
0.085889
-0.613679
2.383449
-0.456274
-0.401799
0.550767
0.384574
2.406369
-0.548871
0.023384
0.469370
-0.452883
2.346063
0.494890
2.335998
2.384903
2.341222
2.283085
2.366085
-0.076250
-0.599059
2.394646
2.424579
2.382861
2.382990
2.372590
-0.045520
0.550376
-0.009605
2.329763
0.885930
-0.296031
0.632798
2.356117
0.995830
0.767914
0.676365
1.108114
-0.574818
0.254215
-0.177589
-0.528798
1.102265
0.953576
-0.410216
0.467432
2.314123
2.343052
2.290319
2.278763
2.322787
-0.439281
2.412287
2.421896
2.423274
0.972422
0.903330
2.348935
-0.501837
-0.167647
2.393671
2.348214
0.022748
2.376620
2.360889
0.264150
2.391143
2.309272
2.249123
2.331659
0.029517
2.347410
0.064714
2.356987
2.335405
-0.014880
0.604075
2.358726
-0.255995
1.173758
2.357783
2.422709
2.289212
2.356983
0.708538
2.361096
2.370629
-0.551852
0.712697
2.374799
-0.554911
2.410615
2.353524
0.984402
2.345720
2.344034
2.368745
-0.539012
-0.251509
0.262440
1.056863
2.381384
2.420450
2.366094
1.074146
0.191007
0.658257
-0.610072
2.366620
2.353912
-0.390231
0.384978
0.286242
-0.003623
1.235293
1.287078
0.462547
-0.568407
1.099698
0.230454
-0.615015
2.385743
2.368080
2.356762
2.345380
1.180423
0.577833
2.317486
2.382073
0.809155
1.072575
1.081853
0.933345
-0.463165
0.040167
2.370108
-0.322375
2.246377
2.378410
0.812565
-0.046384
0.513859
2.319499
2.370478
2.352583
2.367694
2.324089
0.987443
0.894233
-0.587801
0.877551
-0.426721
-0.150118
-0.645311
2.320611
2.439704
2.407072
2.347052
2.390197
2.323975
0.195923
2.366974
0.530276
2.427990
2.399701
2.361187
2.303690
2.364374
2.418623
1.100707
2.310425
2.351663
2.347333
2.341146
2.361375
0.449590
0.300349
2.350789
2.353054
1.227821
2.389873
2.363152
2.360927
2.360679
0.485924
2.389947
1.180936
2.311640
2.370717
-0.230721
1.151890
-0.379952
0.967257
1.018130
-0.387121
-0.186068
0.298352
2.390735
-0.285581
0.327497
2.339873
2.355876
2.412552
2.329850
2.305355
2.385030
1.023895
2.371995
2.354144
0.449735
2.358652
-0.332142
2.396854
-0.114673
0.263088
1.213057
2.345798
0.979314
2.414883
2.326124
0.243485
2.358177
-0.603656
-0.634093
2.361158
0.991929
1.099138
0.607442
-0.036426
2.334052
2.356345
-0.554448
-0.235036
2.281651
-0.446550
2.363824
2.360708
0.519725
-0.223688
2.397886
-0.452046
2.332802
1.175089
2.408016
0.572878
2.368794
-0.445596
2.323479
2.341325
2.367917
2.375486
2.335950
2.335753
2.404488
2.392271
-0.266918
2.384940
-0.407438
2.426025
1.178881
0.354566
0.865542
2.356910
2.340702
2.371537
1.190033
2.413013
0.914547
2.288911
-0.142127
0.932539
2.393639
0.947714
2.347510
2.388539
0.677576
0.549610
2.322429
-0.384652
2.354487
-0.060690
-0.086265
0.545678
2.365326
1.199393
2.374084
2.397388
2.354975
-0.632205
2.369265
2.372321
0.671986
0.481485
2.361022
-0.477681
0.821870
-0.343803
2.351017
-0.304517
2.356450
-0.536759
1.045411
0.986513
2.423536
2.387156
-0.607570
0.778650
0.661213
2.373974
2.399745
2.359074
2.436875
2.340192
2.385591
0.826283
0.058091
2.447207
-0.590427
0.129974
2.372672
1.053369
-0.155645
2.391788
0.078642
2.371031
2.371413
-0.291247
2.365503
-0.353466
1.111194
2.331500
0.745769
2.375752
1.166707
0.476816
2.478413
2.348686
1.031346
2.378245
1.221321
0.923458
2.297041
2.372952
0.844292
0.824807
2.347580
2.402651
2.376041
-0.345604
-0.000954
-0.484673
2.319056
2.358438
-0.484551
2.376230
2.295646
2.388489
1.138207
2.311317
-0.458335
0.993216
2.349642
2.408011
0.886147
2.382562
0.570463
2.344383
0.969874
0.878249
2.350001
2.402027
0.801447
0.949422
2.325903
-0.113681
2.337324
0.465667
2.337106
1.041402
2.445997
2.438851
-0.605126
2.349921
-0.556176
-0.479588
-0.419644
-0.485958
0.295050
0.253497
0.807839
2.353763
1.134357
-0.591950
0.486062
-0.147384
-0.482931
2.357345
0.905565
-0.564071
2.361422
2.355253
2.351716
2.356171
2.380568
2.386381
2.383277
0.289332
2.347010
2.367488
2.389286
-0.047166
2.372903
0.202312
-0.532545
2.378412
-0.595838
2.371962
2.371229
1.201900
0.031699
2.305590
0.796929
2.367287
2.266946
0.524227
2.337440
0.539050
-0.605109
2.366121
0.217082
0.693414
1.202958
2.356580
0.203785
-0.541611
2.258776
-0.338072
2.358824
2.424428
2.395918
2.312955
2.383603
2.395816
0.783549
-0.210517
2.342105
2.295157
-0.540777
-0.437993
2.390575
-0.515374
2.355766
-0.239509
2.355117
2.292864
1.054105
-0.017247
2.368719
-0.172164
-0.380430
0.465610
2.402744
0.644401
2.342205
2.367024
1.176351
2.397389
0.532884
-0.261696
-0.117975
2.390267
2.298551
0.355193
0.751246
0.386625
2.328982
2.283906
2.495671
0.151069
2.402497
2.361406
2.379610
0.397205
-0.429074
2.342282
2.369142
2.381772
2.321280
2.405983
0.846819
-0.177925
0.372182
-0.268579
2.358721
1.066485
-0.562902
2.299683
1.003247
-0.318504
1.011725
2.346107
2.407793
2.378533
2.306522
2.348811
2.355861
0.535876
0.462923
2.397281
0.878878
2.371792
2.373877
2.370355
1.095916
2.357709
0.392740
2.394921
2.399212
-0.261244
0.595376
2.327877
2.376905
2.361501
2.379932
0.672349
0.283218
1.195910
2.350537
2.430049
2.346591
2.383932
0.921783
0.051333
2.435160
-0.043528
-0.312120
2.368226
0.951305
2.267230
-0.562373
2.369918
0.421561
0.073644
2.343525
2.363503
-0.163440
-0.532506
2.374320
2.363940
1.192569
0.730329
2.334791
2.349299
-0.262152
0.586947
-0.232760
-0.057393
2.364749
2.349013
2.319209
2.291688
0.538958
2.399744
2.363584
1.058678
0.669744
-0.125047
0.169134
0.023617
2.378055
0.960629
1.004958
0.485402
2.432706
-0.447819
0.039173
2.341693
2.272728
2.399937
0.381390
0.378258
1.057361
-0.555664
2.378242
-0.345541
0.748275
0.295690
2.345841
1.152012
-0.250578
0.021058
2.308582
2.331094
2.334993
2.376159
0.498726
2.389340
0.309310
2.373398
0.037189
0.084401
2.329059
2.363406
0.500966
1.026700
-0.607235
1.185671
-0.597218
0.676586
1.233281
2.413139
2.351244
2.353893
0.058341
2.340627
0.088125
2.355226
2.329684
2.341694
0.411298
2.332276
0.026626
2.400260
2.289587
-0.159245
2.374229
2.388509
2.390779
-0.498710
2.393512
2.310010
2.360295
2.377651
2.328364
2.331719
-0.552348
2.353268
0.714184
2.404631
1.176782
-0.370474
-0.592232
-0.450711
2.371071
2.366443
0.527431
0.486829
2.357715
0.846885
2.412561
0.524906
2.411664
2.359648
2.385066
0.385907
-0.491168
1.197030
2.360275
0.552938
2.343681
2.395706
-0.576992
2.364581
2.339119
2.393366
-0.343569
2.431179
2.376254
0.039507
1.166068
1.139098
2.375398
0.409891
0.738857
0.794935
2.424365
-0.530751
0.583362
2.362149
0.100354
0.135662
2.368113
0.273031
0.400108
0.768556
2.405770
-0.522022
2.352559
2.360200
0.673518
0.008600
2.420131
0.127941
2.358033
-0.076513
2.336798
1.228289
2.401108
0.159818
2.348618
-0.154595
2.352313
0.698639
2.297644
-0.300755
0.369545
1.041931
0.824093
1.134568
2.352850
2.360323
-0.598029
2.345313
2.352364
1.080353
2.325863
2.357639
2.339815
2.369936
2.348399
0.763355
2.305073
-0.148173
2.403079
2.317723
2.361375
0.291192
2.381729
1.065565
2.304241
1.169225
1.228188
2.320470
2.346623
0.958367
2.425843
2.404113
2.381811
-0.210714
-0.441103
-0.598543
0.022896
0.971452
0.478380
1.224836
2.342859
0.531052
2.339652
2.361589
2.404189
1.191946
0.029485
2.338253
2.365141
0.097936
2.369247
0.164838
2.382894
2.337062
2.364037
2.377771
0.507762
-0.187951
1.145173
2.373079
0.530145
0.144293
1.110488
-0.620030
2.350858
-0.169989
0.178225
0.239155
0.688337
0.920943
2.382758
0.571821
0.010442
-0.380105
0.877059
0.798824
2.365528
-0.156725
0.893519
-0.592691
2.367084
2.399341
-0.108509
2.292233
0.003335
1.227346
2.391168
2.339266
-0.361581
2.393556
2.322600
2.364294
2.366143
0.012020
2.382420
2.379335
0.639206
0.621863
0.747665
0.551938
0.633390
0.556915
0.234429
0.630647
1.133578
0.834280
0.884617
2.340334
2.317120
-0.580837
2.351438
0.054597
2.311894
-0.530698
-0.033044
2.379389
2.363756
2.383356
0.947674
2.330734
2.321112
1.139802
-0.156764
2.331367
0.208028
2.365260
0.797026
0.170384
2.360420
2.428039
-0.580010
0.792555
2.376514
-0.249316
2.358371
2.401677
-0.369377
-0.277404
0.192599
2.440049
0.731813
-0.399218
2.401603
-0.270467
0.385767
-0.224648
0.885921
0.224839
2.340836
1.203700
-0.493182
1.161108
0.075579
2.335799
2.321906
-0.551484
2.296652
2.346626
2.362920
-0.410699
2.393505
2.317034
2.337430
-0.038269
2.292764
1.123296
-0.110423
2.323926
0.692872
0.850902
1.152099
2.350821
0.561408
-0.034041
0.385200
-0.329078
-0.334363
2.347331
0.728757
0.228311
2.337067
2.350277
-0.548304
1.107288
0.114906
0.575125
2.370292
1.224609
2.352241
1.094204
2.358130
2.321634
0.700716
2.350183
2.310122
2.387909
2.446645
-0.146805
2.395383
2.407795
2.315166
2.390129
2.371621
2.347173
0.191449
-0.132210
2.397371
2.383041
2.360003
-0.580041
0.295966
2.347936
2.345200
0.150141
2.359274
0.266838
0.359813
0.299679
1.220340
2.510416
-0.582131
2.375365
2.329689
0.853971
2.375264
-0.593804
0.203759
0.536260
1.169231
2.369229
2.342988
-0.426386
2.374095
2.359780
2.356644
0.573982
-0.180797
0.537400
1.190611
-0.104591
2.259405
2.386564
1.177640
2.390050
0.193517
2.352122
0.278260
2.325679
2.329796
2.354987
2.390470
0.296879
2.399073
2.375608
0.742945
2.374081
-0.026584
-0.557095
0.933309
-0.415953
2.314239
2.372099
0.583328
0.003631
0.750159
1.179403
2.378420
-0.544105
1.258253
2.389831
2.303273
1.336794
2.346176
-0.619285
2.382114
2.371877
0.827528
0.633770
2.365083
0.768046
2.371301
2.379397
-0.523516
0.334710
0.042739
1.148421
2.392896
0.683013
1.024116
1.290076
2.358700
0.455126
2.314145
2.407905
2.412860
-0.241350
2.366699
2.368603
-0.523866
0.549182
-0.271457
2.272149
2.378216
2.341205
0.098797
1.108840
-0.365609
0.760106
2.407350
0.414112
2.376764
-0.148914
0.372314
2.377089
1.163158
2.378169
-0.588639
0.288157
-0.547384
-0.313507
0.357805
-0.466689
2.381886
0.597882
2.390207
-0.088048
-0.267966
2.369286
0.688468
-0.582795
2.329506
1.228672
-0.009030
-0.359370
0.247343
2.391582
0.218747
1.071762
2.463477
2.354205
2.465785
2.356078
2.374753
-0.288019
2.409564
2.425570
1.019782
2.374341
-0.429672
2.355420
-0.548691
2.354117
0.757921
2.345703
-0.197847
2.322860
2.356374
1.075472
2.364902
-0.006525
1.101799
0.855942
2.369828
0.492858
0.400070
1.209060
-0.502481
-0.408553
2.365883
2.318475
1.180085
2.342826
2.406011
0.547457
2.352802
1.170507
1.111537
2.352306
2.319272
-0.565201
-0.347326
2.334329
2.421968
2.352043
0.247087
0.881365
0.883368
-0.040735
0.608133
2.380176
2.333295
0.274082
-0.193406
2.345066
-0.574222
2.361501
1.221543
2.311812
0.552929
0.732217
2.379364
-0.606131
0.745207
0.804149
2.496153
0.221068
0.241085
0.214424
-0.256273
-0.269972
2.386680
0.547621
2.397844
2.414243
2.372986
0.570090
2.343596
2.339069
-0.560426
2.415844
2.392162
-0.582092
2.337867
0.490297
0.593028
2.363383
2.350263
0.983901
0.351632
0.849512
0.657313
2.371256
2.338801
-0.509272
-0.550292
2.352455
2.366655
0.134768
2.348096
2.388673
2.339300
1.107716
-0.557217
-0.498988
2.339051
2.339080
2.386982
-0.577055
2.287177
2.343053
1.290627
-0.460475
-0.614372
2.396882
0.735690
0.930681
2.373744
2.396341
2.372980
2.358546
2.304856
-0.376534
2.359518
0.426412
2.323773
2.356058
0.158886
1.210296
2.358100
2.404793
-0.528327
0.136944
2.364242
2.326439
-0.444136
-0.018413
2.388311
0.846324
2.401976
0.101356
2.366471
2.335603
2.361325
-0.113239
1.032634
2.321936
2.346909
2.316981
2.380730
1.149321
-0.592026
-0.508198
2.345531
2.277974
2.338337
2.376733
2.395544
0.132763
1.098603
-0.629220
1.235807
2.381367
0.401116
2.338370
2.405193
1.237524
0.802071
-0.020905
2.331126
2.342842
0.973123
2.391305
0.356227
2.278232
-0.293197
0.312399
2.312698
2.408053
2.354461
-0.373011
-0.542286
2.346584
2.471769
0.910853
0.119993
0.123296
2.422314
-0.231012
2.313064
2.347976
-0.185824
2.390645
0.508167
2.272411
2.333930
0.261908
0.497645
0.632016
2.414473
0.214369
2.315002
2.365614
2.312785
0.323534
1.228315
1.201668
-0.367342
2.352900
0.231775
0.063900
2.338244
-0.030553
1.098567
-0.064520
0.136417
2.333112
0.642164
2.370537
2.349922
-0.254705
2.381741
2.404590
2.330583
2.353793
2.351723
2.332050
-0.269907
2.169921
1.199809
-0.642325
2.384140
2.439708
-0.508055
1.156169
0.697299
0.772333
0.007475
2.343354
0.473649
0.876227
0.952487
0.497645
0.018900
2.340141
0.127423
0.442626
2.327111
-0.337401
0.793152
0.736734
0.079162
0.546749
1.091876
2.333046
1.063659
1.157454
2.331530
1.096862
0.377162
2.346168
-0.364192
-0.412130
2.379554
2.357554
-0.616029
1.185954
2.404736
2.387478
2.383186
0.632274
-0.006630
0.647261
0.643691
2.355058
2.415823
0.922440
0.674845
0.669591
1.146269
0.996659
0.905292
0.864000
2.333977
2.350197
0.064249
0.108450
2.380235
2.320340
-0.570914
-0.160049
0.373420
2.370765
0.391305
-0.111552
0.140079
0.546279
0.624794
-0.551586
-0.191769
2.356677
2.372010
-0.453589
0.484719
0.308248
-0.334828
2.364559
0.300249
-0.540498
2.343317
2.388621
2.348423
0.989092
2.391126
2.409554
0.433338
-0.567116
2.418647
2.408381
2.362683
2.392441
-0.552085
2.415388
2.352582
-0.583766
0.832737
2.382617
-0.288523
-0.132416
2.347786
2.353702
0.626310
2.372608
1.229081
1.223663
-0.488082
-0.239840
-0.033989
2.393167
2.326223
1.210856
-0.010520
-0.283731
2.359422
2.367426
2.337981
0.363194
-0.499195
-0.390322
0.787601
2.385030
2.302504
2.404603
2.301905
1.044955
2.354250
2.380798
2.341027
-0.622177
2.372656
2.333903
2.348980
2.300574
-0.050139
0.991102
2.351798
2.353148
0.252173
2.346226
0.340724
2.354853
2.360502
2.370472
2.375791
0.119637
0.835472
2.339105
2.336298
0.094529
-0.198186
-0.592396
-0.608230
-0.320603
2.350539
2.413939
2.311176
2.411110
-0.653594
-0.387768
2.409321
2.350031
2.352994
2.373400
-0.015814
2.350108
0.922350
2.361333
2.376786
2.358054
2.332872
-0.537577
0.847038
0.514907
2.358006
1.209883
2.354148
2.385706
0.506366
-0.575643
2.347121
1.090988
2.364760
2.389263
-0.561056
0.155631
2.307545
2.357700
2.343162
1.012858
0.014196
2.370269
0.371027
2.323270
-0.136760
0.865570
0.214112
-0.416508
0.442168
2.357473
2.338674
0.003824
0.501027
2.363769
2.378744
2.421129
0.852080
2.338584
2.316746
-0.032260
2.371473
2.408697
2.318480
2.321033
2.371681
0.320425
0.097142
0.847336
-0.630292
2.335564
0.771690
0.620980
-0.614544
2.392344
-0.084627
-0.584082
0.339600
2.381560
-0.499816
2.352867
2.415730
2.339726
2.375590
2.313856
-0.283212
2.342237
2.375362
2.366101
-0.076841
0.166644
2.379015
0.354467
-0.180126
0.066662
2.405710
2.332454
2.379032
0.247236
2.358034
2.365231
2.383356
2.318067
2.338899
1.028514
2.406260
2.363646
0.921712
-0.009354
2.394513
2.351795
2.333988
-0.627550
0.165189
-0.511296
2.300989
2.366207
2.358576
-0.084218
-0.271632
2.371841
0.509918
-0.272602
2.428333
0.236000
-0.315753
2.355977
2.382765
0.613084
0.373002
1.015169
2.371292
0.388773
0.001232
2.331774
2.384780
0.860825
0.765230
2.355693
2.398885
-0.200540
2.351117
2.356767
2.339858
2.376617
0.278778
2.358282
-0.095407
1.049987
-0.423468
0.441851
2.344804
2.463152
2.380311
1.075983
1.201100
0.120172
0.021904
0.705181
-0.124590
2.331177
2.366671
-0.455798
2.375796
2.330625
2.312155
2.351379
2.366981
0.014928
0.599158
0.265414
0.793892
2.365241
-0.405161
2.340374
-0.036517
0.717611
0.904875
-0.181404
2.324435
2.379907
-0.113319
1.130320
2.344417
2.432801
0.278652
-0.073435
2.364751
0.859624
0.052727
2.398421
2.328542
2.349974
2.377460
2.335178
0.880344
-0.560420
2.381501
1.187938
2.327827
2.257963
2.370366
0.727869
0.270293
1.129266
2.350316
0.767522
2.351608
2.316134
2.315993
2.469413
-0.366955
-0.267929
0.213198
0.404957
1.263900
-0.406638
-0.233720
2.373001
2.365934
0.156915
0.644801
0.501920
0.013162
2.395819
0.499828
-0.503770
2.345355
0.567540
2.356296
2.346420
0.663115
0.316326
2.364946
0.745182
2.222498
1.213381
0.768678
2.367397
0.200675
0.668190
-0.661104
2.380108
-0.242555
1.125828
2.359878
0.454643
0.154622
2.346182
2.374961
2.371817
0.944724
2.353872
2.381611
-0.077257
2.357622
-0.220153
-0.556849
2.360668
0.158630
0.721582
2.340700
1.261508
1.100788
0.637931
1.079919
0.036609
0.465409
0.504032
0.557139
2.370783
0.371700
2.413003
2.356038
1.103165
2.410174
2.357442
2.382270
0.357168
2.378654
2.363672
0.229794
2.295800
0.413723
-0.170065
2.367690
2.357151
2.354124
0.381605
2.350984
0.841601
2.355819
2.404728
2.361355
2.385805
2.368683
-0.318102
2.360145
2.358385
2.386106
-0.139211
2.353809
2.372954
2.352005
2.305999
2.343601
-0.513581
2.355182
2.316118
2.377388
1.216453
-0.565679
2.341156
2.370171
0.042627
2.337827
0.064713
2.348361
1.177376
-0.262796
2.324549
2.374075
-0.474301
2.350374
1.300176
1.323163
2.424327
-0.543829
2.394640
2.276539
2.392988
-0.505107
0.501352
0.556266
0.407586
0.879037
0.132952
0.897247
0.282630
2.393126
-0.462736
0.924230
1.056140
2.437041
2.337077
-0.255471
2.361248
0.202231
0.063761
2.356987
0.842459
0.763367
2.386613
2.412729
0.349331
2.364299
2.331305
2.358823
0.743712
2.308403
0.376048
2.344897
1.121986
1.232761
2.374909
1.221529
0.824198
2.331842
2.323008
2.345935
1.170744
2.371513
2.380984
2.387037
0.026041
-0.417371
0.750459
-0.122092
-0.658862
1.099502
2.394109
2.329038
0.639472
2.362960
1.111438
0.239906
2.344288
2.345212
0.440766
0.513386
2.357250
2.386508
2.361388
2.357522
2.384905
2.328814
2.397775
2.309252
2.351957
0.160586
2.332148
0.191322
-0.597225
2.388065
-0.246992
0.523412
0.516913
2.358537
2.429573
-0.416530
2.370852
-0.056878
-0.242819
-0.619711
2.349793
2.369050
2.350736
-0.366646
1.119578
2.342605
1.091677
1.183963
0.984378
-0.548244
0.273763
-0.120899
2.275685
2.387959
2.385669
-0.503057
0.924346
-0.721471
0.618261
2.415201
2.331262
0.638130
0.880254
0.874213
0.423586
-0.171951
2.355707
-0.605160
2.363837
0.841147
2.326327
0.135715
2.395784
-0.597771
2.339281
0.211332
2.300142
-0.546396
2.332866
-0.037599
2.321941
2.339898
2.420536
2.331077
0.411096
0.265383
2.360263
-0.199211
2.367411
-0.268828
0.496764
0.011027
2.285834
2.339428
0.486138
-0.555179
1.125736
