0.655746
1.004962
0.896599
0.269896
0.899388
0.893663
1.359815
0.774825
0.663876
0.434822
0.551524
0.653216
0.961777
0.816648
0.911474
0.929944
0.887840
0.335314
0.291207
0.941330
0.277599
0.920076
1.452028
0.181008
0.871825
1.423373
0.745734
0.744952
0.925794
0.883813
0.796608
0.539154
0.819758
0.896951
0.202717
1.188309
0.309202
1.313502
0.617632
1.458863
0.699430
0.732196
0.607032
0.947457
0.949307
1.194307
1.445676
0.543751
0.676675
0.715458
0.996640
0.865460
1.491884
0.857789
0.815710
0.324314
0.621202
0.746414
0.802772
0.679073
0.222746
0.821830
0.588297
0.930844
0.509358
0.427147
0.747909
0.805159
0.916518
0.593340
0.934241
0.620092
0.716780
0.880019
0.662353
0.549845
1.247576
0.866781
0.864625
0.984443
0.706254
0.971011
0.219610
1.171723
0.409886
0.792230
0.880090
0.498976
0.257210
0.263414
0.771196
0.768691
0.234498
0.961765
1.403832
0.320509
0.272135
0.968929
0.375426
0.632003
0.871670
1.265358
1.437680
0.415118
0.184694
0.418220
0.952602
0.933813
1.164619
0.915051
0.998379
0.268487
0.600850
0.770610
1.370781
0.686274
0.805101
0.806493
1.465393
0.772671
0.899304
0.212239
0.901379
0.978765
1.343270
0.669214
0.695853
0.729327
0.250586
0.649974
1.471988
0.921631
0.918770
0.834888
0.859369
1.321365
1.458028
1.198814
1.262568
1.336909
0.348068
0.949684
1.444514
1.500369
1.356092
0.727899
0.971111
0.691315
0.668809
0.454458
0.590152
0.179230
0.810885
0.233631
1.085123
1.354821
0.523188
0.776588
0.852318
0.245297
0.890874
0.738063
0.772943
0.622790
1.447639
0.371974
1.463324
1.176191
0.484302
1.129052
0.664702
0.771820
0.805530
0.732534
0.913998
0.813856
0.635139
0.940705
0.637202
0.919383
0.194389
0.983784
0.456064
1.226132
1.011403
1.224581
0.923589
1.520894
1.294999
1.432111
1.158510
1.470429
0.743081
0.885210
1.456370
0.595147
0.919623
1.405142
0.921673
0.490481
0.450610
0.656387
1.311782
0.307892
0.191823
1.323465
0.987983
0.889602
0.636162
1.572907
0.893121
0.703387
0.828638
1.013673
0.962254
0.498768
0.845018
1.219830
0.757857
1.282231
0.905503
0.921357
0.413338
0.671773
0.780689
0.683926
0.556399
1.025701
0.275213
0.921329
0.961429
0.926263
1.441700
0.230433
0.941010
0.761981
0.875150
0.936979
0.642859
0.243472
0.717446
0.279238
0.206176
1.026810
0.472090
0.788952
0.978758
0.734661
0.481430
0.902895
1.428959
0.723683
0.941154
0.764359
0.655282
0.383120
0.260196
0.646142
0.682899
0.938769
1.383268
0.618907
0.828484
0.254966
1.035782
0.272265
0.915759
1.177716
0.907130
1.021789
0.258816
0.974047
0.461721
0.879427
0.871848
0.828352
0.888344
1.405338
0.933295
1.459769
0.716449
1.458875
0.248868
0.463122
0.953217
0.730205
0.513851
0.917611
0.873426
1.490355
0.561540
0.954089
0.682541
0.831454
0.674261
0.761834
1.457242
0.258020
0.622226
0.358518
0.821882
1.388966
0.815053
0.854596
0.516806
0.573410
0.507982
0.581473
0.767579
1.414939
0.893155
0.987044
1.462398
0.983857
1.120572
0.628489
1.122094
1.349034
1.369612
0.873680
0.735715
1.474059
0.362409
1.502259
1.339609
0.520419
0.248371
0.803914
0.537854
1.140044
0.348895
0.683161
0.838706
0.525021
0.204330
0.964024
0.941883
1.521475
0.779220
0.901712
0.549235
0.683031
1.551129
0.902938
0.291647
0.822383
0.879643
0.785486
0.511783
0.816923
0.451333
0.284581
1.192463
0.447526
0.888716
1.023379
0.634262
0.697852
1.001482
0.913808
0.971183
0.805320
1.471034
1.160694
0.358956
0.548218
0.682996
1.331248
0.805793
0.976342
0.277817
0.766331
1.395657
0.781288
0.632459
0.791545
0.935859
0.494742
0.678395
0.592145
1.236077
1.465138
0.794011
1.401622
1.518083
0.948626
0.721590
1.003408
1.331720
0.747500
0.687940
0.949158
0.838300
1.154425
0.795169
0.615610
0.760009
0.944737
0.809004
0.567705
0.936182
1.376357
0.795327
0.888307
1.185227
0.363690
1.319606
0.544644
1.247079
1.359405
0.808119
0.662708
0.687707
0.585311
1.274894
1.454458
0.672669
0.278775
0.870439
0.690978
0.987756
0.706038
0.963929
0.978306
0.933349
0.868250
0.868621
0.733300
0.287505
0.229860
0.775843
0.828537
0.713670
1.473808
0.728318
0.865809
0.234205
0.952556
0.800878
0.261408
0.651802
0.811234
0.989936
0.760409
1.442746
0.500027
0.491259
0.698158
0.528035
0.999027
0.419958
1.401313
0.755513
1.350180
0.302355
0.608639
1.313451
0.756221
0.904616
0.710567
0.866021
0.993073
1.160027
1.375149
0.937555
0.867944
0.442284
0.926856
0.560145
0.755823
0.943369
0.894884
0.635517
0.794766
0.988925
0.286757
0.379497
1.448766
1.378936
0.552632
0.577534
0.953672
0.529614
0.472082
0.215264
0.839263
1.109710
0.288397
0.893914
0.811786
0.289553
0.917569
0.888851
0.965634
1.239210
1.420928
0.234666
0.937612
0.640863
1.281002
1.475508
0.292069
0.917658
0.835103
0.773694
0.824317
0.398888
0.947590
1.173388
0.759795
1.099796
0.747644
0.737702
0.846523
0.785628
0.913832
0.708831
1.434015
1.473829
1.183798
0.670823
0.656304
0.935479
0.691875
1.485793
0.671419
0.731328
0.879457
0.649167
0.252043
0.937345
0.440818
0.918866
0.865138
0.662859
0.918668
0.736115
0.474534
1.306639
0.460668
0.764035
1.264032
0.418815
0.929922
0.935252
0.832830
1.456941
1.323745
1.229405
0.942598
1.323470
0.734339
0.514679
0.919611
0.910580
0.764621
0.811866
0.961703
1.377031
1.091297
0.901879
0.370337
1.332449
1.454774
0.680004
1.272848
0.361286
0.775745
0.427824
0.411470
0.379509
0.450670
0.446602
0.959868
0.641340
0.488757
0.845990
0.837793
1.403887
0.777956
1.388534
0.717664
0.548059
0.290101
0.319481
0.847884
1.164013
1.426388
1.299140
0.316284
1.268560
0.675013
0.938675
0.989294
0.730642
0.456073
0.793303
0.755104
1.455208
0.964901
0.989060
0.624594
0.927990
0.781304
0.916645
1.441685
0.862029
1.462260
0.854248
1.487423
1.437006
1.235620
1.177454
0.784183
0.974181
0.502517
1.434431
0.976317
0.724230
0.498844
0.734505
0.983834
0.674634
0.310703
0.818956
1.215020
0.887266
0.867638
0.795591
1.414833
0.813435
0.931085
0.795342
0.552472
0.905473
0.771093
0.975736
0.864015
0.849165
0.363300
0.351556
0.451881
0.996013
0.217218
0.921390
1.489864
0.288492
0.382574
0.916643
1.010987
0.922763
0.815283
0.663232
0.972460
1.365391
0.492245
1.359322
0.895669
0.721956
0.752226
0.943652
0.369823
0.672579
1.339506
0.958951
0.455295
1.504913
0.834219
0.752062
0.699398
0.802598
0.674460
0.181009
1.225298
0.778368
0.638851
0.896778
0.835286
1.311580
0.194471
1.298390
0.207608
0.478636
1.242367
0.766634
1.434730
0.882182
0.199444
0.959543
1.407274
0.828228
0.967663
0.944940
0.423610
0.761098
0.795146
1.477050
0.797723
0.941432
0.816440
0.704833
0.793455
0.900260
0.555184
0.251626
0.834375
1.290934
0.580457
0.820699
0.376053
1.310642
0.674076
0.874212
0.818507
1.310537
1.304248
0.493507
0.343958
0.750737
0.514486
1.330403
0.363535
1.206746
0.881103
0.755493
0.811598
0.989521
0.403395
0.832665
0.939145
1.117343
0.364843
0.675509
1.376092
0.834499
0.792083
0.418857
0.257914
0.328064
0.636513
0.564738
1.493218
0.830735
0.693558
0.490824
0.934822
0.471007
0.300122
0.963977
1.493445
1.431895
1.419717
0.381344
0.951431
1.179786
0.917671
0.760306
0.906784
1.350785
1.267571
0.519822
0.966362
0.835503
0.758412
0.677410
0.669823
1.506824
0.645478
0.374972
1.129105
0.651427
0.396389
0.693125
0.321310
0.751603
1.126146
0.322947
0.803373
0.333024
1.404685
0.691308
1.389305
0.921525
0.914959
0.536687
0.744576
0.810595
0.411349
0.895378
0.942630
0.474691
0.918067
0.811159
0.538919
0.743106
0.282794
1.278527
0.791782
1.445091
0.906403
0.505442
0.463305
1.426307
1.475508
0.829981
0.982045
1.402134
0.522456
0.596088
0.774883
1.338381
0.943145
0.966282
1.466146
0.246926
1.443036
0.229176
0.735413
0.685825
0.860332
0.459130
0.920107
0.899783
1.270125
1.532476
0.715698
0.586883
0.917683
0.330280
1.398828
0.210728
0.900829
1.278708
0.773539
0.977729
0.588311
1.084813
0.608805
0.940435
0.242284
1.464395
0.971252
1.013204
0.812171
0.414421
0.807196
1.377818
0.901811
0.709628
0.508097
1.436404
0.630918
0.840475
0.782208
1.478879
0.841913
0.448379
0.858975
0.295663
1.296399
1.321122
0.960994
0.801173
0.835528
0.251236
0.703010
0.904882
0.828000
0.988772
0.508905
1.491861
0.929382
0.720550
1.255906
1.283783
1.012980
0.832320
0.606816
1.346489
0.707238
1.044119
0.874718
0.860437
1.364167
0.802443
0.954884
1.277658
0.912877
0.286994
0.571516
0.372240
0.894508
1.581301
1.242752
0.913018
0.694066
0.723217
0.242366
1.246545
1.391536
0.935942
0.977857
1.222744
0.746561
1.482943
0.692659
0.224504
0.560257
1.468762
0.442146
1.407114
1.365743
1.471045
0.576304
0.877216
0.413209
0.826718
1.449000
0.625781
0.509240
1.426416
0.655601
0.890627
0.727476
0.943521
0.913346
0.732503
1.515568
1.333928
0.584884
0.867235
1.247651
1.334303
1.193271
0.714721
1.409402
0.601776
0.825615
1.501555
0.765679
0.715337
0.957877
1.246024
0.788204
0.102718
0.925862
0.866427
1.345439
0.922839
0.796610
1.329706
0.787331
0.716694
0.270998
1.445130
0.865736
1.386468
1.403137
0.994862
1.106234
0.434096
0.861775
0.756764
0.800977
0.871904
0.721657
0.876313
0.586045
0.819677
0.490699
0.520490
0.409334
0.839746
0.708692
0.538325
0.602536
0.776314
0.471328
0.701673
0.869143
0.865208
0.792443
1.252197
0.911695
0.261124
0.815775
1.323397
0.808077
0.829367
0.518769
0.744845
0.797455
0.933924
0.535405
1.430834
0.820786
0.235420
0.945350
0.954761
0.864026
1.253650
1.156837
0.987175
1.113692
0.837301
1.374215
0.678902
0.332818
1.300336
0.488192
0.595177
0.691745
1.314343
1.430070
0.439390
0.455330
0.841854
0.749585
0.891386
0.344656
1.242039
0.876082
0.827243
1.493431
0.786467
0.552373
1.337080
1.491269
0.867146
0.948656
0.915272
0.664425
0.197619
0.968127
0.291828
0.747669
0.969645
0.679746
0.701843
0.165655
0.921991
0.890161
0.908996
0.603995
0.496603
0.607137
0.252288
0.848657
0.761933
1.509298
0.834804
0.648623
0.454051
0.782411
0.690014
1.476351
0.274662
0.844258
0.339294
1.338452
0.844827
0.941665
0.972585
0.736698
0.674250
0.689402
0.882923
1.360179
0.604783
1.016107
0.800591
0.223551
0.529059
0.777796
0.532299
0.812034
1.301279
0.348560
0.649921
1.178116
0.583254
0.948630
0.562459
0.389198
0.923129
0.636811
0.858983
0.768456
0.743406
0.994726
0.492569
0.220359
1.204319
1.403436
0.599665
0.779273
0.898507
0.923098
0.733761
0.804038
0.424169
0.689340
0.935994
0.903375
0.777724
1.452722
0.934999
0.553249
0.493883
0.971215
0.657820
1.036498
0.799795
1.430841
0.628516
0.827883
1.369873
0.697506
0.703542
0.969190
0.337363
1.313308
0.866684
0.637676
0.950984
0.791003
0.521136
0.938187
0.477122
0.886110
0.735319
1.165502
1.018034
0.779052
0.801023
0.218914
0.369436
0.858053
0.927954
0.932579
1.344723
0.895768
1.376097
0.476958
0.529083
0.328397
0.913411
0.452806
0.879419
1.379562
0.538776
1.302464
0.324626
0.543504
1.431852
0.767515
0.990574
0.530099
0.699735
0.457511
1.464448
1.434373
0.417265
0.865225
0.879352
0.754349
0.463343
0.744478
1.407600
0.821928
0.807330
0.291806
1.445606
0.643734
0.561576
0.692127
1.458599
0.657891
1.326479
0.910897
1.511471
0.891334
0.677009
0.475434
0.771054
0.724356
0.757564
0.575552
0.628931
0.954755
0.875339
0.379163
0.593580
0.743589
0.977249
0.830677
0.460047
0.587227
0.420339
0.852265
0.881915
0.997209
0.772510
0.766969
1.221664
0.870131
1.492932
0.880320
1.209361
0.439143
0.933165
0.670681
0.795222
0.852306
0.340512
1.065364
0.745206
1.334858
0.504952
0.988062
0.847683
0.944229
0.534282
0.752486
1.215811
1.227502
1.429474
0.946161
0.269414
0.771083
0.925701
0.813384
0.740665
1.018815
0.798176
0.633189
0.868888
1.426714
0.787968
1.459167
0.606026
0.943921
0.314106
0.860742
0.870519
0.863713
1.517974
1.501489
0.930959
0.315794
1.204730
1.320531
0.779839
0.408356
0.812830
0.515232
0.545555
1.360695
1.200714
0.303161
0.285156
1.467228
1.270492
0.791855
0.926466
1.054910
1.281552
0.813168
0.626606
1.409425
1.298595
0.871734
0.337176
0.507382
0.697779
1.419554
0.524217
0.915542
0.853598
0.959371
0.928775
0.787793
0.971335
0.935675
0.374763
0.748257
0.525622
0.421797
0.911903
1.373252
0.717718
0.908328
1.439969
0.722288
0.847210
0.591892
0.602313
0.721450
0.670119
0.885627
0.265616
0.489310
0.839534
1.445613
0.664242
0.790460
0.832803
0.220457
1.442858
0.747953
0.246646
0.262702
0.936142
0.797986
0.737740
0.747781
1.129720
1.421998
0.654165
1.497693
0.851973
0.507487
0.884293
0.358009
0.795871
1.442541
0.465427
1.484991
0.618389
1.353697
0.924627
1.442789
0.686051
0.782380
0.421172
0.587963
1.431986
0.560133
1.428532
0.494637
0.819541
0.859126
0.937826
1.554119
0.793787
1.006147
0.800178
0.647783
0.809019
1.099004
0.830253
1.312364
1.381001
0.821607
0.503499
0.824657
0.963523
0.630056
0.964081
1.571939
0.668470
0.777844
0.275389
0.780186
1.062887
0.681300
0.708906
1.339717
0.957277
0.737095
1.438416
1.016816
0.955658
0.773839
0.782078
0.962338
0.341387
0.898278
0.840780
1.234644
1.461634
0.892538
0.833273
0.494467
0.928764
1.323543
0.469300
0.911715
0.898950
0.807516
1.038902
0.883118
0.340749
0.244950
0.999411
1.369090
0.738019
1.456731
0.785295
0.905078
0.654052
1.083344
0.345485
0.601902
0.486144
0.644304
0.623343
1.396294
1.193217
0.814325
0.782614
0.715964
0.684270
0.782695
0.492843
0.686463
0.941006
0.671857
0.698256
0.271724
0.920860
1.516221
0.275046
0.966705
0.778581
0.917778
0.958491
0.408369
0.902574
1.440427
0.414843
0.501147
0.556771
0.664987
0.309559
0.906201
0.452911
0.429652
0.601491
0.779618
0.673534
0.787968
0.389453
0.839635
1.060263
0.359501
0.924910
0.505531
0.827596
1.238769
1.412964
0.231476
0.960833
0.499947
0.549152
0.803147
0.991143
0.791534
1.309010
0.791003
0.808127
0.811110
0.861045
1.085767
0.386484
1.478449
0.284536
0.239395
0.291115
0.283137
0.740046
0.313346
1.223343
1.248368
0.694498
1.424478
0.459122
0.969451
0.946283
0.546367
0.879003
0.846695
0.959591
0.969036
0.735564
0.665075
0.833251
1.459636
1.458406
0.514610
0.337466
0.417746
1.413013
0.805492
0.839008
1.515229
0.427320
0.298054
0.918046
0.902103
0.828764
1.009047
0.485184
0.841470
0.763458
0.660193
1.222799
0.801497
0.807034
0.932727
0.946540
0.822441
1.343168
0.579271
0.797224
0.982942
0.671975
0.537009
0.766916
0.770857
0.332883
0.792657
0.340174
1.380750
0.973062
0.339645
0.337290
1.443905
1.371746
0.455137
0.525776
0.893278
1.547021
0.920985
1.070554
0.749999
0.983453
1.045714
0.252944
0.908295
0.733170
1.225677
0.948452
0.523990
1.337028
0.941437
0.856457
0.795971
0.565244
0.253623
0.882836
0.716541
0.726486
0.869061
0.612889
0.444525
1.563247
0.320465
0.929811
0.682119
0.516570
0.357365
0.632918
0.506968
0.819980
0.767103
1.483329
0.611190
0.863353
0.758061
0.751777
0.261349
0.610501
1.279537
1.248135
0.827616
0.412046
0.951490
0.418272
0.976376
0.197312
0.748889
0.627189
0.586233
0.487913
0.977202
0.728080
0.257220
0.904398
0.611208
0.672150
0.831531
0.275162
0.433132
0.900177
0.650348
0.596292
1.471286
0.416989
0.876509
0.895275
0.702807
0.231823
0.282878
0.911770
0.262897
1.233695
1.375759
1.168504
0.943357
0.649053
1.353765
0.948826
0.810778
0.978438
0.572312
1.081538
0.715014
0.404153
0.661189
0.682170
0.807530
0.782461
0.880287
0.795621
0.742792
0.759000
0.962654
0.621443
1.516196
0.520866
0.573661
0.901593
0.764318
0.776802
0.273082
0.416891
1.388155
0.416570
0.224907
0.699414
0.746615
0.825337
1.165861
0.270803
0.918243
0.492502
0.790966
0.415975
0.528722
0.776350
0.812328
1.518257
0.764890
1.194158
0.635914
1.010302
0.879891
0.707608
0.595954
0.583145
0.896653
1.548272
0.797357
0.847686
1.222859
0.690448
0.930462
0.636864
0.954095
0.742756
0.788811
0.300205
0.561385
0.843575
0.434719
0.326485
0.909442
0.893607
0.710037
0.512990
1.040323
1.521128
1.235884
0.637463
0.860742
0.556552
1.483431
0.249527
0.757941
0.558470
0.837267
1.394722
1.438971
0.955959
0.515039
1.291033
1.362298
1.427903
1.148703
0.964010
0.802654
0.944134
0.975015
0.632298
0.972455
0.938471
1.369287
1.476275
0.757698
0.253720
0.714163
0.454628
1.511113
0.903829
0.809252
0.734341
0.738150
1.149954
0.929135
0.703745
1.444591
0.754694
0.931877
0.747273
0.647103
0.724491
1.222959
0.942032
0.741168
1.399221
0.943530
0.704849
1.291872
0.256290
1.246331
1.509752
0.429702
1.460772
0.817325
1.434529
0.545553
1.360360
0.695284
0.960628
0.721012
0.892125
0.959289
1.449432
1.414488
0.645568
1.163242
0.836292
0.801875
0.552510
1.450425
0.889143
1.179046
0.762090
0.824448
0.904984
0.741621
1.403146
1.231309
1.415501
0.930171
1.329575
0.799418
0.909290
0.530526
0.660123
0.247060
0.754085
0.866144
0.825371
0.610865
1.383716
0.652691
0.790266
0.965951
0.904391
0.670978
0.419407
0.410735
1.449488
0.761760
0.496718
0.802448
1.273348
0.717128
0.724514
0.822386
0.915844
0.665456
1.109341
0.717883
1.044813
0.787758
0.930351
1.448276
0.673081
1.188948
0.793914
0.570487
0.815119
1.103384
0.892033
0.919629
0.797496
1.405116
0.887410
0.690571
0.910611
0.981804
0.917195
0.942160
1.001372
0.734961
1.391620
0.933968
0.663443
0.927236
0.540021
1.040625
0.410844
0.531191
1.165175
0.889558
1.493906
0.273788
0.801663
0.749040
0.732651
1.348777
0.910631
0.788118
0.299692
0.770357
0.458353
0.644209
0.802412
1.255068
0.289437
0.734271
0.830696
0.874568
0.738013
0.283468
0.896512
0.221383
1.323065
0.714870
0.817859
1.107040
0.823656
0.972244
0.946510
0.917668
0.144168
0.595688
0.780215
0.921585
0.621771
0.707219
1.449680
0.924197
0.687752
0.654899
0.679051
1.496563
1.308844
1.295777
1.201675
0.823882
0.309528
0.512598
1.528957
1.414393
0.930153
1.447063
0.756973
0.604278
0.765410
0.783660
0.676264
0.474526
0.934699
1.056908
0.575373
0.935988
0.259999
1.354796
0.247693
0.779770
0.258954
0.837695
1.289829
0.870180
0.230794
1.553400
0.421142
0.385001
0.824718
0.828137
0.489378
0.867283
1.465269
0.573317
0.443963
0.736957
1.354003
0.837326
0.742869
1.242330
0.368782
1.434926
0.604082
0.970985
0.485588
0.734996
0.320200
0.458123
1.262782
0.718893
0.498320
0.554776
0.783483
0.959688
0.856289
0.771875
0.839468
1.347547
0.911409
0.495228
0.942877
1.220975
0.943107
0.231573
0.878182
1.376391
0.800448
0.959772
0.549499
1.102488
0.532218
0.749109
0.779631
0.592166
0.846003
0.232938
1.333750
1.425533
0.505877
0.575440
0.580567
1.415985
0.759013
1.470111
1.404930
0.204394
0.963224
1.496874
1.457723
0.858837
0.229212
1.428583
0.471600
0.714162
0.859858
1.452928
0.311272
0.993247
0.981350
0.786025
1.415625
1.439318
0.354693
1.426089
0.287364
0.845742
0.882287
0.546296
1.495187
0.353211
0.809012
1.461345
0.749848
0.821341
0.292245
0.271042
0.911152
0.467465
0.739478
0.624208
0.630201
0.574760
0.575496
0.585554
0.861811
0.757650
0.768156
0.316386
0.924892
0.722293
0.692214
0.896511
0.907906
0.911703
0.888222
0.861471
0.902763
0.787156
1.003976
1.434210
0.851299
0.968239
0.689777
0.792970
1.460009
0.923799
0.663867
0.943914
1.400295
0.568953
0.282488
0.483256
0.514682
1.054322
1.405634
0.696592
0.812352
0.960152
0.404204
0.787614
0.869663
0.813622
0.990897
0.933302
0.704509
0.966552
1.301615
1.419811
0.447027
0.897291
0.816539
0.655552
0.293633
0.783960
0.746344
1.467896
1.419110
0.563481
0.800673
0.965636
1.088590
0.491322
0.947643
1.036908
0.940029
1.033370
0.927757
1.017491
1.252590
0.331276
0.295004
0.995513
0.549865
0.355086
0.353606
0.714122
1.432285
1.229182
0.271125
1.467214
0.584461
0.814466
0.922514
0.794121
0.517013
0.385548
0.294163
0.806227
1.534823
0.796915
0.937735
1.411289
1.060700
0.324147
0.244282
0.773631
0.508664
0.228011
1.423278
0.255292
1.058323
0.727733
0.729774
1.480710
0.867661
0.468620
0.674049
1.426766
0.738383
0.325349
0.941359
0.802215
0.548249
0.391150
0.757506
1.387444
0.568637
0.938780
0.382928
0.813522
1.421922
0.692101
0.898188
1.418774
1.166728
1.117303
0.865791
0.956928
0.326858
0.679088
0.907650
0.351814
0.310865
0.256677
0.336535
0.320073
1.420634
0.977096
0.881360
0.943124
0.899272
1.008168
0.826906
1.500377
1.452269
1.444305
0.972001
0.187439
0.259906
1.287522
0.622603
0.963340
1.337381
0.821072
0.321903
0.531332
0.306284
0.699180
0.967330
0.534955
0.868969
0.333788
0.764444
0.877889
0.864872
0.989231
0.435122
0.891767
0.502270
0.739158
1.241890
0.543003
0.631579
0.893008
0.816704
0.284323
0.709511
0.823729
0.750520
0.789557
0.459972
0.903111
0.221250
0.309891
0.851802
0.850461
0.505442
1.220692
0.462022
0.838303
0.976970
0.181475
0.632766
0.317459
0.443775
0.699867
0.897970
0.810309
0.809078
1.486290
0.248417
0.254359
0.939290
1.445326
0.507832
1.394554
0.868104
0.806499
1.287843
1.002630
1.042687
1.216549
1.370375
0.842848
0.950083
0.523824
0.390478
0.803582
0.891533
1.486187
1.448030
0.600285
0.300918
1.472742
1.473593
0.907590
0.770115
0.812565
0.549014
0.911883
0.945626
1.442626
0.654859
1.586979
0.864212
0.837100
0.738582
0.293407
0.821216
1.440627
0.790813
1.267310
1.474697
0.702567
1.294784
0.363291
0.800408
0.860171
1.188889
0.816369
0.711277
0.531205
0.645063
0.400692
0.964733
0.752487
0.519777
0.931498
0.955206
0.269433
0.752828
1.450195
0.738763
0.745374
0.876984
0.614193
0.913627
1.300693
0.937223
1.416316
0.234935
0.503418
0.905851
0.914875
1.090660
0.826210
0.151008
0.880564
0.784183
1.451585
0.762351
0.910381
0.426984
1.436697
0.242615
0.553604
1.236891
0.760779
0.422272
0.761432
0.957241
1.476692
0.685964
0.488618
1.352009
0.955003
1.147764
0.309094
1.492277
0.593246
0.884571
0.374217
0.345571
0.342831
1.275382
0.109422
0.797471
1.504868
0.322501
0.559862
0.667863
0.878387
0.968605
0.267349
0.895397
0.363208
0.886314
0.886155
0.731913
0.488161
0.747147
0.400583
0.692481
0.138066
0.942471
1.001338
0.794756
0.280462
0.868015
1.058656
0.713413
0.700731
1.017954
1.432741
1.380505
0.349374
0.863283
0.709906
0.804176
1.457831
1.528308
0.929894
0.537858
1.410738
0.946405
1.480758
0.562370
0.878110
0.695759
0.918898
0.732566
0.765264
0.674259
0.823130
0.817768
0.219419
1.410123
0.904255
0.953928
0.980155
0.249908
0.319540
0.990796
1.164620
0.291304
0.436523
1.411232
0.917696
0.796251
0.642392
0.916706
0.877117
0.581002
0.743219
0.889178
0.868224
0.707017
1.460786
0.787642
1.376948
0.816340
0.510190
1.143775
1.467029
1.060422
0.810688
0.730291
0.588828
0.880233
0.662389
0.672936
0.734100
0.524738
0.755382
0.819772
1.359459
1.153421
0.256496
1.364867
0.690781
1.009455
0.655133
0.770374
0.778205
0.895810
0.459738
0.703976
0.922150
0.977199
0.448739
0.895099
1.520149
0.789840
0.946879
0.956868
0.947682
0.841458
0.735772
0.266640
0.917803
1.469922
0.561359
0.996111
0.881578
1.440047
0.577842
1.413793
0.972340
0.269883
0.916183
0.880586
1.415419
1.376251
0.660510
1.379393
1.440539
1.431906
0.823252
0.954394
0.533148
0.817498
0.731200
0.466514
0.741174
0.275033
0.198724
0.610770
0.580040
1.007869
0.757309
0.886354
1.479871
0.795690
0.868657
0.860682
0.650991
0.311034
0.800618
0.831484
0.730566
0.309992
1.447421
0.913037
1.394973
1.083434
0.291145
0.873710
0.769136
0.554907
0.930286
1.082716
0.837868
0.294888
0.720848
0.587442
0.801085
0.585971
0.880603
0.550694
0.838426
0.779295
1.384174
0.660347
0.874358
0.775624
0.624616
0.705606
0.753419
1.292471
0.402044
0.946344
0.395109
0.313287
0.852662
0.889342
1.015413
0.850582
0.770402
1.337040
1.219556
0.789642
1.026198
0.407069
0.670518
0.856885
0.957207
0.714617
1.482103
1.247046
0.813358
0.974156
0.366133
0.839034
0.414725
0.480261
0.259885
0.502089
0.301725
0.870017
0.324351
0.432942
0.814505
1.428730
0.779195
0.945357
0.780641
0.224338
0.839132
0.586510
0.777009
0.561758
0.244770
0.204075
1.061765
0.764512
0.892673
0.455241
0.369022
0.752876
0.723975
0.672035
0.404586
0.698517
0.397193
0.863903
0.710718
0.874466
0.827031
0.224684
0.893490
1.286203
0.833242
0.722520
0.342456
0.916204
0.953003
0.509606
0.475515
0.264148
1.224848
0.982418
1.505974
1.051623
0.783350
0.448089
1.485104
0.804185
0.351439
0.998335
0.752568
0.650565
0.187024
0.536734
0.799161
1.262701
0.984123
0.774784
0.269488
0.622791
0.986674
0.801110
0.631636
1.271351
0.873231
1.211941
0.698038
1.129102
0.212610
0.386389
1.523733
0.712157
1.338395
0.845133
0.184460
0.538120
0.721508
1.395797
1.503341
0.685026
1.453367
0.816488
0.547263
1.027597
0.713702
0.928854
0.722958
0.934702
0.386503
0.673052
0.768217
0.925552
0.744522
1.168851
0.721813
0.916205
0.882166
0.751281
0.682064
1.493606
0.714945
0.489855
0.538458
0.916031
0.408418
1.395321
0.577838
0.949995
1.084455
0.257199
0.565425
1.397753
0.560478
1.475934
0.905234
1.084671
1.438723
1.458971
0.888820
0.342810
0.961127
0.539896
0.650647
0.864090
1.045637
0.770416
0.632333
0.913746
1.429025
0.950100
0.902856
0.882862
0.567635
0.349082
0.624881
0.497398
0.740962
0.691645
0.864495
0.226362
0.377396
0.727426
1.498626
0.920482
0.657924
0.932268
0.963811
0.786254
0.626979
0.844536
0.628306
1.435329
0.818186
0.620889
0.518115
0.952064
0.592500
0.919836
0.862607
1.015128
1.094369
1.510318
0.813330
0.853605
0.732084
0.659880
1.468100
1.425880
0.855749
0.457874
0.784228
1.022684
0.611763
0.672917
0.843995
1.457963
1.486510
0.715560
1.428145
0.633960
1.098640
0.810278
1.320289
0.901221
0.426557
0.896140
1.173197
0.449170
0.209145
0.701081
1.423274
1.447016
0.878585
0.909291
1.461482
1.143777
0.765979
0.649338
1.382716
0.578489
0.313124
0.546482
0.551916
1.438703
0.811090
0.634803
0.920494
0.415793
0.786314
0.758666
1.149564
0.892802
1.024393
0.901128
0.596660
1.496633
0.836418
0.871717
1.461500
1.485895
1.548466
0.522474
1.381238
0.861367
0.536546
0.444098
0.321035
0.380084
0.711840
0.880667
0.491375
0.567999
0.894129
0.856196
0.991099
1.479047
1.105264
0.891015
0.606437
0.388798
1.465555
0.672762
0.659522
0.936210
1.389067
1.543671
0.403675
1.367383
0.853271
0.736225
0.335245
0.252904
0.779504
0.883318
0.909833
0.776607
0.759425
0.512376
0.427898
0.851413
1.430394
0.775171
1.486485
1.089315
0.640125
0.288068
0.798774
0.597478
0.374600
0.597239
0.736640
0.755171
0.947038
0.942479
1.214971
0.744853
1.357587
0.270868
0.981672
0.213673
0.844818
0.429276
0.543177
1.065009
1.098216
1.480969
0.950625
0.892592
0.609576
0.991875
1.483484
0.516661
0.346481
0.978004
1.451416
0.776909
0.439155
0.610623
0.609779
0.661152
0.893823
1.472526
1.403427
0.788122
1.439119
0.790749
0.957861
0.405288
0.758138
0.873958
0.737794
0.315137
0.816292
1.262496
1.421225
0.606162
1.318523
0.869047
1.373526
0.710085
0.684235
0.425981
0.566640
0.893741
1.251171
0.749402
0.850747
0.374160
0.913015
0.307274
1.441252
0.765742
0.795919
0.805222
1.096922
0.643063
0.769903
0.845517
0.508087
0.922312
0.524633
0.280638
0.770431
0.327246
0.462807
1.040841
0.651463
1.438110
0.496357
0.624390
0.801541
0.840480
1.189484
0.652770
0.707612
0.709766
0.766254
0.897785
1.010452
1.437068
0.362086
0.411755
0.524370
0.537049
0.553551
1.107736
0.878320
0.920474
0.908063
1.435451
0.959879
0.885610
0.843530
0.910374
1.265095
0.412390
0.793215
0.586450
0.753410
0.836141
0.316443
0.796002
0.982370
0.303865
0.381610
0.782131
0.695898
0.215728
0.258713
0.978376
0.270828
0.925693
0.893833
0.485662
1.000768
0.338726
1.149884
0.612336
1.084029
0.331938
0.998490
0.352569
0.434832
0.952956
0.848114
0.934138
1.453198
0.535651
0.774516
0.812344
1.456167
0.719790
0.967651
0.967076
0.777560
0.721184
1.418799
1.438388
0.910664
1.434488
0.522223
0.855650
0.628628
0.828579
0.398975
0.835025
0.670394
0.959318
0.778535
0.857266
1.169130
0.860049
0.793202
0.800915
0.789987
0.923719
0.378143
1.461841
0.676917
1.022032
0.274616
0.862217
0.902965
0.999790
0.393371
1.335863
0.861325
0.935762
1.479317
1.282351
0.667928
0.569333
1.280386
0.984228
0.433806
1.392956
0.613375
0.924124
0.273966
0.952053
1.235123
0.277820
0.745001
1.476937
0.783910
0.658530
0.530044
0.931977
0.950230
0.829084
0.773091
0.415105
0.728020
1.446097
0.546989
0.750888
0.593160
0.598453
0.817921
0.696944
0.754737
0.285967
0.770626
0.439715
1.267158
0.595345
0.751553
0.260392
0.970980
0.409035
1.236617
0.876432
1.206713
0.951725
0.586454
0.776720
0.812443
0.781111
0.273278
1.376532
1.114063
0.721417
0.818720
0.421592
0.641058
0.776090
0.979457
0.753862
1.304013
0.815871
0.677225
1.095614
0.438766
0.904926
1.344590
0.794948
0.898837
0.752249
1.448851
0.890177
0.608077
0.705420
1.439977
0.778685
1.014163
0.948831
0.395901
0.675460
0.215305
0.821481
0.828202
0.783668
0.666475
0.532172
0.356421
0.918136
1.430054
0.947487
0.729061
1.437055
1.397874
0.875895
0.762520
0.467927
0.290739
0.705958
0.552492
0.760561
0.805441
0.773692
0.869478
0.898751
1.434146
1.501247
0.629595
0.689911
1.358263
0.661301
0.808033
0.400234
0.750042
0.670169
0.446489
0.507185
0.698679
0.459981
0.336056
0.932197
0.797730
1.232520
1.254746
0.459813
0.499940
0.918652
0.513883
1.516505
0.509030
0.928178
1.553262
0.884839
0.962510
0.869738
1.296067
1.495018
0.248682
0.204110
1.327097
0.802192
0.472517
1.523771
0.235471
0.771431
0.913772
0.758162
1.455259
0.481085
1.040489
0.188926
0.672700
0.588494
1.505709
1.122660
0.619909
1.313866
0.541303
0.893031
0.771380
0.676076
1.123471
1.352969
0.854690
0.913339
0.957516
0.671830
0.708435
0.621944
0.476573
1.150147
0.913325
0.372837
0.897576
0.380227
0.632699
0.826489
1.112848
0.861221
1.004397
1.249918
0.734737
1.055140
1.347991
1.474836
0.270704
1.129560
0.898197
0.287350
1.488516
0.497325
1.463867
0.660070
0.762707
0.438935
0.941548
0.782237
1.255942
0.940429
0.307299
0.726479
0.628498
1.051642
0.138371
0.757040
0.701876
1.346934
1.088681
0.991298
0.699435
1.438339
0.733742
0.740221
0.783877
0.362373
0.757018
0.810010
1.363307
0.895153
0.364045
0.266681
0.944542
0.780917
0.958719
0.833330
0.897669
0.236916
0.522496
0.570951
0.551047
0.744718
0.747998
0.896596
0.995993
0.693033
0.857289
0.777415
0.610511
1.137239
0.795841
0.938479
1.283228
1.408159
0.653526
0.853771
1.440394
0.789665
1.473216
0.892081
0.760954
1.543316
0.250405
0.498601
1.344826
1.026941
0.934630
0.856892
0.730636
0.723645
0.772664
0.889226
0.372653
1.448758
1.374407
0.778973
0.943336
0.910114
0.719610
0.462465
0.644311
1.456485
0.942518
1.182089
0.668828
0.940101
0.903626
0.839138
0.463621
0.970537
1.415792
0.756500
0.823264
0.536421
1.400350
0.743529
0.714284
0.541720
0.568581
0.566880
0.742644
1.383061
1.351934
0.627570
1.287292
1.175365
0.926152
0.492444
0.848157
0.659828
1.401958
0.779079
0.455301
0.999770
0.671214
0.667305
0.964469
0.357483
0.261034
0.510303
1.346998
0.857015
1.326538
0.758505
0.262931
1.447459
0.789080
1.498176
0.692613
1.369173
0.744716
1.363196
1.434695
0.927311
0.933789
0.575716
1.046229
0.555102
0.507233
0.807230
0.636595
0.292369
0.974490
0.509428
0.476286
0.930450
1.061894
1.376497
1.461168
0.400109
0.971598
0.269950
0.835420
0.672169
0.672857
0.714904
0.739431
0.313494
0.604281
0.722622
0.908742
1.335314
0.469686
0.929327
0.833605
0.737374
0.754091
1.482253
0.541619
0.807058
0.786416
1.410043
1.045976
1.017699
0.536676
0.257823
0.999937
0.489503
1.392402
0.909393
0.865007
1.001054
0.540482
0.966186
1.368633
0.837746
0.963992
0.949396
0.910937
0.788424
1.411436
0.300828
0.627350
0.963571
0.725211
0.598906
1.231757
0.828495
0.531417
0.443846
1.147320
0.584093
0.948123
1.496974
1.330766
0.988205
0.556884
0.832455
1.163841
0.607552
0.584780
0.513575
0.801711
1.011059
0.836087
0.638204
0.660858
0.637987
1.141078
1.006068
0.901176
0.331827
1.533338
0.798297
0.952240
0.768273
0.894447
0.596724
0.961873
0.820419
0.606653
1.457823
1.296154
1.348545
1.324247
0.764185
0.383306
0.283426
0.714804
0.703961
1.449982
1.432505
0.341025
0.454423
0.951900
0.827278
0.631503
0.440019
0.917587
1.421974
1.039135
1.175329
0.271452
0.784126
0.444255
0.980316
0.893426
0.747668
1.339144
0.989651
0.785830
0.566820
1.108412
1.030994
0.935536
0.968606
1.279377
0.757961
0.377461
1.321753
0.907995
0.669936
1.543937
0.934183
0.923652
0.234858
0.771642
0.734190
0.871532
0.445982
1.011243
1.395020
0.430421
0.840471
0.938858
0.901000
0.836824
0.763876
0.301197
0.978153
0.335022
0.967571
0.640574
0.783189
0.872024
0.217039
0.965166
0.986970
0.906612
0.650009
1.498142
0.716842
0.369744
1.313339
0.669537
0.264983
0.210117
0.772935
0.696915
0.830886
1.335556
0.551580
1.490984
0.792315
0.926837
1.034717
1.276222
0.288636
0.585567
0.239860
1.345904
1.414021
0.979185
1.467292
0.256251
0.773300
0.908817
1.077986
0.811349
1.551727
0.910427
0.783652
0.243730
0.770711
0.365861
0.855417
1.434923
0.922169
1.274941
0.732521
0.835492
0.542241
1.429981
1.336208
1.110277
0.873516
0.786125
0.678830
0.569944
0.374608
0.652921
0.839198
0.564524
1.312946
0.682305
1.373409
1.184312
0.408130
0.736806
1.445304
0.790687
0.773295
0.781225
1.455387
0.545057
0.233666
1.451907
0.926310
0.562135
0.971249
1.350914
0.332774
1.422451
0.223466
0.941788
0.428335
0.488053
1.390445
0.730293
1.480983
1.135489
0.976306
0.916142
0.626027
0.934925
1.297844
0.543361
0.358154
0.707719
0.619162
0.727066
1.250378
1.451936
0.376078
0.668901
0.857885
1.437294
1.158560
0.933668
1.234662
1.011982
1.427233
1.489124
0.929484
0.929818
0.844696
0.712752
1.207743
0.632910
0.776407
0.742635
0.785602
0.930297
0.731428
1.483969
0.578583
0.964676
0.845008
0.927972
1.275652
0.883756
0.954099
0.427582
0.408937
0.729173
0.908598
0.774002
1.265521
1.188802
0.784696
0.853832
0.739343
0.982172
0.779954
1.449145
0.874423
1.048629
0.821691
0.579569
0.612772
0.777248
0.612702
0.538994
1.367725
0.376708
0.301969
0.910034
0.682728
0.812928
0.630037
0.454006
1.357882
0.383673
0.367638
0.688808
0.886030
1.417739
0.455260
1.517218
0.278200
0.736494
0.566634
0.192841
0.887901
0.947173
1.121753
1.356702
0.754161
1.102256
1.547559
0.785575
0.363705
0.687962
0.665886
0.930043
1.251477
1.290273
1.108085
0.228303
1.444569
0.760198
0.505739
1.289587
0.790882
0.795972
1.010426
0.741593
0.762616
0.786710
1.404655
0.548578
0.347247
0.915137
0.696210
1.403354
0.248579
0.897007
1.412428
0.637356
0.817795
0.230588
0.772255
0.855522
0.508775
0.951665
0.214000
0.761362
1.042925
0.939852
0.980899
0.529606
0.283465
0.969262
0.956711
0.800793
1.457850
0.913184
0.902406
0.891846
0.938127
0.909483
1.276473
0.864081
0.873340
0.872896
1.348113
0.763023
0.878923
0.640133
0.793518
0.266630
0.819307
0.731237
0.878629
0.627198
0.993810
0.992494
0.265639
0.535912
0.456023
0.719464
0.876636
1.148135
0.810815
0.996297
1.496971
0.771487
0.756782
0.868412
0.617302
0.663292
0.473709
0.942589
0.718313
1.112536
1.020680
0.631200
0.231871
0.674014
1.405292
0.831434
0.930175
0.569680
0.948945
0.837507
0.261256
0.882528
0.805557
0.815561
0.782736
0.669821
0.647006
0.292578
0.757178
0.683276
0.257495
0.773606
0.980145
0.789991
1.244823
1.413140
0.695397
0.860356
0.613995
0.994219
0.732890
0.880342
0.912287
0.705321
0.706301
0.286345
0.967535
0.521396
1.381735
0.692016
1.385352
0.882116
0.410499
0.570580
0.250976
0.477525
0.895464
0.990218
1.448462
0.778299
0.819822
0.381622
1.249454
0.460022
0.983904
0.753286
1.197743
0.597231
0.749143
0.585794
0.715410
0.326626
1.346872
0.824186
0.744176
0.266773
0.784719
0.690267
0.259553
0.911883
0.686255
0.815660
0.620578
0.566326
0.973536
0.683270
0.670959
0.972402
0.433942
0.680295
0.827681
0.344648
0.257023
1.317956
0.881756
0.507603
0.851401
0.347159
0.454576
0.778310
0.906872
0.850687
0.659226
1.446962
1.426591
0.681385
1.515273
0.873724
0.531937
0.943301
0.956675
1.466287
0.165261
0.591970
0.987059
0.898976
0.492301
1.079454
0.953184
0.828538
0.874359
1.273894
0.636272
0.303833
0.934433
1.401500
0.789670
0.857686
0.976918
1.184442
1.289884
1.373390
0.254023
0.880436
0.874610
1.408940
0.973101
0.844268
0.802003
0.575823
0.748163
0.721162
1.213642
0.876184
0.989297
1.086194
0.765017
1.449387
0.816759
1.012726
0.449927
0.792320
0.348259
1.330624
1.481693
0.919265
1.437910
1.013108
0.798840
0.444536
1.457365
1.465090
1.077241
0.536610
1.480182
0.615187
0.476753
0.243051
0.768204
0.947593
0.627054
0.835250
0.871339
0.998561
0.883654
0.283806
0.774449
0.871335
0.677979
0.615391
0.399300
1.444475
0.169977
1.008493
0.953726
0.790881
0.531996
0.437843
0.851710
0.786163
0.860508
0.712148
0.872383
0.562726
0.470210
0.756911
0.992151
1.087314
0.949110
1.470290
0.650268
0.439986
0.847449
0.255439
1.117306
0.890593
0.381582
0.796677
1.352427
0.721287
0.437399
0.977716
0.747007
0.939908
0.409845
0.933815
0.844573
0.851210
0.587754
0.923174
0.967186
1.188505
0.405631
0.575444
0.717409
0.877727
0.693295
1.074441
0.934219
0.515407
0.825770
0.891723
0.692799
1.474037
0.902470
0.878861
0.783204
0.832094
0.576590
0.732193
1.459378
0.790264
1.152748
0.923467
0.459013
0.470895
0.322162
0.328806
1.371356
1.513529
1.384903
1.372393
1.417361
0.656943
0.735431
0.337875
0.621810
1.457249
0.729691
0.309847
0.539985
0.699295
0.826843
0.520104
1.382701
0.671675
0.241682
0.932050
1.029826
0.365916
0.928492
0.797244
0.777739
0.721764
0.768445
0.992293
0.899651
0.433689
0.940175
0.813259
1.138067
0.466179
0.274273
1.540481
1.238063
0.892374
0.815191
1.516344
0.200590
0.345509
0.916294
0.816263
0.923837
0.722969
0.267182
1.289378
0.877023
1.418403
0.784608
0.526436
0.471222
0.903736
0.919185
0.851718
1.338011
1.490678
0.282970
0.738558
1.247976
0.900919
0.800387
0.740451
0.755258
1.349258
0.713248
0.847550
0.678670
0.430181
0.636659
1.423470
0.954394
0.916571
0.757222
0.864624
1.514782
0.960559
1.131754
0.566841
1.112568
1.109929
0.359431
0.773288
0.351218
0.308896
0.742025
0.974265
1.435419
0.520073
0.507492
0.453677
0.863406
0.942706
0.220814
0.698725
0.770239
0.897047
0.840120
0.482251
0.532014
0.614689
0.923816
1.486685
0.258385
0.403436
1.290620
1.398224
0.579599
0.753702
0.781639
0.499028
0.583825
1.384732
0.772984
0.784414
0.774569
0.258265
0.762517
0.316689
0.217424
0.724352
0.868595
0.773142
0.571519
0.769105
0.901904
0.781158
1.449831
1.493617
0.925360
0.713653
0.970560
0.738527
0.945304
0.757108
1.476448
0.918276
0.821344
1.469809
0.678143
0.617015
0.762720
1.345304
0.431107
0.269859
0.882439
0.782114
0.851751
0.824499
0.616856
0.997882
0.798681
0.903919
0.299354
0.646565
0.903160
1.461212
0.721965
1.428164
1.395887
1.328982
0.920987
0.573874
0.623871
0.915361
0.864658
0.793486
0.255009
0.424075
0.186735
0.806416
0.802345
1.496811
0.781053
0.435720
0.625990
0.792388
0.710885
1.122375
1.062221
0.754573
0.189981
1.225298
1.490693
0.408913
0.912971
1.451364
0.939225
0.921030
0.958535
0.813747
0.953810
0.830600
1.467497
0.561057
0.917816
1.517535
1.480316
0.881223
0.471094
0.986267
0.847284
0.972228
0.498621
0.964931
0.230183
0.331961
0.762629
0.924942
0.424431
1.232123
0.759109
0.544781
1.384111
0.888784
0.913864
0.790348
0.644516
0.401700
0.325411
0.639067
0.701185
0.644213
0.727135
0.439857
0.875094
0.661546
0.671908
0.839292
0.973806
0.595800
0.890945
0.819214
0.228342
0.360188
0.955235
0.603033
0.956927
1.477809
0.924486
1.425134
1.218982
0.966086
0.830943
1.106196
1.301636
0.532619
0.870492
1.187506
1.001244
0.715270
0.784282
1.354163
0.977475
1.475885
0.825182
0.643836
0.975651
0.784817
0.835956
0.293345
0.801709
1.163966
1.199243
1.320005
0.862958
0.723515
1.011260
1.549590
0.714813
0.669666
0.275496
0.988369
0.926334
0.574639
0.870792
0.680098
1.435029
0.323397
0.803968
1.462988
1.408673
1.066070
0.508440
0.240190
0.899335
0.313380
0.903375
0.854842
0.916390
0.999961
0.847691
0.273350
1.448607
0.670126
0.704853
0.411035
0.955562
1.534563
1.250759
0.753355
0.969372
0.952445
0.635819
0.949610
0.212310
1.098258
0.716558
1.283589
0.900443
1.433521
0.803194
0.764373
0.370296
0.918916
0.967622
0.284334
0.855155
0.455741
0.282895
0.480441
0.702099
0.965434
0.973667
0.693696
0.660703
0.696760
0.862190
0.446275
0.755994
0.988752
0.260725
1.419020
0.716792
0.777154
0.490852
0.278535
1.300650
1.511898
1.522770
0.304482
0.570682
1.355942
1.059246
0.770802
0.562482
1.116202
1.239723
0.916390
0.711653
0.731784
1.400007
0.770855
0.329756
0.941624
1.409761
0.922209
0.909231
0.340618
0.975141
0.921740
0.719333
0.763745
0.922727
0.797895
1.293269
1.513567
0.273236
0.883609
0.708791
0.917824
0.904904
0.564687
0.269194
0.660692
0.796859
0.947372
0.397273
0.689766
0.346675
0.823321
1.023595
0.550359
0.232575
1.471963
0.862376
0.518725
0.768283
0.927898
1.404394
0.298425
1.498355
0.705683
1.542600
0.672989
0.926549
0.623342
1.235944
0.884554
0.710055
0.847521
0.839174
1.438781
0.923169
1.228849
0.706081
0.625694
1.060698
0.766605
0.220265
1.522170
0.730763
1.400708
0.698653
1.346705
0.909174
0.306674
0.769558
0.751713
1.339855
0.485453
1.231944
1.107147
0.875688
1.221440
0.660847
0.704334
1.062814
0.983156
1.471033
0.768422
0.268764
0.792459
0.491783
0.789596
0.982508
0.513398
0.314335
0.631229
0.309340
0.517713
0.634466
0.903514
0.493529
0.870373
1.522048
0.235291
0.729644
1.329614
1.193557
0.943751
0.945584
0.726596
0.550843
0.746870
0.811694
1.481184
0.728276
0.757728
0.496636
0.928001
0.934571
1.260505
1.413729
1.371517
0.885368
1.223464
1.437310
0.240602
0.982751
0.728993
0.602645
1.295257
0.269528
0.379471
0.997786
0.267203
0.781079
0.721491
0.378752
0.619250
0.509736
1.447937
0.615660
1.464198
0.908572
0.769684
0.945853
0.888838
0.322489
0.993751
0.696787
1.080725
0.403392
0.309022
0.943447
0.786764
0.549658
0.814912
1.315140
0.785472
0.722359
0.315508
0.797462
1.337125
1.467371
0.536332
0.570716
0.676707
0.951650
0.305968
0.194575
0.395353
0.465970
0.750442
0.562533
0.374428
0.250807
0.611658
0.803463
1.202478
0.881123
1.025700
0.411229
0.676431
0.470722
0.987933
0.481530
0.518922
0.938314
0.993308
0.807665
0.292552
0.737679
1.433229
1.030375
0.956015
0.924778
0.351698
0.267185
0.770873
0.596722
0.825898
0.656629
1.400518
0.699462
0.192980
0.863900
0.682073
1.296609
0.490143
0.923342
0.589754
0.762719
1.324704
0.603225
0.741930
0.879662
0.536939
0.845785
0.554457
0.527811
1.153554
0.486361
1.206894
1.403579
1.471096
0.695718
0.927388
0.376556
0.228698
0.324701
1.410834
0.515211
1.474307
0.774200
1.312651
1.244104
1.282845
0.353330
0.586160
1.422157
0.278105
0.304620
0.656157
0.911054
0.702202
0.748244
0.581612
1.432281
0.336685
0.519135
0.887749
0.524539
0.871392
0.668615
1.347440
1.230409
0.299544
0.398381
0.383109
1.197997
0.423552
0.811319
0.478200
0.998376
1.282406
0.896494
0.480438
0.255491
0.713701
0.369512
1.376563
0.802742
0.443866
0.942312
0.956452
0.246553
0.970548
0.566344
1.441528
1.459924
0.842176
0.873480
0.363000
1.024265
0.788388
1.265108
1.416032
0.647993
0.279803
0.942435
1.042416
0.588293
0.780211
1.493979
0.800374
0.784394
0.539701
0.818367
1.261182
0.245532
1.484528
0.848735
0.618290
0.320022
1.418034
0.538101
0.703234
0.712208
0.816895
0.721473
0.930233
0.565612
1.423804
0.613322
0.756519
0.856322
0.449096
0.552290
1.461192
1.477843
0.595187
0.884563
0.950586
1.464989
0.577939
0.770276
1.432907
0.877177
0.354455
1.136125
0.449133
0.401455
0.398778
0.361709
0.881144
0.984870
1.416647
0.833342
1.212019
0.603288
1.465092
0.896201
1.439788
1.430708
1.390987
0.623816
0.383528
1.246463
0.626040
0.426752
0.875585
1.319992
0.553562
1.028718
0.985896
0.890779
0.450555
0.788274
1.400266
0.484357
1.327316
0.333181
0.931097
0.660424
1.221762
0.442313
0.244877
0.668154
0.837834
1.448618
0.930387
1.117270
1.014907
0.744719
1.178294
0.703997
1.468958
1.294935
0.560287
0.977102
0.267872
0.438818
0.284847
0.868296
0.566987
0.730921
0.940390
0.919620
0.714503
0.846099
0.985793
0.524011
0.809768
0.672985
0.849713
1.125238
0.234401
0.927490
0.924020
1.260299
0.792210
0.912882
0.570192
1.439571
0.741346
0.379157
0.847563
1.349610
1.283678
0.463515
0.950235
0.421862
1.399476
1.493231
0.515152
0.826301
0.917440
0.835463
0.458548
0.806120
0.634550
0.917258
0.501339
0.617079
0.687688
1.493142
0.898174
0.422761
0.797987
0.822396
0.587547
0.544884
0.806144
0.545109
0.861086
0.685378
0.465059
0.699284
0.918709
1.517234
1.439157
0.610111
0.790018
0.776914
0.683555
0.731120
0.592378
0.335300
0.944172
0.517413
0.805384
0.809874
1.487625
0.891422
0.473273
0.842323
1.009281
1.376405
0.510962
0.327258
0.831992
0.799466
1.349058
0.565078
1.018161
1.357068
0.946002
0.299247
0.586194
0.318473
0.742315
0.764167
1.397390
0.685988
0.889069
0.935710
0.472733
0.729108
0.651863
1.156910
1.386299
1.439891
0.902387
1.133375
0.753847
0.893697
0.461582
1.389404
0.519524
0.493492
0.896024
0.941672
0.719701
0.810733
0.690431
0.905810
0.227987
0.777377
0.728368
1.379210
1.441006
0.750618
1.366665
0.302951
0.549465
0.750145
1.025344
0.776774
0.714227
0.887284
0.908035
1.496291
0.577103
1.202779
0.563038
1.465701
1.280249
0.953425
0.813073
1.465725
0.320605
0.725530
0.966871
0.962247
0.973193
0.888607
0.445817
1.306926
0.972435
0.673786
0.868460
1.481953
0.332574
0.789324
0.434184
1.454184
0.527444
1.064796
1.491052
0.926306
0.587525
0.726970
1.136046
0.829442
0.726835
0.955614
0.295706
1.211852
0.905812
0.966597
0.731657
1.336894
0.870806
0.481675
0.255171
0.946622
1.216328
0.910398
0.279556
0.439677
1.452350
0.544701
0.613264
0.312534
0.804188
0.916653
0.828744
0.625857
1.476951
1.467969
0.267507
1.201186
0.624833
0.559503
0.587046
0.796303
0.599932
1.285325
0.265261
0.710483
1.004513
0.795661
0.790527
1.297453
0.722932
0.924868
1.387181
0.959042
1.319961
0.330811
1.381778
0.592890
0.810533
0.983126
0.650217
0.949585
0.401923
1.285790
0.527808
0.782254
1.314521
1.294396
1.193088
0.519840
0.938321
0.881398
0.635917
1.422361
0.620251
0.264567
0.265377
0.895176
0.760108
0.386869
0.755888
0.774086
0.379130
0.545304
0.677058
1.357419
0.961409
0.666687
0.684331
0.794100
0.900788
1.269039
0.615401
0.957934
0.552139
0.762775
1.329528
0.593874
1.446107
1.368946
1.408365
0.825660
0.632724
1.390632
1.494461
0.443205
0.943860
0.877700
0.427325
0.396455
0.923245
0.740268
0.913533
1.487054
0.405465
1.328425
0.289541
1.068529
0.112846
0.780626
0.517806
0.922775
0.816787
1.458351
0.937077
1.176875
0.516632
0.729980
0.526758
0.859609
0.636319
0.838985
0.260114
1.531535
0.752139
0.815572
0.433291
0.619892
0.244761
1.408981
0.736664
1.218632
1.206757
0.336508
0.693648
0.925337
0.931912
0.640826
0.911152
0.977083
1.413209
0.621910
0.876371
0.784572
0.413695
0.957790
0.192285
0.791938
0.825284
0.982868
0.321378
1.404991
0.645784
0.816750
0.662436
0.619835
0.659419
0.714004
0.852724
0.497982
0.619299
0.711317
1.272408
0.261937
0.786948
0.707839
0.970933
0.866895
0.804397
0.483203
0.577528
0.617533
0.861248
0.250475
0.909837
0.707877
0.564583
0.710568
1.469128
0.412318
0.872923
0.955991
1.392330
0.874536
0.993002
0.691773
0.840191
1.278976
1.443604
0.705045
0.211685
0.194160
0.306558
0.466787
0.947425
0.375103
1.295093
1.197763
0.608370
0.915864
0.577265
1.395218
0.864973
0.761234
0.490863
0.904154
1.143529
0.838851
0.953955
0.881728
0.953287
0.254450
1.394848
0.297607
0.371608
1.288371
0.274476
0.979862
0.972236
1.353686
1.445149
0.800657
0.689311
0.777747
0.230051
1.468658
1.002573
1.421046
0.270714
0.929950
1.441278
0.707011
0.765862
0.525977
0.489625
1.104021
0.583471
0.606299
1.327958
0.225042
0.990332
0.898398
0.566131
0.735967
0.727989
0.709789
0.752210
1.269618
0.895465
1.388114
0.415576
1.518802
0.525156
1.395365
0.847976
0.744158
1.108305
1.316123
0.693786
1.077781
1.438647
0.861361
1.422247
0.864575
0.905052
1.092740
0.770642
0.893768
0.977111
0.194108
0.707288
0.418936
0.219675
0.989576
0.763268
0.814898
1.365524
0.245264
0.342985
0.905146
0.932118
0.814118
0.953042
0.756452
0.681949
0.665975
1.019617
0.751023
0.442760
0.897367
0.689916
0.837122
0.775139
0.651606
0.355260
0.621192
1.168777
0.742523
0.547247
0.436636
1.014520
0.735402
0.301749
0.823904
0.367815
0.932310
0.438659
0.903558
0.303882
0.773355
0.465580
0.926133
0.941275
1.467553
0.760434
0.721109
0.407721
0.739558
0.862220
0.885520
1.438822
0.828481
0.461318
1.392911
1.271568
0.608386
0.445858
0.831571
1.004193
1.350083
0.784368
0.728706
1.019862
0.865288
0.924760
0.908961
0.246512
0.525277
0.545376
0.713249
0.645971
0.494616
1.409316
1.414120
0.774724
0.920250
0.871500
0.645023
0.673949
1.316709
0.712890
0.545489
0.687334
0.580764
0.470258
0.693018
0.820926
0.569344
0.859527
0.814853
0.291400
0.692702
0.352498
0.947812
1.473897
0.625834
0.499070
0.971888
1.430758
0.254893
1.515951
0.233836
0.806282
0.789294
1.379784
0.663593
0.834824
0.713748
0.961763
0.765158
0.979493
0.346176
0.941467
0.589964
0.277310
0.565583
0.471836
0.932634
0.892295
1.397203
0.765567
0.891288
0.423689
0.788492
1.420689
0.508186
0.538653
0.975255
1.113029
0.523617
1.234037
0.579118
0.885604
0.892282
0.834674
1.471451
0.922260
0.773748
1.364130
0.512618
0.657093
1.143597
0.800625
0.997499
0.763662
0.338370
0.852292
0.680917
0.466686
0.869648
1.401558
0.445630
0.872099
1.130986
0.716562
1.507186
0.530066
0.839607
0.315550
0.340409
0.916375
0.886750
0.971709
0.938872
0.915677
0.701259
0.428896
1.262511
1.386891
0.894295
0.228937
0.834856
0.941770
0.862310
0.944919
0.687119
0.938903
1.124936
0.291898
0.272222
0.815942
0.339389
0.828343
0.237311
0.944253
0.780830
0.897504
1.190436
0.989811
0.906311
0.948951
0.248227
0.289804
0.731716
0.516429
0.761619
0.907133
0.473033
0.813160
0.652735
0.867648
0.696034
0.688910
1.219771
0.500835
0.944928
0.808402
1.300068
0.316091
1.306266
1.202920
0.711046
0.903136
1.329238
0.738328
0.568443
0.764547
0.823117
0.745040
0.714511
1.464211
1.097715
0.816515
0.922906
1.465591
0.607792
0.711025
1.400345
0.582387
0.881189
1.235115
1.248133
1.483556
0.622032
0.931521
0.307560
0.297541
0.821481
1.356458
0.825399
1.439592
1.389141
1.531668
0.881420
1.442301
1.279256
0.928427
0.946077
0.719959
1.332834
0.768685
0.440417
0.615283
1.401785
1.385618
0.432768
0.918279
0.820772
0.534750
0.858103
1.415288
0.619709
1.354893
0.316710
0.829180
0.251191
0.565083
0.912633
1.373749
0.779966
0.932972
0.872606
0.347273
0.969295
1.366497
1.471004
1.432136
1.425693
0.588945
0.954860
0.808208
0.587178
0.817239
1.121807
0.823460
1.174403
1.391752
0.279805
1.474196
0.779857
1.526358
0.800916
0.949146
1.468324
0.943608
0.707281
0.235522
0.343941
0.426281
0.538577
0.596035
0.490343
0.758309
0.489375
1.389669
1.349830
1.469984
0.787331
0.312573
0.552726
0.771301
1.507469
0.566832
0.879727
0.784388
1.393685
0.865374
1.428003
1.177054
0.166550
0.606175
0.752457
0.721911
0.487052
0.548904
0.964367
0.816309
0.968292
0.975120
0.713450
0.886816
0.897173
0.898865
0.951817
0.402076
0.616465
1.244635
0.974768
0.822942
0.906661
1.206776
0.768332
0.552420
1.301994
0.509713
0.731492
0.888741
0.905775
0.943737
0.523512
0.796524
0.392140
0.230341
0.813362
0.664743
1.401784
0.918822
0.961328
0.916413
0.835082
1.388700
0.327037
0.955464
0.960539
0.349596
0.640531
0.418525
0.267857
0.862004
1.190846
0.373982
0.773588
0.798007
0.849396
0.583875
0.837547
1.335852
1.055199
0.829264
0.794217
0.792547
0.747999
1.138735
1.380511
0.332387
1.371407
0.872753
0.806206
0.837629
1.458450
0.672643
0.692165
0.343340
0.699267
1.399403
0.785359
0.578979
0.475091
1.456067
0.396998
0.375026
0.704511
0.957974
1.492081
0.988246
1.167493
0.930312
0.783439
0.800665
0.774561
0.967743
0.625057
0.946268
0.758804
0.799675
1.241135
0.469368
0.568748
0.894501
1.393030
0.791725
1.427532
1.317670
1.386779
0.831295
1.492014
0.826031
0.763395
0.552941
1.420671
0.386658
0.920665
1.459591
1.455524
0.889521
1.470786
0.968618
0.741935
0.166087
0.806034
1.211243
0.468891
0.589552
1.278048
1.458449
1.396616
0.618375
0.782412
0.918239
0.489210
0.802913
0.586798
1.324518
0.781948
0.407697
0.660687
0.827283
0.726948
0.343637
1.242794
0.874158
0.784546
1.452589
0.222698
0.761740
0.326592
0.942667
0.778168
0.962562
0.391700
0.773394
0.800219
0.158844
0.563371
0.748924
0.959068
0.859611
0.253047
0.257399
1.490603
0.953004
0.554568
1.397602
0.603627
0.983489
0.838327
0.524742
0.959942
0.628720
0.940683
1.424771
0.831252
0.792594
0.842035
0.330855
0.941005
0.914541
1.454295
0.516150
0.791176
0.797925
0.454365
0.693423
0.663798
0.639433
1.174916
0.663401
1.322656
0.626911
0.642413
1.422403
1.537048
0.280917
1.423162
0.430217
0.693557
0.232377
0.412994
0.293078
0.539898
0.698953
0.827036
0.947738
0.683262
0.899201
0.613278
1.273790
0.840415
0.957460
0.942662
0.902430
0.579721
0.775459
0.640203
0.576734
0.397567
0.292533
1.399486
1.312847
0.711202
1.428269
0.417711
0.889965
0.799708
1.463103
0.817415
0.801709
0.502457
1.388605
0.766463
0.732175
0.749781
1.462384
0.312903
0.692877
0.902246
0.662569
0.819626
1.257201
0.830818
0.731494
0.264187
0.750164
0.822314
0.849059
0.567673
0.352256
0.951539
1.447530
0.776123
1.520740
0.716198
0.746260
0.962635
0.346685
0.905351
0.250471
0.889821
0.486333
1.316741
0.891636
0.843091
0.769475
1.525523
0.745875
0.444090
0.821928
0.873002
0.913996
0.448573
0.869310
1.458202
0.341615
0.252905
0.218883
1.012154
0.867665
0.540899
1.028822
1.461530
0.838861
1.398606
1.391453
0.659485
0.709034
1.274823
0.392926
0.888436
0.419517
0.778051
0.382339
0.872127
0.935436
1.245640
0.818806
0.876648
0.478082
0.982049
0.542982
0.997217
1.384262
0.952430
0.742684
0.937744
0.584486
1.406883
0.815531
1.364612
1.219611
0.416346
1.014089
0.784764
0.461321
0.761715
1.465196
0.457910
0.368645
0.864335
0.814046
0.463310
0.950343
1.268928
0.342380
1.452471
0.448794
0.864611
0.172546
0.621039
0.791034
1.428889
0.833400
1.146566
0.587470
0.274953
0.796394
1.328301
0.277772
0.991482
0.510500
0.220218
0.852608
0.796608
0.891130
0.534808
0.281097
0.886216
0.534337
0.826691
0.896642
0.409440
0.739806
0.919197
0.918916
0.938493
0.911706
0.706884
1.130693
0.945773
0.830184
0.778179
0.862213
0.378663
0.696136
1.337773
0.929609
0.427219
0.813078
1.006134
0.512986
0.782441
0.796602
1.447685
0.301371
1.336961
0.892110
0.624719
0.928615
0.507491
0.492322
0.883036
0.760509
0.858979
0.851009
1.400477
1.352007
0.439598
1.000013
0.830878
0.853896
0.680164
1.430562
0.868553
0.795365
0.258148
0.962023
0.314604
0.764036
1.278713
1.384798
0.857383
0.617603
0.671928
0.986354
0.924986
0.758481
0.822064
0.903508
0.872246
0.284486
0.890521
0.398847
1.364947
0.381346
0.799704
0.677594
0.610823
1.417222
0.897071
0.585515
1.418060
0.683110
0.913495
0.403784
0.979782
0.366428
0.740850
1.325689
0.891570
0.499318
0.519963
0.286801
0.305881
0.754040
0.814146
0.472707
0.930401
0.661761
0.976047
0.697410
0.901045
1.427209
0.811236
0.489414
0.368007
0.389678
0.862321
0.633962
1.405457
0.272194
0.745452
0.752170
0.757452
0.972656
0.279611
0.547192
0.808780
1.023044
0.231074
1.511955
1.201927
1.433094
0.722013
0.571683
0.993129
0.608509
1.393568
0.709150
0.177122
0.777373
1.290556
0.931647
0.914844
0.912361
0.735731
1.354125
0.768094
0.714141
0.518142
1.420457
0.580380
1.233733
0.812266
0.343197
1.273439
0.742776
1.413176
1.592563
0.667420
0.947559
0.937187
0.580657
1.441073
0.480108
0.942865
0.972768
0.707730
0.736478
1.088951
0.921936
0.948138
0.661800
0.941683
1.418963
1.382972
1.045502
0.910947
0.574953
0.524774
0.350974
1.224144
0.947285
0.980152
0.523531
1.052568
0.486044
0.496755
0.269807
0.891579
0.526763
0.741719
0.815064
0.945681
0.918349
0.749013
0.219533
0.845704
0.707401
0.700368
0.276050
1.263160
0.451348
0.781737
0.219047
0.921045
0.450879
1.408817
1.510312
0.482948
1.375451
0.938131
0.370008
0.213833
0.962879
0.669705
0.506487
0.467880
1.346483
0.411509
0.658887
0.164991
0.993147
1.326229
0.854085
0.491193
1.185306
0.291775
0.913320
0.539827
0.593239
1.483903
1.493707
0.943602
0.441163
0.749198
0.606222
1.256760
0.761836
0.598132
0.470735
0.884946
0.988795
1.095957
0.469392
0.939667
0.937949
0.554325
0.799159
0.693357
0.761961
0.233938
1.434388
0.938107
0.943263
0.399753
0.576990
0.811199
0.323518
0.696509
0.544054
0.917244
0.954644
0.819491
1.486274
0.324878
0.475346
0.646023
0.915593
0.840869
0.914926
0.789239
0.589641
0.763004
0.387804
0.735308
0.464588
0.287996
1.257601
0.918872
0.934589
0.965533
0.789793
0.890072
0.335652
0.756467
0.343030
0.412146
0.536467
0.901693
0.297514
0.802604
0.527023
0.784657
0.476884
0.683199
0.889904
0.379439
0.836444
1.051081
0.792266
0.266386
0.310372
0.620974
1.375372
1.393395
0.226147
0.271283
0.380995
0.302324
0.954020
0.488581
0.893641
0.891061
1.215640
0.465288
0.787655
0.482554
1.430930
0.818149
0.585845
0.888812
1.034077
0.952629
1.170996
0.404871
0.881446
0.924805
1.456318
0.717696
1.094602
0.653930
1.363197
0.242672
0.806641
1.444664
0.365131
0.808521
0.816803
1.488404
0.883384
0.877252
0.883570
0.639777
1.404105
1.402505
0.821578
0.869598
1.384295
0.289783
0.705854
0.754201
0.776866
0.902385
1.453043
1.132006
0.882474
0.694591
1.377936
1.418936
1.294748
0.324849
1.401107
0.859291
0.937956
0.804617
0.815879
0.832139
1.307606
0.457522
1.410057
0.732371
0.898077
0.464511
0.727796
0.619782
0.831819
0.434904
0.725987
1.347286
0.558795
0.751850
1.232634
0.816591
0.916004
0.255865
0.673507
0.950296
0.920385
1.510360
0.962566
0.700727
0.949962
0.878374
0.486488
0.999685
0.708618
1.128451
0.774132
0.803863
0.879141
0.943103
0.711952
0.982612
0.550732
0.564326
1.399397
0.879041
1.399606
1.372751
0.439186
1.299609
0.400586
1.285529
0.239091
0.520464
0.979609
0.833781
0.517754
0.956667
0.617248
0.340829
0.481934
0.610094
0.768786
0.872048
0.324249
1.258749
0.815812
1.363378
0.799756
0.863782
0.757433
0.459215
0.983866
0.889681
1.301320
0.483604
0.679513
0.764416
0.245050
0.650252
0.217960
0.671739
0.935281
1.421551
1.498288
0.915424
0.185582
1.489463
0.964691
0.491010
0.862000
0.466398
0.884054
0.974936
0.596256
0.492363
1.278652
0.910254
0.561862
0.280027
0.467503
1.413007
0.712351
0.831516
1.453220
0.389599
0.669095
0.271203
0.966191
0.749448
1.363019
0.914509
1.488178
0.232113
0.953124
1.303298
1.006852
0.771702
1.414756
0.732953
0.941936
0.979313
1.329874
0.290704
0.522433
0.888829
0.373198
0.963713
0.908251
0.771916
0.279756
0.919825
0.849468
0.546593
0.743285
0.980548
1.358241
1.303441
1.142586
0.811235
0.708792
1.038759
0.790910
0.636435
0.746377
0.623137
0.984393
1.414014
0.905375
1.292693
0.283520
0.889634
0.961487
0.776154
0.786862
0.494093
0.519535
1.411751
0.698100
0.809407
0.802076
0.929630
0.865152
1.303734
0.752384
0.915266
1.408882
0.219399
0.314789
0.343681
0.875272
0.940087
0.199164
0.707514
0.445507
0.727052
0.991904
1.317271
1.392408
1.328540
1.486740
0.875204
0.749301
0.882992
0.952177
0.710293
1.187320
0.819271
1.416263
0.675610
0.721348
0.418360
0.461409
0.390999
0.978603
0.230294
0.730521
0.724697
0.857122
0.948833
0.822001
0.710284
0.394109
0.561235
0.451760
1.239622
0.401385
0.809535
0.274603
0.679087
0.855186
0.418732
0.820233
0.176129
0.914486
0.800853
0.250873
0.266494
0.737537
0.542924
1.461247
1.430840
0.969583
1.282989
0.595070
0.964639
0.822870
0.312693
0.398334
0.493158
0.839906
0.275694
0.296878
0.645893
0.804924
1.557021
0.543192
0.257084
1.416418
0.651632
1.186510
0.875554
1.416449
0.445166
0.689828
0.706288
0.634870
1.065322
0.886597
0.549078
1.292975
0.294426
0.903637
1.256128
0.284216
1.510934
0.450997
0.675161
1.425911
0.874133
0.795550
0.951287
0.626459
1.060242
1.266434
0.764994
0.786072
0.277024
0.263175
0.608121
0.256045
1.459421
0.905218
0.778363
0.818593
0.817344
1.222673
0.700267
0.753147
0.770423
0.907571
0.845130
1.399815
0.690534
1.335560
1.428237
0.759867
1.450818
1.324215
0.870179
0.824859
0.850393
1.455968
0.608829
0.687333
0.752230
1.463343
0.762543
0.492898
0.792201
0.428858
0.857054
0.918091
1.431321
0.801455
0.559590
0.794299
0.644661
1.088508
0.891435
0.764431
0.465185
0.877529
0.763830
1.486811
0.263751
0.771453
0.733033
0.876054
1.392529
0.592161
0.630982
0.756973
0.350913
0.810282
0.678011
1.483783
0.970920
0.828408
0.860814
0.828767
0.984078
1.373817
1.379407
1.007402
0.530830
0.274211
0.485764
0.234655
0.770622
0.887025
1.466594
0.820330
0.779211
0.857816
0.902371
1.457458
0.784911
0.434349
0.511280
0.714384
0.750953
0.813465
1.189124
0.896780
0.694583
0.767267
0.805537
0.862052
1.504113
0.969608
0.754708
0.910656
1.067701
0.247625
0.575662
1.415864
0.906415
1.366614
0.465031
0.972091
1.511748
0.654778
0.442743
0.272252
1.499763
0.925602
0.871034
0.270479
1.464081
0.603411
0.836921
0.829806
0.772610
0.489272
1.424591
0.240260
1.509854
0.924369
0.876591
1.333642
1.492421
1.352951
1.361975
0.762561
0.848158
0.297001
0.973723
1.412368
0.633452
1.439627
0.689507
0.563775
0.282415
0.311924
0.566160
0.831132
1.465898
1.303806
0.852638
0.978686
1.448828
0.772272
0.913260
1.234113
0.925959
0.773100
0.992599
1.441812
0.768733
0.930483
0.371990
0.445401
0.577265
1.444531
0.830692
0.695455
0.935531
1.096279
0.644614
0.662994
0.677189
1.419963
0.935767
1.128371
0.582570
1.224042
0.428077
0.740487
0.647569
0.189818
0.646235
0.696629
0.767290
0.326089
0.731143
0.632543
0.875284
0.924302
0.833645
0.727494
1.212250
0.268707
0.727418
0.270834
0.711048
0.615214
1.259560
0.654125
0.684348
0.662754
0.882182
0.976120
0.910226
0.546820
0.801316
1.006269
0.340741
0.947342
1.446350
1.421373
1.394429
1.421230
0.234855
0.963645
0.973460
0.668762
0.975057
0.694524
0.667381
1.200415
0.574060
0.923845
0.934867
0.603046
0.539404
0.329377
0.849986
0.912225
0.332451
0.971001
0.428397
0.814924
1.383384
0.281937
0.518562
0.827264
0.663714
0.587668
0.676422
0.923216
0.663594
1.120754
1.444410
0.637932
0.770736
0.814158
0.576354
0.827799
0.778292
0.660134
0.229145
1.401108
0.426050
0.748678
0.883286
0.926564
0.599851
0.847230
0.911668
1.514654
0.681682
1.005510
0.951793
0.416893
0.563530
0.814044
0.681581
0.832445
0.258540
1.323425
0.543523
1.205857
0.630492
0.954643
0.845153
0.293232
0.785130
1.329383
0.762332
0.778529
0.602558
0.327451
0.999518
1.468750
0.842305
0.894993
0.254557
0.981006
0.239793
0.864638
0.919736
0.252265
0.914633
0.287838
1.271310
0.760412
1.337382
0.324276
0.419788
0.947787
0.598909
0.466358
0.938225
0.685022
1.077625
0.704986
0.720787
0.298513
1.454594
1.424979
0.780342
1.099779
0.900174
0.942581
0.894875
1.497894
0.439057
0.694462
0.745331
0.854335
0.630960
0.317203
0.935506
0.208683
0.968735
1.341455
0.778436
0.697236
0.778908
1.476938
0.498674
1.276677
0.982378
0.956969
0.962865
0.522859
0.958494
0.508189
0.406521
1.016435
0.700666
1.307200
1.457306
0.474434
0.391136
0.959067
0.698826
0.841887
0.469705
0.396031
0.860610
0.392264
0.827267
0.839834
1.083547
0.961194
0.693193
1.468908
0.989790
1.434842
0.777877
0.390305
0.321891
0.875944
0.724791
0.820782
1.163920
1.233363
0.575550
0.896081
0.604967
0.880741
0.267332
1.480243
0.837973
0.197805
0.626041
0.633776
0.336213
0.427104
0.837963
0.798727
0.848356
0.277679
1.459851
0.825347
0.921164
1.243171
0.498125
0.583721
0.849743
0.751065
0.431434
0.570004
0.752730
0.903118
0.669132
0.718326
0.294129
0.956076
0.888794
0.858703
0.435391
0.831380
0.744727
0.854207
1.441241
0.915482
0.724453
0.819087
1.209377
0.339159
1.308509
0.797050
0.903797
0.423388
0.986071
0.806735
1.395946
0.813726
0.542136
0.358796
1.439169
1.475933
0.609778
1.265564
0.552598
0.960007
1.272230
0.805446
0.629274
0.587574
0.948667
0.504700
0.895983
0.492879
1.352215
0.584251
0.803326
0.715904
0.858234
0.810039
1.404926
1.000975
0.907390
0.716737
1.297536
0.802908
1.337812
0.922772
0.727475
0.518862
0.620655
1.449159
0.757550
0.620697
0.793493
0.945083
0.797282
1.085209
0.441817
1.180294
0.722837
1.495883
0.806240
1.206411
1.287956
0.932031
0.461722
0.931527
0.711324
1.512501
0.882223
0.518857
0.763194
0.909995
0.910654
0.555931
0.756324
0.285595
0.589249
0.881545
0.655505
0.997845
0.327056
0.792066
0.539162
0.902946
0.430977
0.364765
1.194926
0.620226
0.695939
0.914716
0.452175
0.875421
0.825261
0.857704
0.343270
0.817929
0.495426
0.831593
1.414429
0.914233
0.424790
0.963390
0.709682
0.400100
1.320321
0.490836
0.909580
0.913853
0.356888
1.391301
0.533957
0.504489
1.497991
0.742326
0.263866
0.700872
0.494370
0.628448
0.393229
0.347073
1.448933
0.735629
1.412803
0.937083
0.901152
0.888599
1.415884
1.452650
0.310130
1.435543
0.953027
1.162110
0.297825
0.702529
0.801836
0.887276
1.395972
0.413746
0.165265
0.306730
1.339591
0.761169
0.426097
1.000442
0.473569
0.811056
1.538151
0.919751
0.275436
1.184494
0.978002
0.741671
0.932394
0.201068
0.769330
0.858430
0.847576
1.538648
1.006034
0.794171
0.692047
0.823494
0.514117
0.987336
1.452420
1.267332
0.784812
0.750598
1.182436
0.682703
0.383623
0.725948
0.492710
0.226856
0.947417
0.466794
0.895825
0.888760
0.709346
0.903797
0.262885
0.332055
1.249475
0.741360
0.398074
0.990119
1.440886
0.297738
0.618409
0.703483
0.942834
1.406704
0.888883
1.363473
1.247261
0.763736
0.376176
0.891320
0.300804
0.801118
0.530420
0.755728
1.256711
1.122992
0.342824
0.371718
0.599296
0.671460
0.497327
1.065190
0.757083
0.887735
1.433609
1.466799
0.516016
0.310509
0.951525
0.845129
0.704508
1.494814
0.459232
1.456636
0.724695
0.863405
0.503243
0.937009
1.431193
0.574405
0.929163
0.942576
0.918304
0.558220
0.737961
0.767914
0.577327
0.866396
0.702464
0.711257
0.735473
1.388786
0.183403
1.003045
1.537111
0.550732
0.924466
0.981888
0.898460
0.604578
0.206966
0.920698
1.417144
0.841645
1.256403
0.783422
0.785921
0.528745
0.709670
1.401091
1.485691
1.427750
1.457656
0.376893
0.868162
0.813874
1.251263
0.916766
0.377411
0.730264
0.516708
1.342186
0.856077
0.291581
0.657171
0.954352
0.696171
0.871134
0.445432
0.472468
0.515616
1.404135
1.359235
1.127933
0.842760
0.488417
0.702169
1.409918
0.253096
0.491784
0.916877
0.262048
0.877256
0.731501
0.430925
1.135369
0.992491
0.459401
0.750554
1.448495
0.494714
0.910118
0.697924
1.380814
0.668212
0.982778
0.766176
0.820510
0.717523
0.443583
0.641500
0.421377
0.792298
0.829268
1.448065
1.496883
0.822828
1.004830
0.726134
0.971464
0.315142
0.376050
0.491769
1.467737
0.784748
1.339183
0.886587
1.473001
0.772687
0.714799
0.777024
1.000619
1.389987
0.842252
0.762971
1.177601
1.220240
1.382232
1.503610
0.776372
0.194957
0.669660
1.334002
0.886045
0.931319
0.754040
0.826068
0.184578
0.931454
1.129502
0.346162
1.457429
0.784420
0.666668
1.375121
0.891789
0.943007
0.858442
0.782499
1.425916
0.485065
0.897929
1.033276
1.313829
0.863327
0.942962
1.407652
0.676085
1.459221
0.733974
0.820902
0.787080
0.664271
1.403216
0.883455
1.433892
0.698174
1.085883
1.250140
0.846567
1.357275
0.353558
0.451556
0.438217
0.931145
0.680392
0.226760
1.098865
0.343358
0.721187
0.540896
0.380046
1.153761
0.999381
1.476472
0.306191
0.572373
0.930827
0.761870
0.745208
0.664471
0.937732
0.444132
0.296855
0.348214
0.883902
0.691221
0.736894
1.452768
0.542479
1.478151
0.858158
1.383496
0.877579
0.834052
0.990507
0.834114
0.795167
0.815486
1.212396
1.243933
0.678265
0.725690
0.796800
1.499006
0.414146
0.713680
0.332378
1.244819
1.404464
0.819530
0.916879
0.525998
0.257086
1.508802
1.482113
0.989247
0.797286
1.437741
0.305646
0.583986
0.647773
0.993155
0.853116
0.970423
0.786875
0.809958
0.676314
1.090316
0.693983
0.334103
0.770085
1.374057
0.824576
1.131863
1.395566
0.812289
0.838997
0.844439
1.372453
0.870572
1.060495
0.813599
0.770088
0.548204
1.307195
0.461799
0.946287
1.404956
1.202440
0.580977
0.802728
1.010733
1.370951
0.952439
0.772882
1.439852
0.448954
1.166327
1.466119
1.441178
0.631631
0.355306
0.528277
1.176336
0.886930
0.310252
0.367737
0.178854
1.227395
0.712725
0.593367
0.794127
1.126009
0.893984
0.884172
1.454338
0.662632
1.502331
1.333719
0.449668
0.938054
0.805186
0.984674
0.570747
0.978538
0.925253
0.995227
0.781659
0.608884
0.737942
1.199748
1.303033
0.644680
0.890835
1.161046
0.890271
0.500308
0.848382
1.059815
0.854872
1.056388
1.391694
0.616382
0.961599
0.910372
0.634107
1.425364
1.240430
1.449988
1.294727
0.781853
1.017346
0.274484
0.239777
0.355833
0.825444
0.317221
1.063690
0.745993
0.667632
0.898887
0.347601
0.700181
0.471148
0.422451
1.232670
0.955895
0.275551
1.581862
0.386062
0.971274
0.567668
0.629454
0.586482
1.424949
0.453840
0.721664
0.608108
0.752533
1.464508
0.569902
1.415495
0.970797
0.406850
0.677542
0.768700
0.956521
0.733867
1.020522
0.872411
0.798633
0.644736
0.833261
0.700332
0.428317
0.299093
0.424393
0.486238
0.938944
0.819978
0.835417
0.727430
0.958585
0.494591
1.541450
0.742171
0.958363
0.960030
0.791820
0.226860
0.666471
1.311453
0.829562
1.386451
0.961168
1.074454
0.251205
0.734770
1.477618
0.475285
0.569157
0.281714
0.428423
1.417694
0.974526
0.785708
0.879866
0.764507
0.519449
0.765872
1.149281
1.235531
1.399502
0.757573
0.454315
1.322798
0.893838
0.970937
0.360601
0.502411
0.897769
1.448261
0.846596
0.602299
0.747126
0.838131
0.303682
1.356403
0.305496
0.742683
0.643157
0.468865
1.055973
0.664603
0.444232
0.814074
0.414065
0.784260
0.784056
0.872556
0.285777
0.888986
1.117538
0.829767
0.862698
0.962675
0.833180
1.585090
0.804424
1.384793
0.538770
0.926466
0.699651
1.144885
1.394260
0.576913
0.833771
0.739431
0.894073
0.772304
0.933710
1.246743
0.896341
1.394131
1.482946
1.368941
1.219700
1.044649
0.972264
0.581894
0.901115
0.645784
0.712037
0.843403
0.838090
0.506237
1.429676
0.759919
0.929601
0.490499
1.343280
0.806868
0.757379
1.326110
0.861441
1.461272
0.934123
0.392000
0.625904
1.270145
0.357242
0.635937
1.485787
0.562204
0.678741
0.952052
0.968755
0.323240
1.346412
0.748163
0.418314
1.191791
0.314731
0.878699
0.606167
0.807599
0.268857
0.857327
0.772073
0.979559
1.326717
0.393850
0.958648
1.304104
0.930187
0.115693
1.346133
0.345142
0.417664
1.000976
1.461559
0.763625
0.280865
1.550340
0.789802
1.336529
0.835991
1.410753
0.946715
0.153320
0.391072
0.447520
0.903015
0.787689
0.704552
0.796738
1.214032
0.942549
1.398376
0.469017
0.786989
1.422446
0.964791
1.271212
0.507813
0.822506
1.464106
0.825766
0.402608
0.819813
0.521588
0.669418
0.744322
0.801253
0.766569
0.990428
0.967895
0.827454
0.688155
0.744923
0.929819
0.386066
0.764627
0.421058
0.385751
1.423935
0.237266
1.388059
1.357519
1.439149
0.658333
0.844581
0.799142
0.543034
0.779547
0.738804
0.491249
0.681260
0.408305
0.833043
0.985304
0.859380
0.769102
1.394263
0.587083
0.744155
0.912948
0.807798
0.916616
0.718347
0.864769
0.785153
0.863932
0.881492
1.010022
1.507481
1.232898
1.505308
0.967739
0.379120
1.207491
0.843034
0.980512
0.906654
0.941426
0.901342
0.676935
0.828719
0.279655
1.027574
0.620834
0.705797
0.213207
0.491750
0.724837
0.528580
0.981575
0.886210
0.263803
0.134837
0.804112
0.730362
0.421187
1.351208
1.410268
1.463188
0.881001
0.705508
1.238285
1.372071
0.806157
0.892558
1.482001
0.857157
0.269022
0.997804
0.969948
0.657662
0.413201
1.481744
1.400212
0.654047
0.896834
1.388041
0.927470
0.545270
0.827850
0.761161
0.820268
0.517885
0.692001
0.788806
1.394239
0.350019
0.284693
1.466174
0.944074
0.162244
0.848743
0.888493
0.614312
1.395446
0.531153
0.690191
0.965780
0.826839
0.808002
0.408562
0.298227
1.528694
1.385451
0.539633
0.584608
0.380650
0.746611
0.716611
0.955865
0.857704
0.551900
0.894788
0.851751
1.213324
1.489554
0.290986
0.679561
0.367960
1.510301
1.030024
0.850036
0.962941
0.685298
0.864140
1.138524
1.332922
0.405973
1.402464
0.555860
0.456916
0.406851
0.810533
0.604449
0.915644
1.308809
1.493704
0.629616
0.338342
0.267530
0.740664
0.748688
0.771921
0.813934
0.934965
0.664993
0.946338
0.940504
0.568409
0.538390
1.415923
0.579984
0.981702
0.619509
1.391288
0.187432
0.984927
1.380401
0.806437
1.410565
0.895536
0.492933
0.901075
1.440577
0.903202
1.162204
1.415108
0.844811
0.753110
0.647375
1.526267
0.880001
0.899955
0.446649
0.741177
1.317349
0.413643
1.143863
0.645954
0.842268
1.264491
0.750907
0.684337
0.816181
0.623255
0.913418
0.440284
0.345871
0.781393
0.944152
0.454788
0.332946
0.472498
0.369506
1.453688
0.710733
0.389669
1.431148
0.901698
0.952744
1.331464
0.452654
0.642035
0.335130
0.813896
0.592349
0.714809
0.945199
0.241301
1.372150
0.253175
0.795089
0.810010
1.385564
1.059655
0.322619
0.472328
1.447307
1.365514
0.766905
0.264940
0.391508
1.332313
0.872933
0.735021
0.447539
0.962998
0.211471
0.955854
0.402590
0.274639
1.344875
0.402759
1.120137
0.934605
0.405610
0.805908
0.969458
1.206736
0.769665
0.642097
0.846788
1.267131
0.907813
0.509911
0.777802
0.673690
1.325137
0.951811
0.920676
0.167382
0.638403
1.358885
0.772551
0.665846
1.525732
0.990902
0.574558
1.201931
0.253295
1.117774
0.820492
1.377440
0.277292
0.864131
0.927679
0.239917
1.424463
0.470285
1.219354
0.880954
0.788223
1.353358
0.561765
0.215064
1.342749
1.499087
0.561498
0.483525
1.382782
1.474383
1.055965
1.007633
1.436924
1.259424
0.701745
0.931135
0.497663
0.634509
0.378446
0.313032
1.303223
1.064931
0.830096
1.099455
0.327601
0.756658
0.716302
0.998937
0.783047
0.921114
1.232618
1.346432
0.895363
0.299495
1.241285
0.528658
0.999133
1.365670
0.208479
0.940947
0.938496
0.234283
1.484536
0.638053
0.698269
0.808749
0.697804
0.410995
1.410800
0.885480
0.363548
0.953667
0.639805
0.338337
1.066510
0.346411
0.623196
0.130868
0.449030
0.957044
0.492364
1.365932
0.929170
0.970607
0.965490
0.619825
0.993349
0.992644
0.620567
0.322387
1.468291
0.743528
0.633117
0.588278
1.224432
0.284657
1.519848
1.391539
0.678017
0.680783
1.498959
1.416156
0.640130
1.002294
1.442206
0.321879
0.930517
0.981329
0.855518
0.586831
1.405293
0.948230
0.279929
0.771181
0.770460
0.687662
0.876871
0.885902
0.561161
0.909667
0.256324
0.964840
0.913069
0.817193
0.619257
1.420505
1.478376
0.757081
0.793780
1.093129
0.324014
1.057445
1.483172
1.268881
0.816608
1.296840
0.780615
0.842098
0.943560
0.688116
0.319247
0.561027
0.702489
0.692550
0.590111
1.547807
0.868969
0.426381
1.363197
1.393326
0.620098
1.440074
0.576859
0.904716
0.976303
0.729948
0.720662
0.935002
0.508012
0.906843
0.693811
0.417715
0.948140
0.684387
0.644468
0.518809
0.601793
0.924599
0.269963
1.421857
0.861566
1.467406
0.819077
0.364340
0.735810
0.278976
0.772541
0.856819
1.006545
0.254469
0.289965
0.844763
0.456746
0.542739
1.307171
1.389594
1.362761
0.421548
0.661890
0.910209
1.317677
0.902492
1.417373
0.733302
0.874304
0.924569
0.647044
0.569513
1.077698
0.731791
0.909270
0.901538
0.970679
0.282029
0.741503
0.809284
1.427616
0.349473
0.808660
0.989361
1.499009
0.295421
1.239814
0.844148
0.949292
0.973953
0.917395
0.316752
0.764700
1.307085
0.540123
0.345177
1.001371
0.501656
0.417722
0.609443
1.103036
0.448130
1.099993
0.363616
0.891555
0.631561
0.458227
1.234341
0.338736
0.943940
0.235814
1.209812
0.800805
1.074181
0.822771
0.845476
0.935504
1.547715
1.339157
0.378072
0.857747
0.858838
0.892846
0.484800
0.331581
0.579361
0.644668
0.979272
0.787967
1.402821
0.872564
1.423977
1.000098
0.767967
0.737195
0.332715
1.469694
0.735448
0.751328
1.231060
0.227360
1.076916
0.629171
0.251895
0.168840
1.246516
0.298124
1.280704
0.953810
0.979056
0.980791
0.686609
0.468690
0.682090
0.785952
0.998308
1.053441
0.264675
0.832647
1.439786
0.948586
0.508095
0.401103
0.703862
0.664460
0.343222
0.713548
0.754802
1.462010
0.286742
0.804081
0.907168
0.885250
0.766137
1.430132
0.541838
0.819037
0.533802
0.855898
1.413320
0.433534
1.451734
1.003655
0.264742
1.040776
0.771088
0.845630
0.917242
0.758119
0.854517
0.960730
0.760070
0.280255
0.540401
0.658149
0.904581
0.706294
1.110440
0.788901
0.840946
0.984017
0.728206
1.462495
0.903604
0.190245
0.740510
1.441964
0.288802
0.263073
0.576466
0.730053
1.450631
1.198810
0.325108
0.870037
0.255167
0.648956
0.920512
0.904742
0.536306
0.884044
0.649641
0.449598
0.536654
0.407911
0.911376
0.943699
0.826740
0.792316
0.968331
0.776130
0.728180
0.798887
0.888784
0.783296
0.921017
0.982630
1.084757
1.283838
1.340144
0.492537
0.598720
0.979574
1.348038
1.604972
0.424715
0.848247
1.464658
0.794861
0.537361
1.238984
0.538901
0.917539
0.725616
1.212306
0.940900
0.616649
1.163207
1.142972
1.385817
0.562147
1.182752
0.762252
1.461464
0.340083
0.557086
0.465721
0.232217
0.816355
0.771298
1.442505
0.679038
1.401830
1.287870
0.955433
0.316558
1.055280
0.818243
0.908767
1.464190
0.663470
0.573659
0.714803
0.950782
0.600163
1.365264
0.244570
0.764804
0.639144
0.457131
0.839334
1.173406
0.239363
1.442976
0.395376
0.922969
0.923011
0.751255
0.364643
0.812966
0.812327
0.757874
0.918303
0.879071
0.693929
0.675393
1.032519
0.783706
0.833388
0.511058
0.686503
1.320980
1.445415
1.469098
0.762674
0.807660
0.911419
0.479403
1.467119
0.861601
0.492508
0.835627
0.984821
0.667592
0.781539
1.392238
0.729139
1.451670
1.453474
0.964052
0.516588
0.960777
1.323515
1.455186
0.517165
0.289107
1.498820
0.828132
0.888262
0.795630
0.886586
0.757270
0.737930
0.723342
1.339327
0.225031
1.398118
0.238836
0.799467
0.815825
0.939798
0.231601
0.960123
0.768152
1.359478
1.135518
0.627023
1.260448
1.308050
0.685186
1.500965
1.278868
1.425228
0.318514
0.998479
0.502948
0.887089
0.197719
0.394387
0.801191
0.256298
1.193745
0.210594
0.479955
0.674254
0.497459
0.700130
0.721589
1.431380
0.817771
0.419752
0.665365
0.846435
0.745142
0.813948
0.810315
0.666672
1.423011
0.814433
0.947964
0.754391
1.473354
1.127317
0.665449
0.297037
0.647645
0.839616
1.461153
0.448467
0.430816
0.579127
0.616686
1.135316
0.894380
0.769201
0.707863
1.415991
0.688445
0.432725
0.482748
0.934909
0.209979
0.776836
0.740250
0.652745
0.840440
0.865637
0.725504
0.564058
0.906619
1.378530
0.683749
0.597745
1.193485
0.726954
0.485295
1.306810
0.466027
0.653764
1.287943
0.692108
1.279336
0.747329
1.419419
0.934485
0.402707
0.657320
0.321221
0.498249
1.005016
0.447178
0.228236
1.418034
1.069404
1.186670
0.815284
0.377300
0.663353
1.287400
0.674208
0.945524
0.908106
0.557671
1.409250
1.232429
0.716591
0.489020
0.873378
0.917075
0.513179
0.907653
1.167071
0.941083
1.439764
0.278440
0.860248
0.911627
0.350852
0.658495
1.450645
0.873109
0.806150
0.475184
0.509174
0.708075
0.233833
1.391539
1.247786
0.724525
1.321448
0.850231
0.392911
0.973407
0.515973
0.810409
0.941366
0.674408
0.339430
0.735935
1.434300
0.688232
0.847791
0.859567
1.130801
1.476709
0.688963
0.957198
0.969967
0.693623
1.416379
1.457041
0.950863
1.337018
0.867868
0.881244
0.563905
1.356466
0.726987
0.965867
0.904739
0.874321
0.773019
0.670263
0.786708
0.684994
0.417515
0.795333
0.794350
0.642405
0.727002
0.268077
0.925015
0.927787
0.321152
0.953187
0.902988
1.236969
0.814817
0.746954
0.594007
0.898209
1.397927
1.134958
0.897031
0.440937
0.728966
0.406284
1.028004
0.776561
0.937775
0.622170
0.349942
0.259738
0.743234
1.479360
0.567630
0.682677
0.428791
1.388703
0.667028
0.841571
1.436944
1.328442
0.975794
1.482871
0.484092
1.102193
0.898450
0.832996
0.772861
1.432910
0.933831
0.911254
0.928737
0.753793
0.243499
0.909230
1.355461
0.607821
0.468534
0.214308
0.742974
0.668735
0.675586
0.827770
0.835166
0.811805
0.978576
0.973094
0.994087
0.621291
0.809033
0.757100
0.934030
0.875850
0.667703
0.254112
0.868788
0.779641
1.290999
1.469142
0.365176
1.264934
1.437706
0.819642
1.452273
1.007764
1.314105
0.764874
0.920890
0.856938
0.419441
0.923391
0.725614
1.472122
0.761294
0.439143
1.370780
0.674711
0.760547
0.322999
0.854262
1.344074
1.484171
0.966303
0.282961
0.704972
0.732769
0.689197
0.702518
0.609443
0.620806
1.261282
0.718847
0.670439
1.353986
0.844138
0.960267
0.320508
0.637603
0.974381
1.431392
1.342624
0.914995
0.634637
0.391657
1.337504
0.793648
0.808591
1.571909
0.695583
0.502786
0.769369
0.251219
1.231383
0.766501
0.531813
0.719482
0.836810
0.653912
0.910883
0.674251
0.881720
0.208680
0.942931
0.605932
0.306284
0.953958
0.796796
0.741243
0.955370
1.442137
0.959793
0.959415
0.706601
1.433390
0.364810
0.299411
0.584381
1.080461
1.336303
0.773707
0.963078
0.630149
0.299512
1.129233
0.214419
0.931377
0.425298
0.838740
0.875304
0.940129
0.780308
0.872969
0.889142
0.742836
0.481956
0.829434
0.831530
0.861606
0.518095
0.732627
0.324178
0.251991
1.440623
1.359159
0.950285
0.803278
1.431480
0.438297
1.357915
1.074993
0.347515
0.708311
0.897210
0.938330
1.227928
1.481364
0.674752
0.509119
0.431508
1.465936
0.632058
0.987357
0.475811
0.749697
0.536907
0.266013
0.402314
1.111819
0.279381
0.500990
0.769966
1.422812
0.987743
0.584187
0.884543
0.918952
1.359000
0.533782
0.156898
0.985042
0.579733
1.397929
1.469441
0.853580
0.782296
1.099529
0.562143
0.727878
0.405879
1.414928
0.421317
0.688696
0.964592
0.676397
0.551057
1.398204
0.263602
1.052392
0.516876
1.093970
1.241897
1.457173
0.864044
0.866779
0.822293
0.924443
0.523312
1.305125
0.881566
0.884431
1.050046
1.550265
0.641612
0.738256
0.628605
0.212620
0.949426
0.955780
0.927340
0.827882
0.764682
1.316466
0.655464
0.731040
0.519829
1.382009
0.810687
0.867331
0.906915
1.335609
0.186261
0.499264
1.271511
0.972781
1.445664
1.029756
1.416196
0.549251
0.914316
1.048856
0.845364
0.836224
0.842842
0.809586
0.672491
0.744045
0.782853
0.712658
0.294162
1.107181
0.353365
0.723556
0.311860
0.936694
0.519557
1.296498
1.410804
0.951535
1.380765
0.945570
0.228183
1.471032
0.812392
0.689377
0.295216
0.556326
0.804612
0.843434
1.102018
0.258381
0.907520
1.455963
0.410965
0.747714
1.450308
0.984187
0.961286
0.735609
0.773195
0.738552
0.671184
0.741449
1.475593
0.428952
0.548694
1.339752
0.788123
1.389139
0.959996
1.000951
1.475602
0.618049
0.987353
0.757351
0.728663
1.484313
0.996925
1.251200
0.799574
0.773250
0.392823
1.256523
1.225169
0.723344
0.751935
1.444349
0.741771
0.616318
0.791157
1.153637
0.492766
0.934329
0.914470
1.436043
0.746022
0.979130
1.386034
0.596611
0.873162
1.331033
0.995070
0.959025
0.954529
0.936012
0.709867
1.402920
1.148072
0.964874
0.937300
0.520808
0.935345
1.417717
0.597969
1.530689
0.694081
0.674575
0.930696
0.969031
0.745521
1.388712
0.408336
0.907107
0.630099
0.921044
0.885587
0.848214
0.768240
0.427019
0.342812
0.773773
1.343048
1.137238
0.826779
1.186547
1.387147
1.462527
0.627724
1.004877
0.852592
0.540331
0.615522
0.822495
1.404608
0.487801
0.975285
1.294423
0.768917
0.571817
0.800032
0.635339
0.355626
1.413862
0.492952
0.897774
1.455758
1.418215
0.532485
0.683334
0.764252
0.894301
0.880745
0.925359
0.601631
0.512286
0.992828
1.317296
1.253131
0.998317
0.845318
1.028589
1.406268
1.464901
0.987603
0.970381
0.517985
0.849247
0.610430
0.457456
1.348033
0.925322
0.610100
0.720928
0.989653
0.523160
0.421070
0.791230
0.800558
1.315751
0.882535
0.956670
0.855947
0.933113
0.996268
0.314910
0.757936
0.885139
0.811320
0.436404
0.961764
1.367557
0.570087
0.952037
0.769586
0.979065
0.336994
0.783536
1.434487
0.765026
0.658871
1.341275
1.064185
0.668364
0.546059
0.520664
0.980033
0.788183
0.749214
1.369742
0.788710
0.899780
0.688287
0.688783
0.994110
0.953017
0.896368
0.935981
0.567758
0.781171
0.512145
0.819647
0.267855
0.632329
0.751650
1.249547
0.543206
1.208977
0.772224
0.914861
1.447042
0.348834
0.281177
0.863262
0.255722
0.222455
0.435027
0.617000
1.196253
0.809509
0.230637
0.934899
0.490046
0.384314
0.322441
0.734255
0.925649
1.043217
0.824279
1.386412
1.481821
0.839126
0.642078
0.492456
0.297827
0.962478
0.754191
0.874060
0.735489
0.694120
0.643961
0.961155
0.522022
0.710154
0.607221
0.606072
0.755696
0.951230
1.345297
0.782955
0.826101
0.407148
0.305657
1.351213
0.805348
1.454834
0.633514
1.253137
0.552211
0.638994
0.758118
0.574131
0.308722
0.848158
0.996179
0.580054
0.539452
0.933302
0.802665
0.954220
0.642079
0.828731
1.047450
0.651692
0.986819
1.604486
0.663345
0.805765
0.881385
0.499530
0.903008
1.099154
0.731054
1.364121
0.765662
0.408428
0.317897
0.459273
0.950987
1.403007
1.335360
1.400615
0.906331
1.362174
0.261851
1.468636
0.722082
0.185716
0.727220
0.910251
0.798156
0.282434
1.350407
1.474519
0.683504
0.566018
0.834597
0.946626
0.571648
0.261167
0.948638
0.422635
0.974508
0.735678
1.469454
0.711370
0.248101
0.814619
0.887053
0.312768
0.828674
0.751870
0.939556
0.785867
1.484174
0.193259
0.798647
0.545701
0.931987
0.205822
0.903726
0.620741
0.969430
0.689755
0.608224
0.921075
1.575065
0.490207
0.238347
0.936514
1.403502
0.989128
0.419704
1.470083
0.686192
1.207515
0.956141
0.533607
0.276619
0.974493
1.420554
0.926044
0.779011
0.892292
0.689651
0.512214
1.236217
0.448701
0.776027
0.467149
0.639284
1.285038
0.669149
0.445419
0.459577
0.235318
0.712397
1.448420
0.797198
0.802637
0.754132
0.917111
0.955442
1.315909
0.773600
1.480018
1.507697
0.805490
0.927581
0.723218
0.798235
1.390376
0.971310
0.857008
0.432874
1.310299
0.476202
1.383688
0.815786
1.097000
0.792163
0.559418
1.400525
0.633325
1.028549
0.706787
1.255514
0.276204
0.374242
0.513573
0.756494
0.821612
0.881294
1.434800
0.910805
1.525086
0.836174
0.737126
1.269234
0.733351
0.199524
0.675474
0.958142
0.757113
0.771759
0.475739
0.843260
1.166589
0.746976
0.251034
0.896008
0.604609
1.441896
0.955027
0.727419
0.273296
0.778528
0.793247
0.651063
1.017975
1.360187
0.894068
0.426701
1.241707
1.127956
1.392641
0.986282
0.585497
0.849347
1.431801
0.373742
0.717966
1.381381
0.623899
0.236413
0.729079
0.571648
0.907083
1.524035
0.870807
0.344741
1.418685
0.823221
1.109246
0.705949
0.770842
0.638091
0.828971
0.501540
0.986539
0.794756
0.651532
0.806824
1.183911
1.447098
0.749322
1.311124
0.434440
1.016504
0.417427
0.746256
0.390983
0.463733
1.422726
0.745239
0.748162
1.571627
1.070384
0.312192
0.915161
0.901805
0.922100
0.818030
0.927451
1.094701
1.481431
0.474288
0.791860
1.511455
0.753529
1.497062
0.717042
0.868677
0.936465
0.674955
1.374503
0.736687
0.960645
0.927573
1.518536
0.565379
0.920844
0.756988
0.612917
0.811853
1.396840
0.947009
0.999446
1.112064
0.512414
1.021720
0.532804
0.666326
0.758674
0.132884
0.792633
0.803312
0.565284
0.834053
0.938844
0.949175
1.326964
0.805054
0.950568
0.691655
0.939343
1.089158
0.925025
0.773902
0.721728
0.297128
0.831880
0.984464
0.834668
1.415448
0.313199
0.860692
0.784489
0.751934
1.370551
0.415399
0.427930
0.795357
0.935531
0.536902
0.451166
0.632050
0.761334
0.982862
0.933170
0.956376
0.974317
1.583954
1.475141
1.474324
0.602494
0.821051
1.465311
0.933387
0.345926
1.278161
0.801710
0.902458
0.397120
0.335422
0.702324
0.994596
1.200594
0.332542
0.789112
0.778114
0.674647
0.921203
1.316503
0.970473
1.433406
0.265265
0.227177
0.846848
0.857405
0.747512
1.421769
0.287056
1.432702
0.397621
0.749324
0.753159
0.442928
0.498539
1.450646
0.847803
1.356514
0.543853
0.862026
0.776167
0.759111
1.487256
0.936975
1.380190
0.336484
0.648037
0.958212
0.530168
0.796897
1.433746
0.454912
0.762413
0.474100
1.369399
0.713418
0.511545
1.411366
1.339320
0.548064
0.865885
0.738094
0.215523
0.347896
0.881125
0.956320
0.897123
0.323305
0.430932
1.490280
1.517353
0.554675
0.361836
0.919773
0.702560
0.836576
0.807127
0.919954
0.445698
1.494988
0.494590
0.964089
0.461418
0.944393
0.505827
0.647475
0.369676
0.657881
1.515406
0.931686
0.525042
0.419015
0.499049
0.837613
0.833434
0.843811
0.315514
0.698155
0.503787
1.050693
0.830615
0.342418
0.764246
0.308885
0.315195
0.340860
0.222444
0.859420
0.388334
0.706246
0.692201
0.696524
0.297915
0.691685
0.713660
0.927867
0.891496
0.908039
0.746241
0.445314
0.921075
0.900624
0.641852
0.929232
1.191211
1.014158
0.965770
0.499028
0.859598
0.888698
0.993770
0.971684
0.894792
0.641458
0.339013
0.826050
0.763142
0.826505
0.830952
0.515251
1.398857
0.868280
0.660809
0.239529
1.478701
0.744383
0.739407
1.303109
0.282981
1.493623
0.950154
0.753285
0.975889
0.486034
0.377595
0.688098
0.906966
0.918553
0.956032
0.795412
0.616584
0.983989
0.945912
0.229851
0.441542
0.902469
0.943889
1.285043
0.906669
0.749249
0.623262
0.935682
0.343776
0.898241
0.775686
0.927375
0.739972
0.459944
0.786461
0.719034
0.503729
1.465850
0.667714
0.851828
0.899936
0.637462
1.058231
0.510096
0.807714
0.268760
1.467692
0.716284
0.911724
0.895380
1.244047
0.896894
0.788038
0.326122
1.411925
1.275625
0.249272
0.727793
0.507232
0.289049
0.721062
0.883433
0.670438
0.626908
0.933431
1.219360
1.489140
0.968586
1.204805
0.647477
0.704529
0.720518
0.541716
0.614833
0.263880
0.264361
0.623402
0.653041
0.838913
1.127050
1.397986
0.962799
0.499437
0.687902
0.605518
0.568153
1.481692
1.058867
0.860724
1.333575
0.842628
0.797447
0.487296
1.066965
0.764888
1.357466
0.926870
0.796166
1.100108
0.843583
0.875692
1.202618
0.549517
0.851682
0.321170
0.580092
0.257210
1.337307
0.323577
0.790018
0.534001
0.893079
1.165214
0.450699
0.599411
0.786960
0.771790
0.802296
0.801517
0.280135
1.433026
0.592358
1.454362
0.738807
0.834398
0.247938
0.935157
1.063131
1.494557
0.594196
0.484721
0.396926
0.446300
0.813167
0.282097
1.189069
0.786364
0.994212
0.938624
1.250131
0.823141
0.625568
1.304363
0.301562
0.791257
0.291985
0.857420
0.401684
1.483436
0.780933
0.837316
0.811541
0.478180
1.128313
0.830379
0.818061
1.354675
0.967253
0.464271
0.866675
0.612695
0.851958
0.801546
0.476479
0.908887
0.274385
0.526525
0.915222
0.918432
0.536734
1.375810
0.947005
0.511536
1.513044
0.876739
0.490321
0.720749
0.949050
1.269377
0.237582
0.972664
0.880151
0.403741
0.746449
1.206256
0.931939
0.940797
0.732568
1.279952
0.577523
0.806097
0.466473
0.429617
0.696299
0.421399
1.533161
0.914266
0.430712
0.452388
0.587767
1.116339
0.634571
0.401908
0.545520
0.877206
0.432612
0.916031
0.768529
0.966177
0.791482
0.994550
0.215173
0.499610
1.342748
0.498827
0.424445
1.282490
0.308195
0.659914
0.415254
0.712736
0.956161
0.757329
0.292816
0.618225
0.782238
0.761965
0.999918
0.766819
1.516705
0.321906
0.970257
0.806965
0.785618
0.907979
0.454926
0.791188
0.366633
0.682746
0.810727
1.482944
1.037359
0.913806
0.963133
0.790401
0.848455
0.484377
0.580480
1.370738
0.882079
0.871269
0.896497
1.339341
0.324821
0.599489
1.470002
1.529468
0.277156
1.409589
0.943444
1.273939
0.886898
0.885452
0.807238
0.949828
1.486482
1.399809
0.273024
0.798069
0.755783
0.917685
0.965282
0.992724
0.781748
0.354053
0.972005
0.759379
0.549601
0.904920
0.825714
0.280518
0.341495
0.976340
0.908177
0.533702
0.698013
0.879164
0.676018
0.359524
0.814053
0.873504
0.899640
0.845783
1.174329
0.296285
0.539984
0.906891
1.416530
0.210628
0.916133
0.883838
0.296086
0.893897
0.956917
0.769685
0.658943
0.210606
1.443548
0.637418
0.879152
0.718256
1.483796
0.773264
0.232224
1.424687
0.983643
0.871678
0.729674
0.824028
1.379248
0.880766
0.272283
1.303209
0.488030
1.387433
0.632186
0.765342
1.002872
0.725496
0.757876
0.637433
0.853185
0.294788
1.022507
0.426860
0.948576
0.984295
0.783441
0.963852
0.866650
0.835597
0.259251
0.901044
1.313246
0.256581
0.963513
0.471038
0.255256
0.943097
0.483788
0.782249
0.667336
0.966758
0.908207
0.450061
0.753317
1.327416
0.617246
0.705397
0.217356
0.726536
0.862502
1.044313
0.282158
1.460215
0.479132
0.530296
1.487372
0.863031
0.591121
0.497747
0.735154
1.434872
0.470528
0.442953
1.505273
0.464317
0.788488
0.703773
0.817980
0.906003
0.993365
0.715257
0.919106
0.501210
0.720912
0.466757
1.252656
0.822264
1.494413
0.291697
1.044333
0.768658
1.367910
0.323517
0.945859
0.301953
0.981744
0.830468
0.275439
1.150199
0.721180
0.929976
1.315361
1.005902
0.919692
0.331130
0.845035
0.248760
0.819913
0.759958
1.459143
1.293048
0.574215
0.823376
0.285380
1.186129
0.398633
0.511057
0.973479
0.778453
1.407653
1.411410
1.278492
0.717808
0.789613
0.253448
0.291920
0.861940
1.270615
0.892461
1.498170
0.777835
0.774911
0.698340
0.943800
0.675018
1.155437
0.822318
0.651859
0.920740
0.725059
1.510216
0.379092
0.856516
0.744478
1.015986
0.977025
0.585048
0.886868
0.504442
0.949357
0.487967
0.523595
0.690693
0.973229
0.876973
0.390521
0.889782
0.811836
0.242603
0.987510
0.973803
0.317299
0.849388
0.940530
1.319470
0.489387
1.042781
0.738230
0.187339
1.042574
0.973082
0.428171
0.959886
0.754295
0.882306
0.698577
0.459784
0.429694
0.875861
1.229634
0.464782
1.093302
0.773698
1.349072
0.267139
0.598744
0.753260
0.835486
0.917029
0.754159
0.714512
0.837566
1.030640
1.487783
0.947322
1.198551
0.798761
0.903467
1.370393
1.202325
0.841815
0.995545
1.516475
0.684481
1.403656
1.459567
1.096455
1.567446
1.475185
0.333681
0.885471
0.461426
0.261473
1.005092
0.768163
1.486208
0.841774
0.713838
0.931316
0.439713
0.309954
0.806757
0.778354
0.932295
0.661063
0.768337
1.290664
1.339841
0.326990
0.789174
0.827951
1.262751
0.433808
0.461029
0.850293
0.793391
0.896739
0.970932
1.370318
0.516738
1.107251
0.779603
0.960591
0.721858
1.035110
1.502808
0.355088
0.638469
0.836252
0.823162
0.937006
0.632340
0.328113
0.739230
0.287643
0.418785
0.848396
0.971297
0.611239
0.706491
0.885728
0.960126
1.440460
0.808362
0.687799
0.772484
1.459402
1.175288
0.227577
0.192045
0.472589
0.912638
0.211596
0.619727
1.469755
0.773488
0.451228
0.920257
1.455812
1.470739
0.955861
0.716672
0.659848
