0.842845
3.259373
0.543040
2.081172
1.632396
0.145664
-1.393755
0.026521
-0.360531
1.316206
-0.011888
0.641319
0.689783
0.184772
1.578411
0.212145
1.893135
1.427627
2.698610
1.268867
0.977622
0.503339
-0.388959
0.631522
2.562802
2.658615
1.046020
1.018452
0.963024
0.726414
0.867554
0.484235
1.402105
0.208450
3.144382
-0.095710
2.690499
-0.486384
0.018600
0.281414
0.998197
0.548591
-2.106856
0.284004
1.972636
0.776781
-0.616392
-0.461626
0.278063
0.753235
1.302631
1.758010
1.912784
0.396519
4.342109
0.473018
-0.107011
0.401640
0.966366
0.418668
1.071149
0.514492
0.040803
0.913114
0.716714
-0.342191
0.913097
0.397877
1.358934
1.270768
-0.283381
1.832163
0.048210
1.480233
0.725519
0.575831
-0.441532
1.458840
0.968646
1.786713
1.130403
0.815856
1.168697
-0.736098
0.249478
0.777615
-0.923865
1.294199
1.680472
0.741164
1.465378
0.931229
1.714514
-0.043820
0.122303
2.365548
1.127824
-0.044804
1.447966
0.077533
1.095583
-0.053621
0.440209
-0.142402
1.635578
1.513390
0.427007
1.748476
-0.323232
0.893455
1.419882
0.476638
0.083508
0.549287
-0.089647
0.448895
1.109112
0.507646
-0.295259
0.655808
1.118706
-0.882103
3.118000
2.457221
-1.351354
1.098054
2.162129
0.426079
1.144064
0.779167
-0.310164
1.201867
1.076673
0.740147
0.749302
-1.642222
-0.794531
0.494183
-0.791748
-1.960154
-0.030061
0.946232
-0.757666
-1.644329
-0.720655
0.389635
1.841359
2.198463
0.865718
0.461978
0.270229
5.056436
3.072933
2.679248
1.889255
0.042294
1.672048
0.531596
-0.182002
0.395615
1.068557
0.372761
2.146590
1.864164
0.442681
0.506870
-0.828070
0.061672
1.335258
-0.229371
1.961591
0.378041
0.405008
2.570131
1.260405
-0.120976
1.852888
0.090739
0.333059
0.611087
-0.067254
1.732681
0.393329
-0.522142
0.359753
-0.543036
2.261885
-1.226052
-0.952592
-0.441488
0.327149
-0.657874
1.774667
1.232272
0.278889
0.993193
1.141633
-0.150934
1.452846
-0.061063
-0.049333
0.592378
2.946757
3.169188
2.439210
-0.775627
1.742221
3.182563
0.949543
-1.996350
4.169191
1.391795
0.057392
0.819580
1.626146
1.824168
0.987768
-1.003948
4.325231
-0.798251
-1.631897
0.824352
0.781981
0.563785
0.570425
1.989526
-0.614520
-0.628168
0.419571
1.477391
-0.158341
0.955849
0.283433
1.573040
0.544940
0.593986
0.454258
0.914313
0.443417
1.994324
1.447051
2.473158
0.959941
2.383389
-1.181799
4.567946
0.814861
0.076173
1.476148
1.676126
0.184374
7.166562
0.553483
0.808845
-0.018279
1.029739
-0.041072
0.149194
0.447587
1.015060
-0.142385
0.464780
0.077400
1.731908
0.434323
0.566678
1.273065
2.062438
0.996409
-0.428708
1.453900
2.470787
0.382813
4.679189
1.436837
0.648405
-0.073181
-0.962521
1.468515
-1.162356
1.360015
-0.551225
0.769236
0.893854
0.870247
0.546685
0.001016
3.204007
0.732670
-0.866021
0.149099
2.865265
0.322846
4.926005
-0.729478
0.173024
-0.148197
1.460083
0.740373
0.729307
1.092225
-0.275554
0.770204
1.171229
0.050269
0.404553
0.698961
0.202535
1.472530
-0.248038
1.893387
1.253148
-0.120089
0.089728
-0.494189
4.359110
-1.847645
-0.361627
0.226937
1.826419
1.157791
-0.244800
1.042540
1.286684
-0.163920
0.159421
1.788838
1.384876
1.204180
-0.521416
0.321884
0.915572
1.116860
1.785357
2.929413
0.991640
0.740680
0.074532
0.938839
1.113619
0.930799
1.703733
1.164953
0.568842
0.732866
1.648391
1.580634
0.613608
0.747260
2.508766
0.213836
1.397728
0.994701
0.559076
0.884760
-1.071055
0.762376
2.069306
0.837989
3.353671
2.511120
3.389440
0.822355
-0.257803
2.821807
1.684334
0.557085
-0.708985
0.683154
0.713069
3.574932
-1.562679
2.740056
0.536599
1.992776
1.581327
1.178121
2.838593
0.743252
0.906768
-0.402325
0.387959
1.560892
2.446135
0.301174
0.977599
4.078785
2.986586
0.095082
0.226999
0.630565
0.850093
0.456435
-1.355997
1.819887
0.469242
2.558233
0.955459
0.814252
0.928569
0.689501
-0.325682
0.508779
0.428640
-0.522260
1.894766
-1.173770
-0.340418
0.593855
-0.881644
1.883994
0.465579
0.305578
4.685237
-0.064227
-0.461182
0.948706
4.119770
0.721429
4.343362
1.547054
0.133817
0.696248
1.571451
2.398370
0.810473
1.350133
1.130207
0.856214
2.403174
0.639317
0.621584
0.763606
0.316140
1.367894
2.608102
2.035511
-0.007933
-1.209835
0.801780
0.446233
-0.375048
0.156102
1.367868
-0.393385
0.713936
0.794490
0.209204
0.026740
2.336164
0.787529
0.206751
1.770617
-0.633021
3.598204
0.650917
-0.900523
0.403489
0.518688
2.086489
1.064531
0.752326
-0.699624
-0.345382
0.497803
0.957968
-0.696825
0.763959
0.457366
2.083837
1.059968
0.865295
1.209077
0.420943
0.576190
1.891298
-0.104558
-0.629054
-0.184610
0.183892
3.226346
0.635533
0.464892
4.286673
0.691332
2.076710
-0.413800
1.801768
-0.114948
1.395566
4.096436
0.860836
1.098944
1.086164
0.599412
-3.004973
0.901928
6.642152
0.806332
0.482916
-0.379711
0.257414
0.374306
2.378467
0.715211
0.203250
0.293288
0.257455
-0.786256
0.777569
-1.641053
0.311512
0.477816
2.672802
0.240617
1.631262
0.330414
1.182109
-1.007610
0.692950
0.581407
1.148255
0.740831
-0.119462
-0.164058
2.869796
0.591436
1.795691
0.627810
0.045115
1.090618
0.957171
0.999596
1.488371
0.769951
0.638057
0.121184
0.516722
1.998525
0.232400
4.051951
-0.639124
0.957989
0.922198
0.330949
0.493791
-1.067336
0.548894
-0.307289
2.195939
0.010998
0.231593
1.000593
-0.356994
2.656348
1.388750
0.388895
0.954830
-0.226699
4.531057
2.673564
1.489995
0.540657
0.793321
-1.331041
0.376917
1.376006
2.430103
5.310395
-0.176681
1.083346
-1.629464
0.658536
2.044993
-0.031487
0.086008
0.777115
-0.703748
0.212696
0.216587
0.046558
2.008689
-0.253500
2.025476
0.634418
0.623291
-0.775141
-0.362002
-0.641890
1.469087
0.742436
2.878516
-0.217105
1.108568
0.868719
1.164063
1.900485
0.548254
0.118643
2.535354
1.394485
0.129428
0.927204
-0.170025
0.439247
-0.045411
3.107656
-0.825560
1.127560
-0.324505
0.005932
-0.197162
-0.088552
-0.456301
-0.154541
-0.061142
-0.548301
2.347165
0.902301
-0.380071
3.639883
5.372156
-0.587949
1.005796
0.566091
-2.963235
0.868074
2.042998
0.616119
-0.430790
0.630633
-1.599279
1.411742
-0.469446
1.635518
0.482204
0.579169
1.278298
1.034868
1.916621
0.656907
-0.018501
0.224487
0.460977
0.576975
-0.730040
3.350480
1.833543
0.907740
2.351272
1.191565
1.711817
0.862284
-1.159481
-0.657508
1.391038
0.581738
2.667209
0.566520
0.930080
3.295233
0.629424
3.200364
-0.523414
3.436725
1.151696
0.537613
0.658455
-0.150131
1.177686
0.418371
1.071871
3.677513
0.121908
1.299990
0.860371
0.752836
0.421754
-0.587985
0.854541
0.338643
2.187849
0.085857
-0.216120
0.960381
-0.950686
2.815269
1.011970
0.960225
0.072077
2.307450
1.086306
1.002366
1.527347
0.076594
0.398392
-0.681882
0.716122
2.291750
1.257542
0.696253
0.590303
2.987505
0.318084
1.088785
-0.708204
-0.297623
4.026665
1.732463
0.313947
-0.487674
0.974052
0.354952
3.007104
-0.089876
-0.611379
0.793333
0.150418
1.949128
0.765256
-0.749306
1.349847
1.766997
1.986642
1.163606
2.004796
1.828460
2.415573
0.691839
1.805130
2.962915
1.510701
0.748241
-0.449770
2.512922
0.865449
0.371172
-0.086999
1.473430
0.512804
0.492247
-0.373636
-0.987396
2.703636
0.324157
2.468442
0.571851
0.676514
2.881463
0.628090
-0.095241
0.568013
0.425255
3.038543
1.002804
0.392946
0.373065
0.643293
0.080059
0.472203
-0.352662
0.689022
0.911124
0.700370
0.968846
0.607975
1.207052
0.336939
0.726100
-0.175820
0.259082
1.787838
0.116621
1.739193
1.442700
2.870024
1.041646
0.513735
4.195302
-2.498070
2.590532
-0.545250
2.850799
0.665102
2.165179
1.571620
0.383000
-0.624458
0.231448
0.974816
2.871998
1.161580
1.213793
0.486865
1.042979
1.845372
0.360013
1.055362
0.076035
0.658949
0.352103
1.340373
0.276813
0.015231
0.614019
1.880239
-0.197431
1.202265
3.106448
0.560155
0.754610
1.054114
-0.624886
-0.687394
0.569684
-0.235921
2.248920
0.781343
0.972660
0.963982
1.737338
0.698532
1.145732
1.545005
-1.386236
1.853266
0.522494
0.993926
0.980286
0.827675
0.141532
0.958223
1.470964
0.509271
-0.489030
-0.401614
0.193116
0.843652
0.600633
0.789683
-0.783769
2.703614
3.587678
-0.159795
0.158632
0.420027
-0.161921
0.543905
3.163453
0.088683
-0.194463
-0.072367
1.098373
1.271314
-0.524583
1.161178
0.736163
0.937525
0.808136
1.368566
2.178662
0.883901
-0.483065
1.311267
-0.184886
0.699487
1.772598
0.452142
1.474295
0.770156
1.047509
0.494771
0.519120
-0.487230
-0.821076
1.431555
0.655555
0.330692
-2.042206
1.479737
-0.112590
1.367032
2.602431
0.443392
1.396672
1.621426
-0.209080
1.674218
0.993743
1.132270
0.423478
1.810063
0.145607
0.071591
0.620713
-0.433921
1.302023
1.023005
-3.707337
-0.042299
1.044199
0.344388
1.029812
0.552064
-0.740389
0.335471
1.830672
0.458235
-0.423144
0.315930
-1.008651
-0.138869
0.166516
0.207834
0.244699
2.384632
-0.219189
-0.075007
2.042003
1.550117
-1.249727
0.259207
0.912331
0.654257
0.765921
0.234178
1.022326
-0.291092
0.092287
0.270553
-0.285717
-0.349324
-1.528589
-0.203852
-0.746312
-0.957333
0.767617
1.377813
-0.567732
1.169724
-1.544361
2.298117
0.686803
0.765449
4.699323
0.530078
3.158040
-0.401448
1.031547
0.253146
1.789286
4.172435
0.719284
0.470504
-0.710191
2.365925
-0.311762
-0.465473
0.199597
-0.187935
0.193765
0.934535
0.904615
0.815394
0.405550
2.587582
2.235752
0.593553
0.604055
0.006380
0.268424
0.094485
0.659572
2.857674
0.558558
0.289910
2.639134
-0.320980
0.476300
3.363003
0.868153
0.920146
-0.181429
0.213210
0.524597
0.475965
-0.280704
-0.708511
-0.190560
0.019748
2.165674
0.499450
0.739908
5.168737
-0.959610
1.152756
0.506687
-0.584232
1.185945
1.014740
-0.395697
-2.062473
0.788209
-0.216845
2.026238
0.356253
0.069989
1.653010
0.871473
0.122540
0.524820
1.308729
-1.075085
-0.502791
0.919507
1.293496
1.430435
0.641158
1.406033
0.502332
-0.133856
0.587920
1.566202
-0.116650
1.597253
0.379478
-0.152096
-0.616314
1.005451
1.119422
-0.139789
0.658766
0.454744
1.066406
1.428969
0.525828
1.252185
1.717227
1.846928
3.139633
1.341081
1.494753
1.182974
-1.061305
0.786903
-0.421705
1.492069
0.986444
4.110410
0.312733
1.130627
-0.512284
1.458794
-0.704738
0.353846
4.795743
0.569161
0.413560
2.102621
0.026286
2.487667
1.450018
0.217971
1.494325
0.145203
1.306624
2.435701
-0.348357
1.799568
0.714623
0.380465
0.446240
0.704434
1.686275
-0.737681
1.280793
-0.424073
-0.068519
2.951087
-0.169834
0.277338
0.537376
0.755160
0.222764
0.586841
0.287644
0.160470
0.586943
0.335321
2.281482
0.675379
1.626635
1.966965
1.062129
0.460859
-0.214483
2.116175
1.047713
-0.250614
0.185504
2.122252
0.407925
2.123637
0.382709
4.296650
-0.318236
2.335581
-0.819705
0.519314
0.975543
0.993153
1.369762
0.336129
-0.836839
0.059849
0.495995
-1.278100
1.927008
0.879728
-0.287325
1.039928
0.222013
2.222451
0.989115
1.116213
-0.731088
1.087167
2.182147
-0.131702
3.856392
1.011437
-0.643508
-0.033712
-0.181595
1.146447
1.751240
2.668331
0.665823
-0.440020
1.288373
-0.637251
0.316860
1.545072
0.257960
3.444629
3.006373
1.401182
-0.360828
0.807379
-1.091849
0.100644
-0.541713
0.422015
2.671158
-0.216596
0.637902
-0.443772
1.659878
-0.013347
2.778656
-0.298399
-1.108602
-1.474610
1.089970
0.703760
0.209707
2.780279
-0.575031
0.890195
1.385469
0.322473
0.997886
1.656423
0.949442
0.964901
0.430242
-0.760856
2.446727
0.705869
1.443544
-0.336884
-0.250756
0.278069
-0.007488
1.247561
0.038615
1.879558
1.736646
0.434246
0.740945
0.674543
1.722836
0.295340
0.191007
-0.244993
1.599386
0.509156
0.555263
1.473985
-0.365967
0.415668
8.203305
0.242945
0.233576
0.117790
1.909233
-0.284409
0.729671
-0.592342
0.633808
1.510619
1.551178
1.012143
2.011692
0.837971
-0.172878
0.556792
0.282362
0.955255
0.820677
1.305397
0.964275
-0.084509
2.628231
0.251572
5.765806
0.434108
2.675708
1.190560
-1.174355
0.876453
2.601514
1.355177
2.081995
0.911888
0.035016
0.507228
1.001722
0.251599
0.549389
2.718126
1.057837
-0.445572
0.337329
0.442156
0.417294
-0.533728
-0.956464
1.835964
1.539955
-0.943861
-0.922796
0.464167
1.787086
0.728687
0.437620
0.390617
-1.200153
-1.006394
1.710255
0.965094
-0.111988
-0.100289
0.818345
0.527670
-0.152234
0.193528
1.860145
0.274609
2.457391
-2.344821
0.981793
1.248880
-0.122255
-0.545763
-0.825202
2.066482
0.784216
0.924361
0.587021
1.154764
0.280313
-0.281048
0.599397
2.426475
1.832212
0.094972
0.393794
2.054074
-1.102024
6.298748
2.861312
0.272894
0.435754
0.821798
1.609128
0.729935
0.109804
-0.683905
1.287235
1.105777
2.415488
1.402336
-0.379989
1.451887
1.328775
-0.482473
0.456989
-0.173290
2.515880
0.639155
4.407136
0.081269
2.966835
1.872042
-0.891588
-0.741604
0.579780
0.278587
-0.212333
0.608703
-0.757969
1.731650
1.368307
1.647508
-0.828664
0.077339
-1.008898
3.949885
0.860593
1.329592
-0.027440
1.461292
1.681655
0.236412
-0.134827
-0.098445
0.902445
-0.487089
1.891705
0.920320
1.906662
1.016136
-1.270895
1.489878
0.801412
1.214454
3.027491
2.071165
4.035024
1.031891
-0.022475
-0.881115
0.764891
-0.221724
1.078212
1.640779
0.006324
3.010601
1.385459
1.734957
0.737777
1.010435
0.585583
-0.235394
0.899045
0.855737
-0.529409
1.484703
1.362725
-0.245314
0.007255
1.200203
0.277373
0.701666
1.113956
1.866463
1.304095
0.355978
-0.264045
-1.853364
2.605712
0.947780
2.198301
0.827605
0.006929
0.250198
0.210645
1.063905
-0.553135
2.878551
1.446898
0.850315
0.563963
1.050372
-0.081686
-1.446673
0.188575
0.441209
0.927418
1.044779
-0.311085
0.334988
1.795455
1.666569
0.128987
0.552827
0.113867
0.056449
0.435469
0.346621
2.704889
0.693860
0.169726
1.422310
0.300129
1.663789
0.051672
1.164987
1.364977
1.022560
-0.444411
-0.053034
1.322644
2.913254
1.881392
3.770615
2.636498
1.989067
-0.626062
6.880133
-1.353925
0.410219
0.476756
1.622146
3.779706
1.644748
0.748276
-1.046427
-0.972237
0.258023
0.249768
1.269754
1.247216
-0.327589
0.478826
1.191192
2.561294
1.346777
1.348272
0.365482
2.337249
-0.085072
1.201714
6.141190
0.615921
0.925772
0.396643
-0.081543
2.201121
-0.149025
1.693873
0.873286
2.330385
0.007751
0.801709
3.791281
1.033552
0.683654
1.008792
0.635138
2.301402
-0.087320
-0.282382
1.147580
-1.073978
2.622467
0.826038
1.450959
2.096229
1.545582
-0.226976
1.171102
-0.054011
3.162962
0.492078
1.063694
0.230590
0.939763
1.296663
1.377899
-0.003068
0.351724
1.336468
0.339717
1.462527
2.530478
0.933322
1.640275
0.727611
1.054434
3.306522
0.397052
0.596794
1.825938
0.827485
1.752178
0.304898
-0.017221
3.630463
0.341997
0.240694
-0.079657
0.348887
2.352769
0.685262
5.525343
-0.036602
0.070442
1.456656
0.557303
1.820986
0.607944
-1.076052
1.784344
0.913788
0.878103
-0.503981
-0.036119
-0.491870
0.617312
2.036990
-1.171962
0.931401
-0.658711
0.494970
0.701185
-1.341997
0.894556
0.580125
0.669986
-0.173379
1.358951
0.138920
-0.311999
1.508108
1.983357
0.622792
0.742527
2.139828
2.438994
-0.249477
0.546619
0.308821
0.611174
0.178577
0.323270
0.939470
1.161344
0.852468
0.239619
3.098783
2.300898
3.585100
1.942423
0.521912
-0.312929
1.517205
2.388520
0.557538
1.625122
2.184302
1.586467
0.194841
1.271923
2.245268
2.426603
0.377938
0.841501
1.362863
2.045814
1.680067
2.101235
0.898885
-0.511747
0.637736
0.860842
0.695225
1.387631
1.024768
1.103707
2.946177
2.816794
-0.705920
-0.054364
1.798119
-0.004775
-0.207227
0.437614
1.782294
0.097995
1.933556
1.161473
-0.101722
0.805199
1.025704
0.106252
0.453965
-0.260785
0.578345
0.432369
0.108068
0.798533
1.199129
0.401632
-1.600814
0.612055
0.399695
1.427835
1.915880
1.717842
-0.138759
0.565638
0.844004
0.186800
2.032491
0.308123
1.454173
1.701521
2.113578
1.627170
0.340195
2.651169
0.700962
0.390379
2.567575
0.861775
0.375262
2.382915
0.312692
0.893373
1.265202
1.413987
1.777616
0.855322
1.598346
0.375741
3.114174
2.186542
6.278208
0.947453
0.651962
-1.673269
0.365087
-0.077405
1.800398
1.618147
1.364525
0.291909
2.589119
0.884164
0.612280
0.479215
-0.074011
-1.110263
0.172786
0.884000
1.115268
0.602213
1.890894
1.230286
2.771819
1.926922
3.345579
3.361667
0.404657
0.375589
1.295985
0.710992
0.314170
0.190607
0.230319
0.151862
0.116850
3.461313
3.327843
1.817477
-0.891362
0.423990
0.251813
1.386426
0.384257
-0.162227
-0.962298
-0.182484
5.458053
-0.387745
-0.526192
-1.187663
-0.421873
0.412893
2.874778
1.060425
1.193258
-0.606601
0.118883
1.665038
0.571952
0.269574
1.197154
0.648569
0.201465
-0.395550
0.508302
1.746782
0.667273
1.731947
1.500714
0.593614
0.902585
0.123818
-0.361696
0.380648
-0.372911
2.840350
0.987179
0.616868
0.050312
1.479117
1.619907
-1.616792
0.922956
1.350624
-0.278787
0.726063
-0.173001
-1.453339
0.252838
-0.519355
1.962816
1.105009
0.766035
-0.786522
1.903452
2.039603
0.340812
0.526405
0.357437
-0.295354
-2.543509
1.102335
1.531204
0.498586
2.227242
-0.967014
-0.430206
1.248743
-0.570438
1.526907
0.425556
1.695084
0.285020
-1.630459
0.031735
-0.453185
-0.044150
2.024105
4.184589
1.430734
0.008259
-0.147340
1.362204
0.228782
0.398035
1.768322
1.022657
-0.428312
1.055214
1.099307
4.958172
1.648784
-0.412239
0.672412
0.300202
-1.419569
0.385269
0.227599
0.684835
3.328436
0.284169
0.240530
2.454943
1.141994
0.236474
-0.601080
0.592910
0.291879
-0.802587
1.102030
-0.369420
1.121378
-0.000825
1.510977
0.012249
3.523984
0.774507
0.202284
0.904337
0.582750
-0.320827
-0.348003
0.454229
1.370398
1.411551
2.329419
-0.521946
0.730909
0.646242
-0.945054
-0.289478
0.263794
2.117553
3.151326
1.253331
2.122063
0.757943
-0.147953
-0.368864
-0.746080
0.990052
0.421584
1.964356
0.872353
-0.336251
2.933893
4.035037
2.101870
1.179592
1.649274
1.627582
0.369239
0.049729
0.611695
0.975366
0.628143
0.666953
1.574848
2.099569
2.062496
1.157436
-0.865099
0.182571
0.391763
-0.342119
0.162976
1.652306
0.746053
1.003782
1.307350
1.324312
1.007539
1.426721
1.449126
0.221832
2.008572
1.519594
0.381487
0.581669
0.011906
0.002587
-0.074532
-0.567706
-0.729487
0.710426
1.526418
2.899606
0.442655
-0.522144
2.419486
-0.427229
1.821716
0.637230
1.045714
1.723190
1.396352
4.914834
2.567315
-0.935180
0.097025
-0.139342
1.152342
0.634062
1.796443
1.155075
1.510094
0.941110
-0.878364
0.296521
0.507340
0.298519
-0.203016
0.203646
0.806748
1.017418
-0.374876
-0.693497
-0.144043
0.092516
0.560618
0.215557
-0.527377
4.052263
0.451303
-0.152054
1.950744
1.687445
1.037859
1.637278
1.709930
0.840118
1.040927
0.265612
-0.432544
0.328167
0.941253
0.527532
0.311050
0.731819
1.571730
0.986410
1.007820
0.916004
0.210666
0.424073
2.409360
-1.274486
0.513952
0.492483
5.188696
-0.495534
0.278019
2.032253
-0.362963
-0.274439
0.367777
0.455767
0.213799
-0.400259
0.346061
0.802097
-0.185875
-0.305585
0.246101
0.116418
2.240887
0.603328
0.363727
0.143158
-0.838323
2.528882
-0.179956
-0.016815
-0.247506
-1.166597
1.473132
-0.722204
0.984978
1.383284
0.619176
-1.218281
0.764026
1.011608
2.144346
1.515278
0.176601
-0.354605
1.876955
-0.198483
2.012211
1.280927
0.794280
0.109136
-0.096993
0.394853
1.329209
-0.811846
1.149459
0.749122
1.398351
0.782575
6.017228
0.460924
0.624908
1.411267
0.725057
0.439219
0.817597
1.493985
0.466993
0.490434
0.574627
2.900186
1.022744
-0.414504
1.351378
0.614591
0.470702
3.445601
0.258128
1.417953
1.227311
1.134866
1.729608
-0.232325
1.838041
0.821695
0.045188
-0.770679
-0.367752
2.061111
2.619544
2.104833
0.480397
-0.353035
1.347565
-0.345917
-0.853702
0.545711
0.067071
1.128044
0.878611
-0.571549
0.151263
1.911101
1.681500
1.348696
0.479080
0.859052
3.117060
2.971976
-0.467555
-0.131657
1.015017
0.258670
0.716213
0.882231
0.914789
1.687336
1.491305
-0.024119
-0.483902
0.329085
1.046214
0.628310
0.036962
-0.736163
1.299721
2.784359
0.838613
2.657588
1.743923
3.070017
-0.337987
3.129541
1.374458
4.564902
0.888270
2.849790
1.873171
0.544388
-1.400523
0.521740
1.915590
-0.430002
0.143644
0.974277
1.002530
0.578152
0.484813
0.860786
3.243602
2.310432
-0.196125
0.490361
1.138725
-2.059571
0.774220
0.320492
0.533576
1.212938
-0.483915
1.187336
0.094345
1.363041
3.933104
2.331742
-0.328810
1.718177
-0.138530
-1.617472
1.341153
-0.364046
1.208466
1.154437
1.018142
0.382052
1.114216
0.836960
1.966674
-0.273863
2.184885
1.292453
-1.071676
0.322482
-0.373613
0.966400
1.098582
-0.398800
0.127615
-0.044408
0.886902
3.136319
0.403403
1.339285
0.870951
0.858116
0.125187
0.740875
-0.166436
1.031397
-0.337515
0.593085
0.304720
-0.002175
-0.207953
-0.566540
0.924889
-0.285715
1.600882
-0.537288
1.793862
0.909085
1.035824
0.180842
1.223440
1.446526
-0.004145
1.349946
1.449528
0.090948
0.997712
0.317939
1.998977
0.544424
2.065589
0.631917
1.725654
1.121344
4.526404
3.500790
1.023862
0.556123
-0.343927
0.288094
-2.135757
1.311391
4.183265
5.933495
3.297879
2.621523
-0.690009
0.416337
-0.022115
0.307379
0.642182
1.794881
0.497991
0.406975
0.451793
0.587228
-0.088315
0.343220
-0.359798
1.412426
0.395062
1.488212
1.101314
0.844110
3.811055
0.112715
1.580752
1.968271
1.150181
0.039598
0.214966
0.414246
3.118611
0.671565
-0.181829
0.002358
4.001391
1.216424
0.172418
2.213354
1.452307
-0.641323
-0.754433
-0.170148
0.841600
2.678588
0.368388
-0.626218
1.374906
-0.428203
-0.521615
3.584429
2.910729
-0.252970
3.037954
0.641886
0.267158
0.166213
0.529355
0.463330
1.050474
-0.418952
1.283235
0.243419
0.486199
2.838347
0.867415
1.717400
0.585187
-0.921817
2.010769
0.355996
-0.121856
1.175088
0.306288
1.445072
3.088311
1.397450
1.650957
1.341392
0.775707
0.132569
0.271074
0.999328
0.171486
2.313057
0.368137
0.467355
2.457302
2.093905
0.836091
-0.458145
0.510073
0.570733
0.851383
-0.901097
3.982587
-1.542833
0.272088
-1.090356
0.798525
0.017830
3.051548
3.316522
0.229453
0.850913
2.273713
1.601031
0.580171
-1.515664
0.462562
0.638307
1.066078
0.198711
0.925344
-0.822158
-0.077510
0.537060
0.061529
0.502093
3.316001
-1.304909
0.075154
-0.142641
0.507825
1.575303
-0.189681
1.878016
0.778951
1.297386
1.821697
0.538870
2.111859
1.228658
2.138468
1.955574
2.538536
-0.474025
0.157361
0.500794
1.348404
2.066641
-0.913020
0.621165
0.859072
0.956568
0.490447
1.239256
2.447845
2.153445
0.406603
1.594180
1.425587
3.501585
-0.904637
3.448065
0.805429
0.720546
1.352689
0.119871
2.098552
-0.588069
-0.431754
-0.928532
0.374546
0.493170
0.816173
1.964849
0.485809
0.336836
-0.764144
1.230631
0.501507
-0.418295
4.980082
-0.265398
0.479572
0.875555
1.157047
1.802456
1.746280
0.500706
-0.482141
1.911456
2.617401
2.189595
-0.298268
1.360576
-0.172458
0.257593
3.923245
1.025096
0.021814
0.013052
1.470450
0.000082
-0.172363
1.140504
1.895795
0.628087
0.568418
1.080724
3.618688
1.873086
-0.198545
1.263251
1.521384
-0.261271
0.324910
0.201290
1.539278
-0.193417
1.275972
-0.408230
0.894449
1.033210
2.203973
-0.330742
0.964887
0.956031
0.196964
0.942923
0.043008
0.446344
-0.311857
-0.940932
1.154325
1.859216
-0.291808
1.185016
2.238433
0.712227
3.040054
-0.118642
2.024067
0.614309
0.427483
0.494356
2.092200
-1.483157
1.056266
0.838825
0.140758
0.827336
-0.442243
0.285976
0.704640
1.136568
0.481808
-1.043260
-0.539170
0.396394
-0.089586
0.489581
0.686017
1.080777
-0.122384
1.493250
3.022420
1.764609
2.750216
-0.157948
-0.031849
2.146305
-0.597167
-1.506257
0.222762
1.643548
3.306096
0.704979
0.060584
1.476513
0.228691
0.514786
0.490981
-0.780713
0.143414
0.357757
2.098330
0.581929
0.536115
0.081365
0.370329
0.710580
2.039048
1.002898
0.413123
3.415397
1.450586
0.248783
4.438052
-0.956818
0.281615
-0.055628
-0.013974
2.162410
0.827268
0.507379
0.226992
0.461623
1.951213
0.940726
1.097537
0.305188
1.422710
0.412267
0.223650
1.550336
0.917871
1.420998
0.092097
-0.208047
0.138230
0.928655
1.401644
1.199288
0.741576
1.596301
-0.141742
0.832414
0.740989
1.315970
1.729324
1.967044
0.437330
0.625939
2.859984
1.049167
0.014299
0.069904
1.562737
1.058975
-0.126760
0.956562
2.230136
0.197747
6.201660
-0.083569
-0.804638
1.143476
1.583329
1.432724
0.277963
1.073355
1.183484
1.780036
0.763061
1.185510
0.769181
0.894938
-0.581505
0.804880
0.084393
0.424441
1.238665
0.926652
0.588152
1.740491
-0.135532
0.119807
0.124679
3.009763
1.847929
1.959469
1.808724
1.973212
0.277894
1.986633
0.164430
3.828094
0.462933
0.531610
1.172820
1.601163
0.944776
1.022450
2.383406
1.076841
1.784269
0.261999
-0.145221
1.113900
0.550397
0.836234
0.996602
0.668585
0.529422
1.221913
1.536573
1.459888
2.155430
2.993671
-0.075385
0.675993
1.356883
1.919768
1.572062
1.814297
0.505207
1.156904
0.543636
2.090931
0.454044
0.437695
-0.604279
1.327147
0.701309
2.375577
1.386693
1.524440
0.513079
1.779164
-0.622374
0.581482
1.035598
0.433836
-0.961220
2.090349
0.690837
3.511687
-0.676763
-0.280298
0.550543
1.133527
0.520109
2.876369
-0.119622
1.860739
-0.315485
-1.229175
-0.854448
-1.096757
0.620424
0.245816
1.476493
0.294221
-0.868892
0.722032
1.356169
0.452826
-1.256622
2.208493
-0.257647
1.376206
0.822085
0.753033
2.876084
2.957232
-0.365344
3.046853
-0.184582
0.006958
0.545269
0.870608
-0.647100
2.847495
1.850333
-2.162181
1.725766
0.065031
-0.874357
0.075211
0.265639
0.977566
-0.719726
-0.835608
-1.265822
1.047468
0.498335
1.323481
0.463039
0.732181
0.772989
2.293578
0.338568
0.914222
0.959286
-0.244020
1.378949
1.606804
3.889443
0.585014
1.527572
-2.504620
-0.243165
3.086511
0.487659
0.307497
4.295434
1.300812
1.092856
1.168009
1.557686
0.858347
2.366347
-0.047667
0.701671
2.063739
1.603056
0.573858
0.315598
1.037175
0.301545
0.202716
1.102643
0.014101
1.770544
0.656746
0.989708
3.334837
-0.724611
0.595463
0.508260
1.457875
-0.390779
0.226049
1.954097
1.303630
0.591186
1.228454
1.523401
1.886495
3.533928
-0.529208
-0.026103
0.742115
0.939149
-0.284778
0.447740
-0.522552
0.373685
1.059238
1.187538
1.470172
1.313487
-0.754904
-0.467803
0.736520
0.910936
-0.455723
-0.083518
-0.132456
1.851437
-0.619896
0.162775
0.231214
0.520737
1.861056
1.732367
0.877487
0.408194
0.178252
-0.693437
0.291175
0.276075
0.388107
3.167609
0.669571
0.972283
0.348198
-0.265397
-0.864149
0.892208
-2.089439
-0.090081
3.016944
1.374121
1.091623
-0.021630
0.234238
2.170776
-0.027325
-0.351260
1.594657
1.773850
-0.905405
0.564912
1.190383
0.569072
-2.331730
0.457456
-0.986833
1.194544
1.774263
-1.336536
-0.525895
1.357246
0.544440
0.316132
-1.359559
-0.092876
0.365037
1.421017
-0.749296
1.760035
-0.201230
2.505381
1.357656
0.387894
0.891402
1.073623
1.149779
1.154502
0.867786
0.618521
-0.176121
1.723828
0.110756
0.745534
-0.074698
-0.197575
-0.773431
-1.533844
0.160477
1.403837
1.215762
0.357295
2.089404
1.048576
1.466862
1.149615
-0.054335
0.908996
1.202302
0.041060
-0.672796
2.699464
1.286641
0.829276
0.508190
1.768110
0.103890
-0.104143
-1.254167
0.430493
4.014553
3.225198
0.775293
3.745253
3.042562
0.365286
3.477714
1.790357
0.699113
1.076630
1.838984
-0.000727
0.740262
2.098984
0.481537
-1.391455
-0.160084
1.388105
-0.175030
0.429032
1.068879
0.998145
1.511939
0.565016
0.941146
4.428232
-0.384902
-0.310362
1.859305
0.213609
-0.069470
1.385318
2.186466
0.525532
0.279544
3.374471
-0.512121
1.993189
1.898142
1.549141
-0.620674
0.980848
2.826833
0.468079
-0.452863
1.081531
1.016792
-0.144204
2.443975
1.143074
6.045888
7.506157
-0.367974
0.823022
0.109426
0.881255
-0.078411
2.823627
0.289596
0.068459
0.759293
-0.254278
0.131744
1.274345
0.533388
1.635411
0.186609
0.489846
1.577845
0.847807
1.906106
1.116872
0.040712
0.290390
0.519320
0.032204
3.371495
3.293341
1.604066
1.743355
0.768682
-1.568817
0.989120
0.414601
-0.854658
2.072694
0.616099
0.069934
-1.166258
0.319934
0.308207
0.115671
0.046381
2.314519
0.453940
1.165035
3.955001
-0.898247
0.607746
0.625020
1.228035
0.568382
3.637577
-0.450896
0.331572
0.580968
2.894297
0.595845
1.487332
2.871014
-0.367676
0.835058
0.898825
0.764290
0.420411
0.687717
0.231315
0.489065
0.768879
2.130015
0.839438
4.203720
2.663562
1.512893
0.094200
1.645618
0.590352
0.024357
-0.058089
1.383776
-1.157755
-0.258574
0.391291
-0.439493
1.284261
0.579590
0.605391
1.214330
1.576081
3.336612
0.482308
0.406548
-0.301132
2.182631
0.335528
3.400124
0.433855
1.096141
0.089636
0.589284
0.693981
2.632322
1.956323
0.271794
0.702082
0.419260
1.931414
1.190428
1.145722
0.139781
2.697961
1.663607
0.720216
-0.051383
0.164974
2.977998
0.152418
1.609864
1.157762
-1.146994
2.771088
0.289359
1.175780
1.839776
0.961150
0.824053
1.072238
-0.226231
1.703024
0.629165
1.374868
0.328427
2.020354
0.808696
2.274929
0.353375
0.692325
-0.296911
0.155448
5.944499
1.002285
1.254351
0.635345
0.531778
0.989078
0.901090
0.316245
2.252622
-0.602296
0.603098
0.363313
1.581708
-1.581426
0.089814
-0.262768
0.887904
-0.516568
2.125931
1.508699
0.147304
0.433496
4.743917
0.641997
-0.257536
-0.020995
1.930085
2.875432
0.859281
-0.323680
1.967994
0.473389
0.214725
-1.532580
0.474913
-0.827401
2.014827
1.100515
2.189982
-0.476747
-0.241676
-0.460115
1.075072
0.150021
-0.235401
1.019524
0.118526
1.422038
2.658120
1.052798
1.925331
0.880130
0.582355
2.746974
0.375473
1.641018
0.336896
0.518963
2.280349
1.938079
-0.398491
-0.252189
-0.279546
0.423642
0.035282
0.222656
0.720893
0.018868
0.994437
0.866014
2.046768
-0.951928
0.726684
2.504530
-0.066668
1.337468
1.702057
-0.493604
1.076514
1.757469
0.184066
-0.677419
4.616829
4.032711
-0.112825
3.784093
1.591386
0.625840
0.533780
1.252700
0.880801
-0.631894
0.950989
0.558021
0.201763
-0.352518
0.733625
0.141460
2.089821
0.366450
0.058313
1.013477
1.498169
3.122102
-0.388657
0.337972
1.331335
-1.013544
0.011635
0.715501
0.638553
0.263450
0.401736
0.117010
0.287105
1.385193
1.534877
0.267711
4.672142
-0.454468
-0.283581
0.244832
2.750353
0.773192
0.097795
-0.428768
2.712653
0.364957
1.609694
0.537282
3.534535
1.794802
0.891020
1.637794
0.177617
0.371339
1.150643
3.679840
0.649349
1.420643
0.868125
0.475351
0.769837
2.096849
1.425187
-0.253965
2.464797
0.090283
0.603651
-1.495864
0.420879
-1.262425
0.123590
0.566997
2.595025
2.201556
0.974493
1.744593
-0.000347
0.974141
0.370191
-0.580912
1.054568
-0.958775
1.693666
1.601900
-0.754309
1.246322
2.327515
-0.162951
0.538904
0.354562
3.689010
-0.320140
2.348639
2.982926
0.260916
0.150400
-1.391396
-0.429398
1.827214
2.320281
-0.228244
0.761515
0.351558
1.484708
0.779374
1.577738
2.065222
0.204346
3.456890
1.068440
3.672312
1.193226
0.645644
0.373770
0.756544
1.254472
0.570626
0.982813
0.216015
0.392911
0.670722
0.177307
0.931495
0.313545
2.644246
0.566644
3.994930
0.372736
-0.545113
0.884474
1.621209
-0.078284
-0.952004
0.327124
-1.524023
0.249569
0.583405
-1.004686
0.880705
3.223186
0.353287
1.346533
0.258598
-0.683338
-1.266623
2.188088
0.898188
4.181925
-0.362865
0.402324
2.495552
1.074309
-0.774820
-0.192633
2.010245
0.961754
2.117892
2.551652
0.159735
0.562907
0.211284
0.822689
-0.766218
1.831388
1.383151
2.111955
1.229804
7.595468
1.451657
-0.358760
0.415919
1.548395
-0.039815
0.438461
1.715704
2.128880
-1.039462
0.567451
1.364054
1.072116
-0.183563
-0.394328
1.794474
-0.239258
-0.294905
0.770029
2.778047
1.932231
0.697506
0.028178
1.189464
-0.068883
-0.294627
0.189727
-1.688204
2.576611
1.049046
0.956666
0.883317
-0.274381
-0.029881
0.389991
3.594472
0.534837
-0.816474
1.963456
0.626306
2.014197
-0.017418
2.201258
-0.334597
0.300015
0.475955
1.895534
0.092484
4.070392
0.137369
1.703540
0.292278
-0.348152
1.849496
2.710812
0.338359
1.041179
1.030578
-0.148054
-0.318358
0.515986
0.445237
1.790341
2.422414
1.320907
2.184354
0.939692
0.785276
0.275294
0.559957
2.268049
1.176964
1.355301
1.533646
0.252160
0.530307
-0.172835
0.670521
-0.587854
-0.183398
-1.021829
0.898776
0.475090
-0.521639
1.029014
4.238412
0.568088
1.851106
1.530095
0.573965
0.102298
2.053580
2.310865
4.932387
0.069625
2.702316
2.014470
0.933846
0.879486
4.105973
2.592173
1.489616
-0.126517
0.336247
0.260518
0.312218
0.432693
1.262420
0.967757
0.879951
1.281273
0.198883
-0.307164
0.070973
3.451529
-0.296493
-0.819710
1.556507
0.953213
0.554193
-0.251987
0.130363
0.620003
0.081758
1.510298
0.895051
5.857097
0.413155
1.605928
4.099853
0.956952
3.463663
2.200560
1.198016
-2.085218
1.474331
1.809824
0.271778
3.046712
0.329460
4.855289
0.327598
0.437917
-0.459278
-1.223735
-0.384800
-0.722264
0.095626
1.433310
1.798178
-0.492126
2.564687
-0.309021
0.627766
2.995961
0.159764
-2.634436
0.785130
0.566104
1.166487
3.223792
-0.049417
-0.971500
-0.049195
0.455541
2.152652
1.715987
0.668602
0.563869
0.582024
-0.329394
1.839477
-1.445268
0.613332
-1.072326
3.906804
1.118542
-0.182593
-0.074522
0.370176
1.041736
1.241237
3.392219
1.168354
-0.078616
-0.064217
0.196210
0.352976
0.693529
-0.526352
1.702420
4.910910
2.503117
-1.748617
2.856255
1.066557
0.621822
0.712343
-0.017509
0.398477
7.386398
0.476839
2.019301
2.807280
2.499315
2.344322
0.821376
0.966160
1.036218
2.725407
2.134049
0.440360
-0.036874
1.197228
0.150084
-1.004533
3.271136
0.333917
1.386359
0.688560
0.125428
0.935625
0.915064
0.630926
-0.208563
-0.012077
-1.134815
-0.406837
0.214878
1.357154
-1.095374
1.839913
-0.347937
-0.576820
0.298884
-0.479000
1.558044
0.091727
-0.309437
-0.967105
0.271862
-1.278195
1.440294
2.323461
1.703797
0.725042
1.507490
2.295709
1.095294
0.962124
-0.504589
1.111622
1.309046
-1.464731
-0.016524
0.319189
-1.259214
1.389903
0.529522
1.574906
-0.029940
1.053590
0.213986
1.681208
0.692964
-0.493939
0.794284
-0.435594
0.134330
1.115196
0.380191
-0.236702
0.551258
0.072977
0.044430
0.071725
1.799256
1.008518
-0.128117
0.593835
1.663806
1.406153
1.176201
0.715679
-0.846095
0.567393
0.928413
2.508803
0.160997
2.362680
-1.332754
-0.069359
-0.650342
0.657520
1.539911
0.401672
2.125939
-0.208695
2.512118
-1.739559
0.476272
0.935865
0.947131
-0.269429
-0.557938
0.020480
-0.335627
0.981437
0.173952
0.462085
0.208711
1.224966
0.475400
-0.491594
-0.596108
0.566438
0.629569
0.772468
1.571734
-0.334569
0.557727
0.519080
0.214333
1.662061
1.274249
0.759680
-0.411743
1.121391
1.452416
1.746677
2.504559
-0.524646
1.244274
0.395311
1.863330
0.597898
0.679517
0.171928
0.858085
-0.821661
-0.012188
0.752508
1.305899
1.103251
1.920451
1.954585
0.180395
1.606344
-1.273437
1.275993
0.140889
1.251177
0.931260
0.025500
1.057554
0.144565
1.627552
0.876939
0.468951
-1.115013
5.560473
-0.388725
3.543710
0.193869
0.464995
1.768435
0.803423
0.899062
-2.519663
0.696713
-2.421184
2.185203
1.547980
3.397933
4.641380
0.134936
3.132251
-0.256864
-0.573265
2.279295
3.202050
-0.905515
-0.319796
0.694213
1.489966
0.511781
1.385048
-0.331863
-0.337866
1.688021
0.847613
-0.313734
0.731265
0.201097
1.032260
0.216837
-0.353613
2.999831
0.520141
1.696204
0.183637
-0.606464
0.676617
0.870592
0.282734
1.968282
1.039567
0.364427
1.421559
-0.769053
1.117144
0.293514
1.756894
0.225937
3.386930
3.264611
0.570721
1.916436
0.761175
2.852200
-0.314810
0.933582
0.193476
0.462736
1.321648
0.743186
-0.153783
0.014600
1.676979
1.233667
1.119519
1.362584
1.087895
0.855938
-0.044043
2.753917
2.278366
0.327188
0.663487
0.775711
2.660556
1.125798
0.727950
1.151530
0.396239
1.860553
2.020359
1.880859
-0.430087
1.218976
0.124438
-0.280852
2.060628
1.445378
5.261377
1.388678
1.230325
-0.104063
-0.852290
0.421319
1.071090
0.836749
0.503306
1.156496
5.980636
0.883639
1.174872
1.465384
1.378218
1.432757
0.975539
2.481910
0.768881
0.827539
1.417094
0.149683
1.329261
1.974465
2.307924
2.137214
-0.218239
0.690067
0.353820
0.998597
0.528933
0.993246
-0.814674
2.950447
0.408350
4.859619
0.571513
0.620008
1.583774
1.306002
1.826716
0.825531
-0.158507
2.559435
-1.442137
-0.364135
0.208298
0.621283
0.783711
-0.169833
0.811414
-0.567381
2.586375
-0.184697
1.964750
-0.020277
1.486931
0.397223
1.157422
1.398579
1.044447
-0.862029
0.952055
1.837925
0.929603
1.300226
0.878434
-0.507268
0.841382
-1.287595
1.277626
0.627360
1.645047
1.063975
-0.402690
1.348022
0.502608
1.158231
0.493213
3.861990
2.203043
2.101037
4.097050
-0.033091
0.445898
0.029201
1.556778
1.063317
-0.438950
0.787158
4.232619
-0.005691
0.017094
0.642863
1.622107
1.788913
1.191662
1.390013
1.601839
1.343887
1.501737
-0.625821
-0.089586
3.411516
0.550713
2.562342
-0.137615
0.570358
0.743565
0.014947
2.040478
1.338846
1.435780
1.881662
-0.782172
0.978839
0.739752
1.904350
1.274541
0.029168
5.090528
1.247193
0.399989
0.595862
-0.651450
0.518321
1.701983
2.910360
-0.165007
1.260281
0.528960
0.703443
-0.415891
-1.163860
-0.095497
2.304726
1.381000
-0.121499
-0.024981
2.334011
0.753843
1.367259
3.506486
0.564265
1.242825
0.288403
0.400191
1.233806
-1.390264
0.081050
-0.152136
0.304710
-0.763562
1.815600
1.137717
0.948119
-0.984762
-0.584919
1.072827
-1.271142
-0.660629
0.441912
-0.027183
1.655825
0.262846
1.862154
1.317476
0.387136
3.549614
0.377516
1.787200
1.376530
0.926130
1.111736
0.363045
1.329881
2.787820
0.474760
2.361251
0.236892
1.475136
0.226366
1.888534
4.788581
-0.917808
3.191471
-0.271644
0.184645
0.566759
0.040937
0.337891
0.657561
0.241054
1.877775
0.462414
1.487864
3.600245
-0.259462
0.186968
2.203634
-0.040622
1.784035
-0.836159
0.755097
-0.655779
1.524886
0.876026
-0.670347
0.489535
3.128241
1.047878
-0.855678
-0.189086
1.577734
1.111609
0.504953
2.252753
-0.076504
1.739841
1.488054
1.101052
0.172797
1.317368
1.885147
0.269680
2.331067
-0.164705
0.812376
0.172485
0.850576
1.035089
4.114829
0.254723
1.525598
2.788956
0.740121
-0.174159
0.618808
1.025336
0.290600
-1.686253
0.027633
0.423968
-0.146241
1.787036
-1.691366
1.079079
0.355445
1.059878
0.430844
0.403677
-1.101399
-0.462886
3.065981
-0.534234
-0.322150
0.417555
0.160195
0.889261
0.436659
-0.050217
-0.110362
0.415563
2.638112
-0.448974
0.581578
-0.021904
-0.418266
1.157443
3.146366
0.528556
2.345353
0.310068
0.594017
-0.175105
0.347935
0.161914
0.612396
0.641148
-0.185636
0.273903
1.277319
-0.318099
-0.093533
-0.755242
2.529866
0.849933
-0.358399
3.445530
0.707977
0.408507
1.011424
1.886468
1.997051
0.581608
1.723376
1.432217
0.508729
0.291480
0.817209
-0.405881
0.470637
0.005717
0.244155
0.783931
1.222292
2.088041
-1.791501
-0.082511
2.765234
0.888498
-1.155733
1.192389
3.214609
0.826840
1.134256
-0.259640
0.909385
1.007346
0.707071
0.849242
0.485661
0.723334
0.231594
0.553327
0.260720
-0.635456
0.303174
2.457015
0.213542
1.546448
-0.738546
0.560242
4.329100
0.433834
1.876812
0.229489
0.520219
0.012096
-0.421864
0.393095
-1.250968
0.745085
1.328739
0.675370
2.043016
3.544245
0.639496
1.612595
1.120772
1.178200
0.084627
0.008772
2.065663
0.113184
-0.768415
1.899932
-1.244145
0.969928
2.450515
1.268504
0.699657
0.656452
0.376457
-0.275484
0.242513
-0.292362
1.685621
1.816416
0.590041
0.843741
1.762844
0.892416
1.316615
-0.145385
1.248626
-0.050498
0.863514
0.941085
1.227659
-0.118152
0.949560
0.004674
3.413764
0.164160
0.803362
0.876417
-0.634031
0.379653
1.186188
-0.019869
1.229090
0.290278
0.293153
-1.017696
1.994333
1.418246
0.655295
2.639451
1.071350
3.066205
0.853587
1.902395
0.338358
0.402146
1.788227
1.414770
0.627829
-0.135923
1.128200
-0.069716
-0.386110
-0.429414
-0.623795
1.092233
0.098795
2.665737
0.115844
1.108579
1.744303
0.312880
8.914482
1.114018
0.674360
0.381293
2.304508
-0.588630
1.175856
4.004784
0.347234
-0.825889
-0.292754
2.722306
0.632026
-1.114554
0.412892
0.316398
1.475263
0.099181
2.578134
0.559551
-0.068796
2.272817
0.504063
0.529992
-0.477418
1.799056
0.290384
0.307735
-0.350311
-0.348170
0.548469
0.902142
1.083211
2.042858
-0.043791
1.448905
0.792843
1.145740
2.136602
1.063606
2.113443
-0.744461
0.221411
2.023610
-0.500123
0.330034
0.765718
-0.578281
0.415118
1.317823
1.373581
2.003420
3.473687
2.282543
1.910626
-0.785431
1.208222
0.154225
1.182618
1.433844
0.332640
-0.773522
1.545635
1.258406
0.650172
0.583623
1.530262
1.084944
0.173300
-0.162064
0.580567
1.409347
0.046339
0.629304
0.553404
1.266612
-0.508383
0.380572
0.731786
1.015357
3.375552
0.799031
0.714147
-0.911074
0.817447
1.331024
4.262321
0.499670
0.732706
1.888315
-1.694313
2.474772
1.448033
-0.292450
0.739091
1.058038
1.448445
0.757555
2.164338
-0.449696
1.965533
0.023104
2.049538
3.040319
2.941019
0.535019
0.958229
-0.071828
1.247137
0.238776
1.474206
-0.279691
-0.572197
0.151478
0.062721
1.382645
0.453604
0.626201
0.827000
0.211823
1.471521
-0.043933
1.734274
-0.729404
-0.242330
1.012904
1.486110
0.237940
2.878095
2.035641
-0.379438
4.092501
1.041598
1.791758
0.963929
1.047883
2.791535
-0.009635
-0.282694
-0.738246
1.089056
-0.172182
4.720663
1.150637
0.371982
0.933632
0.772972
0.207785
-0.508959
-0.084696
1.697542
-0.229737
3.243862
7.143588
2.374791
1.307798
-0.008418
2.299791
0.623670
0.381539
3.073937
0.786435
1.101845
0.197306
2.094084
0.146358
0.062868
1.642216
-0.101994
-0.450075
-0.152834
2.019566
1.140413
-0.757412
-0.715246
1.830728
3.011317
6.749150
-1.278763
0.856843
1.466645
0.567048
-0.239883
0.903396
1.062947
1.472310
-0.199789
0.794881
4.248119
1.119752
4.013180
2.700487
1.205792
3.414091
0.341118
0.535085
-0.859721
-0.740283
1.092589
0.940949
0.564624
1.560422
2.195462
0.822642
3.630531
3.266479
1.461848
1.423109
-1.307045
1.902603
2.825372
1.669098
-0.346652
1.040115
2.511518
-0.335854
1.759898
3.050724
0.921775
3.341695
-0.905987
1.781552
-0.300440
0.168677
-0.295341
0.477749
-0.024728
0.318237
-0.004780
-0.440824
2.458128
0.198597
2.778244
-0.094291
0.734274
-0.535125
0.648374
0.672032
0.376782
0.929978
2.627080
-0.262253
0.889562
-0.427193
0.442399
0.397074
1.813737
2.507797
0.750228
0.170023
-0.696977
-0.454469
-0.267947
-0.240810
1.340824
-0.052258
1.600296
0.778707
2.837776
0.412918
-0.119897
0.505814
0.430784
0.941833
1.070403
1.619149
2.068179
0.057232
4.840198
1.136689
0.386719
-0.265517
0.407744
-0.623630
2.164901
1.718163
-0.850002
3.396567
0.601593
-0.437985
-0.985682
-0.001921
1.154541
0.534139
0.161705
0.845597
0.416593
0.819928
0.281960
-3.510090
1.902708
1.247895
2.170590
0.424757
-1.227742
1.348105
0.334006
0.200627
0.022712
2.204248
0.543875
2.725454
0.251773
-0.575133
1.409638
0.372859
-1.083778
0.988530
0.468515
-0.697966
0.519817
3.067719
1.455294
-0.241178
0.253482
-0.796467
1.999431
3.562967
1.522938
0.946489
2.284942
0.589107
1.555978
-0.186286
2.008199
1.713271
0.840158
1.069753
1.685724
2.566846
-0.078272
1.534091
-0.083007
1.069786
0.499452
-2.088376
-0.493456
0.086191
1.946295
1.340151
1.276264
1.707928
1.023734
0.287043
0.243502
0.081922
7.044189
0.548214
1.610336
0.467090
0.291047
0.112290
2.238863
-0.454497
1.873146
0.291939
0.097342
1.190069
-0.289963
0.198401
-0.966170
0.603903
0.626477
0.369358
2.154532
-0.550505
1.542113
2.983587
0.305583
0.523682
0.694733
0.215277
-0.312281
2.243007
1.325288
0.166357
3.059922
0.751253
4.339485
0.814908
-0.277729
-0.320105
1.520723
1.715532
0.363440
0.888759
0.930848
0.859484
-0.852460
1.636543
1.117354
0.605791
1.159533
-0.430954
-0.352652
-0.090057
-0.066118
0.860843
0.224431
-0.083777
1.743609
1.084035
3.728701
-1.283384
0.193300
-0.629702
-2.917402
0.309855
-0.279350
1.022285
-0.644719
0.840861
-0.315895
0.855645
0.656459
0.347793
1.193283
1.544191
1.302885
0.765795
0.024624
0.826378
1.535875
3.321150
0.086391
0.529112
2.182026
-0.377133
0.824314
1.026965
1.745717
1.659229
-0.062282
-2.232181
2.983397
0.615099
0.828716
-3.801645
3.314978
0.099525
2.059440
0.944647
0.521418
0.668762
1.363131
-0.400783
1.941600
1.411780
1.223562
4.119018
1.323114
-0.143042
-0.180052
1.442198
-0.073172
0.720301
2.261398
0.247755
0.139049
-0.495393
1.394302
0.554486
0.653154
-0.569040
0.540454
-0.211147
-0.463090
1.417000
0.357481
0.740307
0.786941
-0.474462
0.816148
-0.246879
-0.169619
0.638400
0.865560
0.045405
0.415018
-0.156870
1.022486
1.185495
0.713083
0.658516
1.728609
0.904023
0.516238
1.822645
1.669533
1.457129
2.208352
-0.841281
-0.860926
-0.416840
0.624457
1.369010
-0.190401
1.619305
0.619711
-0.111918
1.523001
1.948938
0.226216
2.718280
-0.213863
1.468146
2.451030
2.443085
1.221150
0.677950
1.638520
-0.264549
0.409259
-0.879095
1.253049
-1.326992
-0.525367
-1.258397
1.093501
0.440467
-0.131342
0.085506
3.114485
1.109424
0.590177
0.786516
1.208323
-3.912437
0.748350
0.147962
2.709317
-0.358805
-0.548760
-0.407270
3.374086
1.420995
-2.427699
0.321391
0.581279
0.854288
-0.541038
1.180139
-0.162470
1.064313
-0.068593
-0.053897
-0.092758
0.409925
0.079150
1.098083
-0.130497
2.674898
1.955311
1.137398
0.054524
0.595054
1.147545
1.270754
0.407344
1.312483
0.643508
0.140316
0.491860
0.908339
2.786908
-0.240911
0.970301
3.409203
-0.176617
3.024932
1.892582
4.078030
0.207167
0.149556
4.999643
1.902037
0.688003
1.617575
1.909217
1.118121
-0.358363
-0.155101
-0.054094
2.506209
5.314886
-0.429616
-1.565535
0.657855
1.188876
0.774056
3.863923
-0.070373
-0.514191
0.011179
1.127036
0.863734
0.660311
1.250834
-0.004652
1.494265
0.992292
0.375812
1.810100
0.094148
0.184869
0.264441
0.772140
0.528440
0.984025
-0.448898
0.910762
2.474516
0.973926
1.480017
0.043313
0.173636
0.412977
2.001605
1.575520
0.668554
0.579727
0.592788
0.220217
0.402519
0.365320
1.210039
1.516468
-0.135312
4.788687
1.239068
1.505912
0.212096
0.295243
0.957593
4.396207
-0.367104
0.101425
3.552887
3.332355
1.728984
0.861737
-0.092813
0.878448
1.025185
0.586043
-0.386981
2.101313
-0.081673
1.247758
-0.293338
1.100828
2.193530
-1.421487
-1.536726
-1.122918
3.470002
0.093880
0.472404
6.571154
0.179254
1.798066
-0.862958
0.052617
0.931072
1.999984
1.385333
-1.551763
0.623850
0.696184
1.693303
1.112774
-0.217745
-0.105741
-0.153480
0.592403
-0.601465
1.483066
2.908703
0.756579
0.813279
0.986253
-0.660082
3.413626
1.196416
0.210531
2.381198
-0.265155
0.304829
-0.069398
-0.241290
0.402785
-0.067770
-0.826527
-0.222078
0.369292
1.597712
1.158517
0.698275
1.950838
-0.597156
-2.451974
-0.503907
1.206301
6.794175
-0.455437
1.258988
0.382084
-0.395458
-0.525599
2.860751
0.512143
-0.085215
0.322187
0.573110
0.667814
-0.369535
1.117811
1.389305
0.652891
1.403164
-0.701487
0.596900
1.606237
0.927653
0.676838
1.265609
0.456471
1.403876
0.402615
0.340706
0.593678
1.362009
0.518037
-0.403074
1.024317
0.415248
1.157234
0.410479
0.028597
2.311746
1.287674
-1.245202
-1.728456
1.859220
-0.704138
2.874189
0.354051
3.592437
2.557464
0.993214
-0.424230
1.479273
0.473120
0.579955
1.548858
0.386995
0.008637
-1.699320
1.741730
-1.592449
1.364672
0.428627
0.715755
-0.750090
0.640564
2.268592
0.932347
2.225074
0.662394
1.210989
-1.033467
1.542462
1.012590
-0.536407
-0.362692
-0.128048
0.429035
2.120059
1.203610
0.057161
-0.541738
1.130763
0.855434
0.665483
1.675557
0.042615
0.664486
1.026555
0.942082
0.593426
0.362529
1.437696
0.075420
0.361229
1.148487
-0.618298
0.555732
1.161897
-0.523586
1.563227
0.632223
1.515034
0.853907
-0.533684
0.878272
-0.841637
-0.877323
-0.743369
0.977175
0.593502
-0.266926
0.085444
-0.059517
1.248728
3.181633
1.212664
0.384540
0.907532
0.159667
3.396131
0.093301
1.048314
-0.006116
1.779882
-0.131792
5.698200
0.360037
0.303359
2.569677
3.164168
-0.171754
1.001057
-0.067648
0.640909
0.107157
0.657173
1.750742
0.902746
0.349250
0.534386
-1.459322
0.618273
1.213624
-0.076246
-0.371479
0.434831
0.287589
0.579869
-0.334971
0.831754
1.425272
1.626094
1.401171
1.783904
0.491304
0.668903
1.930968
-0.373605
-0.748948
1.139624
1.931527
0.294731
2.814686
1.175054
0.616011
-0.318654
2.228741
1.201856
-1.391942
1.602483
2.060741
0.339912
6.717198
1.101363
-0.482268
2.776123
-0.052582
1.144123
2.156841
-0.662130
1.200108
1.379566
0.764463
1.917269
2.679577
0.058411
-0.355607
3.265685
0.818464
0.660951
0.703075
1.659958
1.641071
1.578203
0.190764
-0.446401
4.497320
4.086753
0.609033
-0.680824
1.456720
0.527650
-0.132048
2.769351
0.437781
-0.514366
-0.708297
0.633176
2.301820
1.419883
0.376884
0.837362
0.472797
-0.070757
-0.190066
-1.589914
1.563547
-0.224422
0.931149
0.378992
1.895546
-0.499227
0.588158
-1.196131
0.805310
1.399064
1.625552
1.383641
1.076130
-0.304632
1.019405
2.272411
0.027455
1.574277
7.098853
0.716562
-1.433178
0.664667
1.356448
1.621513
3.144447
2.368435
-0.246135
0.114529
-0.167273
1.025912
-0.059342
-1.556420
3.017333
0.598115
0.188976
-0.555842
-1.042902
0.169006
0.653126
-0.146210
1.896771
2.295988
0.733094
0.241220
2.552212
0.950655
-0.035823
0.860100
-0.718623
0.956388
-0.012829
1.956544
0.905891
0.731146
2.926888
2.827117
1.267512
1.445995
-0.170806
3.248478
-1.089791
-0.456502
0.607884
3.407926
2.019175
1.724564
1.169074
1.219711
2.865073
0.711003
0.768675
2.893400
1.969351
3.382773
0.980530
1.021903
0.886401
0.207424
0.270096
1.622563
-0.126840
1.273579
0.520361
1.624322
2.265764
2.237158
0.229142
-1.973185
0.131110
0.465681
1.053949
1.440437
1.776507
1.282301
0.648850
1.534931
0.289664
-0.714210
1.729338
0.167082
0.572376
-0.700446
1.013255
0.782752
1.512683
-0.492602
0.786528
1.334708
1.601033
1.727276
0.376184
1.208108
0.715053
2.387834
-0.286274
0.164725
3.275591
-0.601272
6.088782
0.545549
3.064439
-0.731562
4.383953
-0.904308
-0.912047
1.348327
0.723190
0.145630
-0.719178
0.607250
0.787019
0.996363
0.856341
0.687869
2.907292
0.995894
1.078395
0.456574
0.117844
0.301090
0.646488
2.381059
1.163571
0.759003
-0.232560
0.461997
2.703426
3.284698
0.710319
0.629025
0.392931
1.962580
0.285493
0.730132
-0.033520
0.070155
0.119653
2.349214
0.406045
0.588180
0.435304
0.707584
0.396418
0.072717
-0.388264
0.176326
0.728042
1.719267
-0.187873
-1.251546
0.429649
0.086456
1.552414
4.219438
0.971650
0.499094
1.527489
3.208542
0.992095
0.485538
2.666426
0.038240
1.197331
1.193492
1.078417
2.147566
0.939168
2.228582
2.154707
0.615053
-1.103800
2.323487
0.439151
-0.103779
1.841052
1.666869
0.401735
2.256220
2.004567
-1.459211
1.446201
-0.614647
4.209597
4.682305
0.394511
0.255497
1.271238
1.030175
0.525214
-1.200400
1.511002
0.653557
-0.234717
0.623784
1.333845
0.162356
1.697362
0.966672
0.228901
0.255960
1.288664
-1.494000
0.113109
4.865546
0.258790
-0.629114
-0.480934
1.553350
1.655100
1.502449
2.261941
1.070269
0.905848
1.047582
0.056557
1.150644
1.304352
3.286379
-0.831875
-0.216388
0.960331
0.722800
2.066315
0.323968
1.396182
1.496926
2.257279
1.643582
3.238559
2.440610
0.400492
0.755285
0.457617
0.187953
0.810826
1.563696
1.245767
1.230327
-2.045306
0.561388
1.317502
-0.318074
-0.157211
0.611587
0.810311
1.091106
0.922004
4.484485
0.757722
0.996543
0.531915
0.902838
0.342172
1.448271
-0.184441
-0.315210
1.033010
0.213728
-1.156034
1.655491
3.094765
-0.395451
0.558712
0.629784
-1.716810
0.738417
5.312480
0.170041
0.538563
0.442997
0.862559
-0.644957
-0.831868
-1.851041
-0.293968
-1.858775
0.739253
1.135155
1.477569
0.430687
1.484212
0.544371
0.064804
0.902054
2.294182
0.538665
-0.670111
-0.209712
1.039507
-0.152750
1.585883
-0.430063
0.319402
3.102393
1.471429
-0.385317
0.510538
2.842815
0.060926
1.505203
-0.029202
1.494336
1.026732
0.080097
1.135941
-0.507644
0.432566
1.983539
1.581144
-1.383486
0.598923
-0.779665
0.794800
-0.150608
0.087557
1.117677
2.032798
0.840525
0.762753
-0.032034
2.184309
0.697091
2.542223
3.481211
1.951509
1.070971
-0.350247
-0.327004
0.348216
-0.720411
1.698368
4.795682
0.119398
0.331818
-0.005014
0.746748
-1.128970
-1.243606
0.769796
-0.831100
5.067176
0.067670
1.301042
0.583351
0.175050
0.920768
-0.437358
0.651908
0.661656
0.452641
-0.457635
0.814816
1.254866
0.415519
-0.778970
-0.307574
0.833814
-0.971186
1.356027
1.780630
0.137332
0.676219
0.150274
1.091155
1.213765
0.319251
-0.324781
3.085147
-0.391871
1.102020
1.290423
0.968534
1.226006
0.515520
0.752990
0.242472
1.082141
1.161801
1.271511
1.181577
1.631197
1.027997
0.573944
2.569613
1.386129
2.301793
2.184475
3.451987
3.037899
1.654873
4.841446
-0.400733
0.079004
0.272074
-0.267116
-0.262607
-0.113548
0.495967
1.880952
1.355908
0.343400
0.409494
1.062392
2.117781
0.592198
1.903358
-0.591394
2.982493
2.162759
8.094000
0.384348
1.843418
-1.728507
0.394375
0.730844
1.047567
0.152110
2.740245
1.036279
0.346755
0.328869
0.777351
1.021289
2.097221
-0.760082
1.011968
0.626673
-0.283767
1.090865
1.538324
2.335303
2.068734
0.234241
-0.597863
-0.322091
1.229862
0.355742
3.073809
0.647678
1.527913
-0.196178
0.295994
0.929724
0.437378
1.738288
0.612744
1.442184
1.123469
1.103951
-0.172836
-1.629966
1.031635
0.707262
0.848582
-0.972279
-0.399483
0.066961
0.508204
3.025930
0.454815
0.266342
1.301581
2.006243
1.891162
3.599227
0.537612
-0.607342
-0.952856
0.761918
0.601911
-0.942722
0.676424
2.858986
-1.182714
0.527591
1.202509
-0.299986
-0.049272
0.277599
0.766219
-0.901669
2.862612
3.128325
-0.692240
-1.142220
0.340985
1.609950
0.519367
1.950937
1.969747
1.697632
-0.761661
-0.782055
0.903377
-0.351791
-0.408742
1.030782
0.541914
0.229211
0.574908
-0.012827
0.890081
0.221368
-0.903064
0.548729
1.440976
2.222572
1.955623
0.571926
0.485894
-0.858313
0.950279
2.946810
-0.282618
3.192710
0.231622
0.558905
0.588454
0.095592
1.181901
3.547633
1.745638
1.126337
0.865222
1.167140
0.710963
1.735444
0.570744
1.221986
0.789593
-0.012754
0.711073
0.211485
-1.128863
0.357610
2.299836
-0.412668
1.710389
2.591820
0.901663
0.543586
0.090506
0.146722
2.710379
0.351721
3.136332
1.014574
0.794006
0.063609
-0.576190
2.967155
0.186641
0.424146
1.791706
0.422470
1.817398
0.024843
-0.075627
-0.620443
0.551979
3.363511
-1.193092
-0.289043
2.240454
-0.009072
-0.736105
0.479405
2.237978
1.263717
0.646735
0.194318
0.771299
0.408119
2.214896
0.724641
1.851824
0.698213
-0.083500
1.402869
1.987065
0.045988
0.891108
0.676980
3.646355
0.760670
0.149299
-0.735380
0.942013
-0.068528
-0.503535
0.649010
-0.998133
0.865381
1.793235
0.498962
-0.828578
2.753439
0.443582
0.517765
0.934028
0.217144
0.482543
-0.058219
-1.595360
1.254377
0.690259
0.823972
-0.206200
-0.450250
-0.072422
0.081175
0.326126
1.731125
1.551437
2.350776
1.925378
1.185650
0.966851
-0.046023
-0.431842
0.163105
-0.797439
2.008251
0.833582
1.283360
4.667888
0.412109
0.906291
2.036576
0.094131
-0.101087
0.850724
0.808610
0.853230
-0.394310
0.415134
1.148440
-0.040492
2.383208
0.915055
-0.191589
0.955543
-0.742770
3.862484
1.132126
1.449198
0.574262
1.103254
1.163277
1.112257
-1.328705
0.671074
-0.847971
-2.172808
-0.418005
0.053436
-1.170762
-0.921113
2.435421
-0.200682
0.979057
2.570151
0.715835
2.879292
1.111848
0.683158
4.064042
2.781999
0.672686
0.344054
2.276918
2.096182
1.604072
0.527163
1.158554
1.742303
-0.548397
2.123511
-0.130549
-0.729599
1.407083
0.156124
-0.227240
-0.059103
0.599922
3.454275
1.332491
3.469564
1.184103
0.653944
2.503192
1.110840
0.342186
0.513043
-0.606884
1.045283
0.296884
6.217225
7.143955
1.561482
-0.457050
0.572314
0.940978
0.451480
0.735016
1.241491
-0.721996
1.406731
0.071075
0.221621
1.644567
0.159347
1.430502
4.549042
-0.021405
0.418815
1.882917
1.996936
0.689254
4.397810
2.240706
3.341846
1.095147
0.205057
2.759320
1.285085
0.390106
-0.421848
1.440286
1.221156
2.526928
1.119722
3.518761
3.161028
-0.597651
5.118791
2.609791
0.606743
-0.631297
0.793099
0.282268
1.253581
-0.072273
1.149736
-0.805069
2.285079
-0.063934
1.549121
0.920554
-0.583580
-0.087279
1.647588
0.468326
5.670200
-1.027654
-0.184540
0.231273
1.236946
0.446460
0.871073
-0.338688
-0.675243
1.859171
0.515141
1.069128
2.247426
0.537193
0.627320
-0.286784
-0.830699
2.435124
-0.189561
0.630497
2.205487
1.837238
2.514819
1.750349
4.178418
1.439357
1.114704
0.495282
1.173801
-0.586438
0.667022
1.160887
0.517815
-0.076461
-0.515209
1.663485
1.934094
-0.109771
0.934740
2.037238
-0.291441
2.115609
0.294843
0.802779
-0.427946
-1.191197
0.868027
-0.163952
4.377672
-0.026361
0.335862
0.670644
2.258416
0.372353
2.417634
4.249487
3.710069
2.428404
1.123444
0.662441
0.538801
1.024437
0.970736
1.455523
1.654209
-0.223610
0.958782
0.988416
0.783951
-0.617684
-0.952481
2.159925
1.275440
-0.874351
1.255936
-0.287746
-0.335647
-0.023674
0.287496
-0.455383
0.591896
-0.770887
1.952669
-1.181422
1.272612
1.285414
-0.040267
0.128046
0.908819
1.853246
2.095480
-0.184161
-0.599105
-0.218575
0.549838
0.341113
-0.170553
0.737566
-0.216657
1.885489
0.600015
1.050026
0.652809
0.143389
-0.427367
0.779668
0.934535
1.187145
2.042416
-1.168852
0.084257
0.481111
1.020559
0.614009
0.823543
-0.269133
0.493108
0.873570
0.834466
0.143054
-1.199513
0.812297
-1.984096
0.335678
-0.218340
0.772427
1.658960
-0.265943
1.791457
2.497063
0.766183
1.488633
0.862361
1.692366
0.519759
0.392368
-0.561995
1.177642
0.566988
1.277657
1.300075
1.180576
1.863218
2.299673
0.106932
1.249357
0.265689
-0.572727
-0.230109
0.758406
1.060294
1.991557
0.346747
-1.186585
0.485674
2.018164
0.470282
2.209662
0.679456
2.107359
0.424658
-0.106509
1.441538
0.847290
-0.978171
2.140183
-0.406387
6.161986
0.339267
0.607672
3.051852
1.433843
-3.518316
1.840723
0.874219
0.623325
-1.184873
-0.209283
-0.428440
1.662634
-0.226366
1.816600
2.466252
-0.301325
0.079613
0.787765
-0.131395
1.152071
1.445600
-0.651017
-0.837206
-0.070009
3.177131
0.046953
3.168174
2.234969
1.730325
2.179247
-0.793020
1.129967
-0.192044
0.080528
-0.045323
-0.656518
0.692259
0.368223
1.066318
2.069262
0.981591
0.378714
0.160439
1.356313
1.310950
0.597094
1.020815
1.253121
2.500387
0.741459
1.257240
1.431108
0.083975
3.153352
1.611770
0.664955
-0.725313
0.644678
-0.232105
0.347494
0.034695
0.583792
-0.078063
0.728293
1.355038
2.602956
-1.496369
2.749302
1.319828
0.545420
1.990463
1.316089
-0.840748
1.577194
1.002149
0.527513
2.115418
1.245402
0.738928
0.962365
0.433804
0.996345
-0.311965
0.016925
0.420461
0.595860
1.515918
1.614299
1.992476
-0.841466
-0.456149
0.292373
-0.912088
3.099775
0.487375
1.641802
0.201896
1.087595
0.076388
0.879440
3.031224
2.456917
-0.274164
1.810500
1.065237
3.643550
0.019823
2.088249
2.657040
2.531626
0.022891
0.991587
0.392141
-0.423614
1.217920
1.992659
0.288678
-1.416667
1.648021
3.597782
0.380206
0.628817
-1.438080
-0.117945
5.721140
0.477601
-0.220225
0.894033
0.373443
0.319553
0.543481
-0.121979
0.814606
0.436648
0.610204
2.900715
0.225835
-0.284825
0.966185
1.199521
-0.334615
1.803915
0.639997
0.561377
0.999251
2.085206
-0.921834
-0.059198
0.145723
0.707289
1.553888
-0.199601
2.138086
0.032684
0.384724
0.087365
0.526579
-0.759810
1.985653
0.677198
-0.514553
1.712111
0.869646
1.560004
2.188447
-0.813668
0.549852
-1.153932
2.155757
0.971113
0.816093
3.015136
0.648736
-0.035707
0.516452
-0.804047
0.663469
0.648308
0.954474
0.868747
0.722159
-0.456040
0.305940
1.565516
-0.439007
2.637402
-0.290617
-0.818737
-0.117465
1.107288
-0.736307
-0.337970
1.295453
-0.473470
0.424886
1.502668
2.590053
1.584919
-0.050404
0.224477
-0.008380
0.550532
0.881862
3.103670
1.640715
0.170356
0.689307
-0.131501
1.524957
0.759907
1.251315
0.198180
1.548796
2.915509
-0.166515
0.005173
0.307814
1.050954
0.499744
0.137265
1.255516
0.152282
1.047348
0.602958
-0.429026
0.412304
1.513635
0.467035
-0.516098
3.986591
2.357855
1.154132
0.206538
2.939690
0.324693
1.322133
-0.887803
1.266476
1.492697
1.636239
0.089328
-0.702995
1.308676
1.298998
-0.501225
0.006455
0.970793
0.915310
1.709609
0.898553
2.071050
1.785156
0.011744
0.949094
1.210797
-0.267998
-0.532742
2.691073
-0.197040
0.360747
0.649789
1.378975
1.108892
0.580911
3.924657
2.247619
0.695135
0.494604
1.321589
0.808303
0.515047
2.714696
0.645587
0.433480
0.795683
1.312163
-0.212176
0.243160
-0.378840
0.554375
0.566834
-0.093557
2.553000
-0.514593
0.619366
1.160089
1.149504
0.991572
3.221348
-0.371486
2.218340
2.366857
0.907377
2.315350
1.453329
-0.398550
1.684106
-0.002739
2.421177
2.965001
1.694948
1.276293
1.654236
-0.625833
-0.035273
0.011655
1.182641
1.504943
0.216694
0.884840
1.627564
0.650872
1.310712
0.189627
1.336502
2.268990
2.344839
-0.912190
-0.452938
0.006138
1.405872
1.320641
0.644545
0.750309
0.278759
1.246489
-0.241098
-1.555528
-0.491669
2.956057
0.178287
0.357358
-0.191861
5.535745
0.277721
1.919134
0.359336
0.818931
1.863411
1.466643
0.827216
0.676044
0.655962
-1.092729
-0.241249
0.007265
2.924709
0.618663
1.414374
1.113004
0.497242
0.722323
1.845699
3.561608
0.395662
0.865120
0.939202
0.759210
0.199826
0.597617
-0.082114
0.460229
1.691340
1.079860
0.646518
0.462391
1.605147
2.252150
1.537670
1.023517
0.033991
2.083784
0.662706
0.299025
0.263482
1.083937
0.891128
2.263642
-0.981953
0.475904
1.180373
1.482175
0.062149
0.325568
0.666829
1.064193
0.023712
-0.304586
0.712191
-0.850211
-0.137499
2.626798
1.279110
-0.177632
0.651715
-0.633700
3.872192
0.070727
-0.245926
-2.473963
-0.025397
1.758797
-0.633625
2.228501
-0.760167
2.704493
-0.376018
1.307632
1.511642
1.825583
1.923851
-0.022905
1.090940
0.569784
0.525578
0.626910
-0.629971
2.916997
0.559991
0.375899
0.521848
2.061464
-0.738357
1.095373
-0.047321
-0.508997
0.315773
0.633241
2.824184
1.396282
4.645086
1.958144
-1.089951
0.046628
0.555149
0.554732
-0.030075
1.358474
-1.386874
2.889207
-0.358910
1.409001
-0.111823
-0.366543
2.104822
1.347261
2.805498
0.720958
-0.356747
0.984863
0.782031
-0.159221
0.508496
0.792168
-0.935998
1.030741
0.928075
0.487333
1.077082
0.510443
0.242309
-0.000989
1.818449
4.880544
1.005407
1.800857
-0.570370
0.724576
1.221677
0.020534
2.311665
2.069382
-0.258920
-0.231542
4.089384
-0.687446
0.282364
-0.105611
0.574405
0.597695
3.913134
1.769188
0.003059
0.977694
-0.337902
0.695791
-0.645923
0.937841
1.296233
0.514133
2.392907
-0.038307
0.563641
-0.481319
1.818119
0.180241
1.577530
0.586554
1.153917
-0.329224
-0.842163
0.450188
1.637195
-0.608704
-0.986618
0.245691
-0.235645
0.447485
-0.021980
0.305609
2.326848
2.123635
0.234732
0.004937
1.211255
1.852525
2.545860
0.685378
0.925718
0.367031
0.028142
1.134479
1.150880
2.272157
-0.773007
0.053425
1.392880
0.816796
4.190419
3.064957
-0.758334
-0.064455
-0.698494
-0.949945
0.878400
1.076939
4.087884
-1.033115
1.014975
0.611261
-0.097542
0.741937
-0.251012
0.567532
1.812006
0.108327
2.163183
0.675000
0.814362
0.028750
0.769932
-0.165964
-0.010120
1.237919
-0.550858
1.041292
0.269078
3.211729
-0.293657
0.702780
3.806174
1.804334
0.442027
3.631136
-0.608002
2.041780
1.107390
0.490909
2.562866
0.377973
0.447791
-0.100072
-0.065070
4.818486
0.030066
0.759420
-0.443927
0.548009
1.104829
1.867493
2.539057
0.146836
0.433545
0.417972
1.859574
2.749789
0.761586
3.953914
0.289757
-0.740918
0.425674
-0.218030
2.290857
0.807437
2.508072
0.290943
2.794231
1.669285
1.452517
1.448514
0.815020
2.032186
-0.462295
0.725658
-0.345366
1.726427
1.541251
1.062408
-0.114405
1.093967
0.266592
-0.381516
1.443759
0.867241
0.726007
-0.635509
0.011989
0.760008
0.844443
1.222624
0.404610
0.193395
1.248635
1.005725
0.630528
0.033484
0.878408
2.791436
1.906813
1.744537
0.697521
0.587198
1.298792
0.344578
0.164172
0.973325
1.256895
3.291509
1.005879
0.318895
1.531365
0.925325
-0.801658
0.068328
0.512679
0.587695
0.902515
1.042646
3.237168
-0.100628
1.335935
2.842466
-0.803105
-0.618886
1.151826
-0.066554
2.089307
0.970134
2.146783
0.917283
-0.199632
0.160514
1.061635
-0.008840
0.119049
1.257318
0.606404
1.938913
2.506340
1.134551
1.541029
0.690358
-0.376353
0.734362
0.614860
1.091908
0.861651
-0.749776
-0.259011
0.739456
0.020682
0.236329
0.713577
0.325314
1.288970
0.265351
0.777436
0.437976
0.110683
0.936289
1.279892
0.856921
1.197422
0.855917
0.355852
-0.031992
0.553015
2.347287
0.164940
1.182615
1.090036
0.061609
2.251765
0.502685
3.361936
-0.398885
1.613166
0.451648
1.235324
-0.225832
-1.312417
1.298193
0.297375
3.563263
1.646957
2.998428
-0.492542
1.360965
1.409197
1.985100
0.883703
0.983706
-1.614141
0.937423
1.686481
0.772514
-0.597029
0.365422
1.812720
1.088407
-0.179177
-0.510980
0.786821
1.205287
1.688844
2.016602
-0.143415
1.458429
-0.966312
0.452136
0.919609
1.188829
1.678555
0.386074
0.631760
3.073790
2.481124
0.097477
0.783571
0.571090
0.216699
2.046478
0.962142
2.520421
1.811806
-0.333891
0.769072
1.199279
-0.941193
1.536901
-0.383011
0.234036
0.277965
1.771824
0.970605
0.709810
0.571584
-0.966242
0.083581
0.513945
-0.069753
0.069859
-0.241086
0.543784
-2.292249
0.243684
1.341214
0.310034
0.566892
0.652217
0.344219
2.426440
0.418128
1.082974
2.461246
-0.843712
1.221663
2.323957
-0.462308
0.229579
0.147591
1.743554
0.963220
0.644136
0.729446
0.909073
2.987454
2.449311
0.831439
1.889776
1.232431
-0.501411
0.635396
0.978755
1.447794
2.761924
1.424054
0.225943
0.728130
0.889307
0.629623
-0.562206
0.310657
0.284303
0.090466
0.145350
-0.321248
1.842901
1.021234
0.006893
0.841470
2.225882
2.275147
1.263501
0.220024
-0.216290
-0.535514
0.108635
0.710051
3.005776
0.482684
1.056985
0.495095
1.330527
-0.030657
1.087941
1.176080
0.017553
1.324513
0.040133
0.374259
1.403425
0.547171
-0.320472
1.720509
1.101793
0.071677
1.750396
0.342659
-0.469513
-1.117691
1.252754
0.694532
-0.260163
0.537763
0.300965
0.661932
0.767310
1.631785
1.706734
2.318330
-0.892501
3.705073
2.456390
-2.817579
1.262381
-0.397775
0.306070
3.307663
1.122894
0.587262
3.913403
-0.867643
0.071351
0.292983
1.799588
0.603425
0.682475
-0.993263
3.294093
0.634872
0.036183
1.872170
-0.490925
-0.651737
0.954680
0.300103
0.624962
0.674663
-0.234126
1.239246
0.196420
1.118407
0.362325
2.210639
0.195653
0.542839
0.894678
0.668245
1.135792
1.444349
0.030110
0.630136
-0.167056
1.713057
0.454796
0.417186
3.388618
-0.502371
2.991042
0.006605
1.566722
3.043147
0.078505
-0.007185
-0.026501
0.634076
-0.728339
1.916892
0.398957
0.813121
0.492218
0.407386
0.671348
0.184272
-0.082212
1.899410
-0.820500
1.077469
1.072220
2.812784
-0.807375
-0.300614
0.644604
-0.003366
1.270977
1.458053
0.686076
0.347110
0.471504
0.754503
-1.005097
-0.071633
2.977173
0.762518
-0.084627
0.531229
2.612097
2.653997
2.050887
1.362123
0.476119
0.438668
0.993497
1.116676
-0.663631
0.792634
1.973213
1.350080
2.214562
0.509139
0.630562
1.960792
3.126823
0.627192
3.261254
0.757556
1.514026
0.904350
-0.418133
1.142420
1.915828
0.377838
1.424641
0.405691
1.391823
0.478727
0.066406
0.252355
0.902127
2.239299
1.538657
1.533568
1.791073
0.592065
3.323377
0.743019
0.395864
0.482530
0.384786
0.908699
-0.371940
1.812634
-1.145921
2.542331
-0.975008
0.021242
1.086833
1.422557
3.162000
0.506623
1.640616
0.812829
0.221726
1.550860
0.701055
1.117786
-0.558962
0.576992
2.475823
0.951080
1.851068
1.620931
-0.074214
1.079152
1.135015
1.025324
-0.219051
-0.425091
0.005441
1.400839
1.071837
0.733886
0.044129
-0.406558
1.674866
-0.664171
0.688402
2.258994
0.305454
0.453683
0.389111
0.477058
1.701968
2.196763
0.940028
2.923918
0.473945
1.518687
0.544929
1.315579
0.479685
0.789678
0.854324
-0.058306
0.957669
1.228778
1.604134
0.668100
0.651053
1.932053
1.647163
-0.257399
0.597066
1.764653
0.209661
0.452088
0.444928
1.264176
5.281029
-0.134539
1.731494
0.987763
-1.185018
-0.141183
-0.375326
0.961271
0.535804
0.550807
-1.472034
0.363015
0.926242
0.223829
0.192056
1.481167
2.098712
0.772444
0.463859
0.406281
1.865099
1.396732
-2.105612
0.678219
0.151846
-0.028082
1.076386
-1.123461
0.846027
3.303277
1.168782
0.498954
2.240047
0.258753
1.029267
2.828873
1.579744
2.181774
0.419314
0.052988
-0.487724
-0.490472
0.438535
-0.000312
0.059469
2.396640
1.259111
1.340849
1.386067
0.011870
0.519173
1.146687
0.268436
2.858626
0.018804
0.268694
0.409824
0.988580
-0.154274
-0.302006
1.860661
-0.240865
0.418668
4.029938
0.825167
2.051674
-0.222166
-0.334670
1.367786
-0.182689
0.214022
3.794804
0.184152
0.648795
0.447663
0.512181
0.353475
0.384308
1.913615
-0.295038
-0.121642
-0.849366
1.157254
-2.113294
2.490579
0.157837
0.309402
0.150538
1.810568
1.511038
1.001998
0.797365
2.794927
1.562604
1.372605
-0.379610
0.888189
0.379834
0.112853
1.089515
-0.476031
2.108899
0.314345
-0.457967
2.869240
1.122849
-0.460537
0.056540
1.129433
1.246800
0.624843
2.272851
-0.688892
0.516344
0.696143
0.539118
0.325418
1.669317
1.107486
0.435812
0.759305
0.790651
-0.105658
3.592385
-0.889000
1.693026
0.086874
2.172193
0.684157
0.170257
1.005063
0.386933
1.129004
0.218661
1.755111
0.759037
1.470342
0.328145
3.789513
1.435886
0.908839
0.655987
0.740736
1.476021
0.313240
-0.562217
0.932203
0.917088
0.550865
4.151796
1.829619
2.231815
-0.592545
0.108489
-0.799593
0.831073
1.741519
0.779352
0.733406
2.899066
0.769564
1.200723
0.089776
-0.673961
0.057560
-0.102066
0.137533
1.009581
-0.041573
1.321319
0.160589
1.184894
0.490553
-0.123965
1.258289
0.620269
0.859781
0.396554
-0.701341
-0.521141
1.990273
0.395757
-0.055707
-0.347124
1.532098
2.273639
2.518402
0.954197
0.903607
0.283836
1.793824
0.138110
0.609053
1.163841
0.646614
2.502949
-0.561815
-0.876560
-0.148668
1.225218
1.982737
5.225930
1.084244
-0.767047
3.483538
-0.012237
0.350641
0.115434
2.232042
-0.608981
1.088635
0.438699
0.049299
-1.688092
-0.298166
1.136395
3.193786
-0.567957
0.815371
0.753965
0.119718
4.807857
2.873313
-0.283394
-0.843314
0.464375
3.952038
1.135877
-0.341758
1.519261
0.516836
0.707026
-0.742171
-1.936026
1.692073
0.699607
1.044181
-1.083054
0.655110
-0.445852
-0.383053
1.231683
-0.036929
-1.925690
-0.571193
0.509014
1.739736
2.526167
0.532532
-1.074449
-0.617630
0.872669
1.806304
0.748473
1.596348
-0.339076
-0.993945
0.336049
2.142497
0.291648
1.085355
1.467696
-0.312287
-0.144638
2.826480
-0.052043
0.109269
0.801453
0.869616
1.973356
0.679413
-0.193599
0.909564
0.223640
1.009189
-0.409104
1.619903
1.467540
-0.398664
0.918735
0.730030
1.224668
2.755562
0.989210
3.220198
1.398491
0.295905
0.816301
0.549733
2.074374
-1.077441
2.197807
0.881547
-0.575683
-0.843659
0.583491
-0.270126
0.326772
0.303987
-0.003666
0.469480
0.582481
2.574830
1.411184
0.210470
0.199306
-0.150472
1.496879
4.430328
1.952860
-1.308008
1.948488
0.514550
3.887716
0.982415
0.453459
2.980764
-0.947421
1.943412
2.541835
2.712446
1.467454
2.994167
0.321778
0.482311
0.273424
3.748190
1.170420
0.820335
-0.482941
0.661090
1.421305
1.088033
-0.135996
1.512644
1.487563
0.264910
1.184147
-0.808697
0.787124
1.992120
2.726566
0.209672
-0.743194
0.619880
0.273635
2.186574
2.350918
-0.985522
1.720180
3.482088
0.464764
1.801686
0.241938
0.212998
-0.520298
0.373092
-0.954047
0.817560
0.592683
-0.470786
2.198311
1.682515
2.079074
-0.272002
-1.330431
0.128720
0.569083
0.010672
0.530395
0.902826
1.554412
-1.158941
0.501771
0.893679
1.639421
0.943443
-0.845409
1.428659
0.982760
2.264723
0.336104
2.207341
2.797990
3.936272
0.862063
1.300035
-1.120443
0.660775
0.398262
0.480292
0.680038
1.613427
0.318543
0.107887
4.213078
4.386436
0.464694
1.005968
-0.105357
0.069807
1.493964
0.170319
0.808148
0.372524
1.290243
0.622045
2.754140
0.176788
0.065552
-0.425573
-0.287100
1.597691
0.459982
2.112755
0.152005
0.872056
2.133376
1.179567
1.055010
0.173062
-0.662815
0.014317
3.056834
2.316321
-1.043053
0.448934
-0.371178
-0.101696
1.259299
-0.576335
1.948341
-0.057746
0.549098
0.582051
2.308062
0.215756
1.344306
0.629098
1.669946
2.475898
0.640328
2.192033
0.210032
3.062393
2.342670
0.265338
0.561589
1.557516
0.754017
0.404198
1.470413
0.705912
0.011100
0.883130
-0.841713
0.658643
0.767190
-0.477674
0.914314
3.295652
0.696500
1.485619
-0.447454
-0.016433
2.212967
0.225982
1.182140
0.414061
0.430543
1.110931
-0.575383
0.286969
0.784613
2.722683
1.053107
0.296326
0.536042
4.230844
0.419699
2.930478
-0.575989
-0.043414
0.703964
1.021978
-0.078398
-0.066733
1.012829
-1.340056
0.489742
0.618929
-0.513491
0.359214
0.639989
1.298494
1.058346
0.236966
0.328949
0.023859
0.439067
-1.223527
0.806810
1.649366
1.245591
0.857954
1.532778
0.739471
0.116468
1.180860
0.865233
-0.408034
1.952032
-0.701940
0.740931
-0.323889
2.064280
0.582574
0.145054
-0.392791
0.422564
0.885668
-0.265347
0.838757
2.995917
2.079553
1.396020
0.887689
0.688020
-0.283060
0.435341
0.370166
3.400434
0.713028
0.747634
1.270704
2.252169
2.145326
0.759944
0.689242
2.202076
-0.538245
-0.511139
-0.402164
0.896540
2.095057
-0.843225
-0.232740
-0.066128
0.351648
-0.320380
4.454333
1.184999
0.973960
1.143565
1.012528
0.484709
-0.102030
0.575746
-0.695748
0.246328
1.681476
1.276740
0.540012
0.845747
3.554087
0.256299
0.007337
1.293017
-1.020093
-0.393009
-0.270749
1.270846
0.206586
0.214133
-1.653277
0.516487
0.602198
-0.585256
7.653332
2.017216
2.060320
0.871958
1.788646
-2.464885
-0.758854
0.518901
0.882997
1.310497
-0.414253
0.720562
0.611669
1.236404
0.509441
0.519591
-0.528628
2.201548
1.541669
1.006985
1.080381
1.965714
-0.064163
0.699443
0.544301
-1.255700
0.403762
-0.028602
1.635047
0.208041
3.190186
-0.486443
1.320055
1.433806
0.355529
1.055977
-0.213536
-0.593402
-0.185417
-0.413100
-0.532655
1.407388
3.621213
0.437429
-0.093125
0.019774
1.722332
1.490338
-1.446651
0.586463
2.160008
0.001247
1.290237
0.737556
1.393767
3.659226
-0.710889
0.354775
1.553522
-0.367512
0.585060
0.924159
1.775610
0.596016
-0.082027
1.606918
0.311426
0.740602
0.633729
-1.660368
0.460340
-0.851468
0.813432
0.116345
1.776266
0.302261
0.145696
4.542795
1.690877
0.027162
0.382081
1.011687
0.417373
-0.228664
0.093106
0.008382
1.398435
1.098376
-0.392684
1.701170
-0.307057
-0.336791
0.886965
1.096066
1.397876
0.817499
0.557220
3.176808
0.630789
0.159175
-0.252742
2.502120
0.991774
0.832065
0.397384
0.466824
0.682364
2.846114
2.236874
-0.008070
0.052719
2.781045
1.468338
1.991489
0.225229
1.286732
0.768025
1.094413
-0.139209
1.202513
2.415458
0.518023
0.139706
1.118795
1.155822
1.572328
0.159718
0.897334
0.703595
3.580738
3.163813
0.763264
0.777949
2.935852
0.160855
0.784389
1.034415
0.896379
0.348948
2.432762
1.250384
2.073693
1.593310
1.296962
0.316472
2.102050
-0.180477
-0.572831
-2.326205
1.155505
-0.094808
-0.042304
-0.006629
2.341606
1.609553
0.157082
-1.061632
1.537495
0.385287
0.129333
0.436207
1.225773
-1.255387
2.194958
2.156400
-0.192430
-0.704489
-0.066245
0.287551
1.238632
-0.645299
1.951273
0.511638
2.670305
0.175940
1.487062
0.489120
0.592730
0.761374
2.059025
-1.671418
0.201419
-0.771624
1.184626
5.202362
-0.855809
-0.551789
3.192472
3.117245
-1.632471
-0.276684
1.324916
-0.357939
0.293554
-0.479988
-0.694125
0.729311
0.469066
0.914034
1.137764
1.733534
-0.111188
1.412361
0.812844
0.561013
0.401099
-0.732483
1.573525
2.307461
0.128346
0.159312
0.664204
1.242867
-0.331685
2.281261
-0.440969
0.049033
-0.439577
-0.116594
1.990760
0.765341
-0.925948
0.167384
-0.171994
3.733989
0.361308
0.583077
3.407223
0.727543
0.620777
1.429518
0.710578
1.144069
0.775565
0.042192
-0.228143
-0.725416
2.833928
2.572035
0.772731
2.284156
-0.635946
1.150963
0.833341
0.855638
1.734768
1.035236
0.208946
0.505034
0.596660
0.949011
0.288458
0.625845
1.003951
0.176259
0.173349
0.705906
1.004062
1.131149
0.188817
-0.709781
0.399055
3.995533
0.428300
0.707299
0.238401
0.252047
1.324610
1.456475
1.691547
-0.274852
4.156792
-0.112450
0.142173
-0.123127
-0.906103
3.632590
0.670792
0.658693
-0.405304
2.207086
5.019441
0.592267
0.027725
1.830715
-0.011806
0.406223
0.920256
-0.012565
-1.094660
0.842447
2.127416
1.091597
0.741057
0.395721
1.034877
0.504721
1.374492
2.327485
-0.494959
3.133077
1.154079
0.678122
2.301395
0.539936
0.876142
1.596892
1.150688
1.424090
3.815258
1.551568
-0.157916
0.898926
1.317149
-0.348042
-0.101273
0.624434
-1.079071
-1.027924
0.468416
0.020809
1.039323
1.402644
1.876947
0.404749
0.651508
0.355312
0.284606
0.705787
1.050203
-0.808290
1.189201
1.957275
-0.833800
0.504097
0.025017
0.216878
1.584635
0.139214
0.998326
1.900558
3.785601
0.539065
0.467936
-1.334913
3.408218
2.832268
1.624377
1.514722
1.166162
0.686451
0.500537
0.838724
1.811294
0.332077
0.553211
2.228279
1.275537
-1.545716
2.722135
0.812369
0.653569
0.808872
3.450980
1.041866
0.715309
2.161979
0.075969
1.848529
-0.219621
0.303966
-0.231784
0.497618
0.027679
1.256535
-0.437154
3.874468
-0.557355
0.908559
1.794760
1.248937
0.098860
1.383372
0.033486
0.474870
0.681831
1.505786
-0.413027
2.376023
0.656365
0.666918
0.254661
2.465294
2.616780
1.037046
-0.539487
5.866307
-0.760947
0.364542
0.555244
1.935923
0.961208
1.139212
0.744403
0.043547
-0.275562
2.276126
2.614519
-0.008225
0.355321
-0.899587
0.504697
0.022531
-0.154354
0.493579
1.609897
1.348641
2.386012
-0.637865
2.244876
1.427007
1.756109
0.936674
1.068771
-1.333465
0.532276
1.388682
1.889634
0.196347
-0.594282
0.740835
1.408100
1.154871
2.535742
2.754340
1.069552
0.378413
0.860107
1.595134
0.427561
-0.153605
1.160204
1.219662
1.445265
1.133501
0.486697
0.358093
0.812321
0.586571
0.714248
-0.088700
1.172090
1.620109
-0.516730
1.015702
3.883413
0.247753
0.834768
2.526391
1.312208
2.905810
0.529543
-0.402487
0.826132
2.921077
0.183872
1.712444
1.932971
0.960401
2.699648
-0.344922
3.203233
0.762450
2.390022
1.179598
0.369646
0.872875
0.797614
0.630917
0.070703
0.668814
1.231330
1.317927
1.765725
1.743677
1.508144
1.325085
0.406484
-0.060926
0.945842
-0.437988
0.912481
-0.789520
-0.122165
0.814622
-0.124836
2.296134
-0.228529
0.372839
1.403710
0.902980
0.528869
0.377402
1.107130
3.847599
0.521552
0.904755
0.424737
-0.037917
1.299292
1.025500
2.896580
1.970605
-0.337267
1.905046
1.531925
0.518863
-0.432771
2.882760
1.356708
0.330725
3.318408
-0.170848
0.372169
0.041767
-0.975143
0.137912
2.725234
1.174305
1.053234
0.382950
0.696782
-0.152643
0.930873
1.891492
0.034932
3.422372
0.986533
3.095962
1.034210
2.144331
0.812696
2.216799
0.866784
2.064525
0.569502
0.576823
-0.262158
0.586556
-1.068682
-0.268750
3.589356
0.644867
-1.433283
0.148874
3.053025
-0.443712
0.647137
-0.134540
0.788858
1.092038
0.010681
0.435657
1.170030
0.167755
0.063656
1.563487
2.156373
-0.430276
-0.004313
-1.499899
2.078068
-0.165944
0.496463
-0.112943
-0.002163
-0.589538
0.761487
0.649734
0.590533
1.190154
-0.551079
0.194799
-0.665658
-0.695689
1.560987
1.191797
-0.316919
1.849299
0.760521
-0.643036
0.381611
1.602986
-0.184694
0.970782
1.031356
-0.571710
0.387343
0.053621
0.766867
1.379806
0.972161
-0.527951
2.898341
-0.130777
-0.273202
2.043446
0.631213
0.893093
-0.996669
0.170838
1.489116
0.442643
0.360285
0.597929
1.189156
1.267915
1.743155
1.662796
0.761882
-0.086964
1.307526
-0.501513
-0.152099
0.038878
-0.545187
3.676732
1.009924
1.705277
-0.346592
0.518199
0.884435
0.541933
1.949781
0.398058
0.439944
-0.268761
1.211206
-2.385098
-0.652701
0.733853
2.377017
0.814918
0.172636
-0.764837
1.038516
0.521579
-0.306014
0.937835
1.892130
1.259431
1.244270
0.343559
1.919883
0.542812
-0.612133
0.241554
0.199526
0.999672
1.228470
0.896986
1.267944
0.799855
1.086895
1.718729
-0.585477
-1.144299
-1.028676
1.072962
-2.062501
0.994885
-1.162298
-0.221665
-1.027872
1.656005
-0.554783
-0.734395
0.923229
2.305575
0.534930
1.206283
2.274539
-0.179965
0.581469
0.851585
0.713142
0.632141
0.773022
0.318777
-0.464075
3.479990
0.233830
0.213949
0.570388
1.438116
0.638527
0.714500
2.043568
-0.316198
0.995206
1.145864
0.018103
0.882766
-0.172609
1.104412
2.962886
-0.381356
0.789263
1.574644
0.790050
0.998656
1.777402
0.159703
0.704515
1.452787
1.305762
-0.111114
-0.143590
0.346264
2.024640
1.936438
1.673324
1.790379
4.890995
0.291667
0.032043
2.891348
1.190986
0.891076
-1.322865
-0.149335
-0.248377
0.293325
0.050529
1.631171
1.865520
0.982141
-0.481103
0.152332
-0.090785
-0.089368
0.118812
-1.123579
0.499618
0.529652
0.715543
0.523717
-0.644313
0.967032
-0.389326
0.801516
2.194802
0.755951
-0.720287
-0.003424
-0.260559
1.108453
0.463426
0.968404
-1.718870
0.366767
4.833914
1.182087
0.526067
-0.119871
0.547408
0.397698
1.954839
1.178751
0.688746
-0.426578
1.448054
-0.144692
2.081019
-0.564388
1.037631
1.040712
0.826451
2.499249
-0.013675
-0.099163
0.988267
0.593777
1.500445
2.384755
0.331852
-0.192085
-0.437797
-0.601094
1.477919
0.069906
0.190261
1.413171
2.049165
0.072009
4.367538
0.702907
1.584014
0.962474
1.132968
-0.116318
0.492813
0.807642
0.693683
0.144246
-0.492931
0.873401
3.778166
1.788316
0.483181
0.210468
-0.334929
-0.171311
-0.676263
0.583546
1.124591
-0.018892
0.234524
0.942092
0.953543
-0.134315
1.218840
0.722893
0.440096
0.521190
0.265685
0.911904
1.134450
0.945965
0.473222
0.295731
1.904662
2.315311
0.280925
-1.619482
0.873343
4.773960
-0.294006
1.580937
0.126077
0.525099
0.564973
-0.098744
-0.144763
1.089312
0.447139
0.385730
1.288885
0.524870
2.589894
1.155823
1.626107
1.856416
-0.331475
0.898171
0.011403
1.531671
0.028500
-0.404818
-0.147251
0.432111
0.902785
-0.065331
0.178989
2.729251
-1.136897
0.454395
-0.117996
1.187336
1.044753
0.134278
-0.737683
0.848434
1.768216
0.332022
2.458802
1.080326
0.703706
-1.247118
-0.356252
0.561745
0.605622
0.298642
0.166432
1.283820
0.382663
1.783724
1.838884
1.188769
1.010602
0.717126
0.417314
0.366273
0.511474
1.097383
2.070426
-0.427460
1.428709
0.781610
1.009431
-0.550231
-0.223206
1.573602
0.235564
-0.689771
-0.738145
-0.397395
1.096771
0.305060
-0.045152
-0.688590
3.574103
2.018782
2.636644
0.198798
-0.305573
0.294950
2.119125
-0.124645
0.711248
0.819946
0.403954
2.307647
-0.169013
-0.685558
1.026888
2.797067
0.343761
0.791506
5.107994
2.170556
1.965631
0.439386
2.114138
0.608850
-0.412636
0.395454
1.467143
2.748239
1.663624
2.664889
-0.260304
0.233313
-1.262998
1.150372
0.414452
0.433210
9.219923
0.949914
0.820128
-0.405459
0.468113
0.432995
0.770879
1.843301
-0.290703
0.933076
-0.068339
0.863398
1.879786
1.869136
1.114866
0.721745
2.151740
2.370379
1.452807
2.585993
2.735428
0.661066
2.844722
1.008336
-0.068472
-0.771524
2.200306
0.712369
5.277381
-0.698135
0.742278
4.208676
0.267293
-0.314607
-0.075519
-0.278662
2.423607
1.105641
0.623042
0.354999
0.654190
0.404502
3.357157
2.797541
2.690443
2.067524
0.238836
0.311580
0.941735
0.421227
0.113727
1.214277
0.718500
2.214798
2.179645
-0.829183
0.332823
1.717533
-1.027078
-0.170152
0.592128
1.935056
-1.261631
-0.226522
-0.146291
-0.400686
1.213143
1.017094
0.170163
2.236439
0.891594
-1.968591
-2.677623
0.008396
1.379590
0.974666
1.541224
-0.813277
0.274501
1.110270
0.270909
0.575606
-0.303827
0.804304
1.435601
3.139213
0.856740
-1.591835
2.679562
-0.425632
-0.699082
0.576141
0.546760
3.008743
2.227667
0.971233
1.101280
-0.106097
-0.202714
0.514865
1.936031
0.519721
4.287730
0.648691
-0.610082
1.600866
1.638550
-0.122896
2.733791
2.765199
-0.809870
0.059482
3.330564
-1.146869
2.684139
2.099629
-0.468493
-0.306181
3.492196
1.183668
1.889147
0.579364
-0.353112
-0.155866
0.235573
0.579082
2.230537
1.513672
0.320039
1.100994
1.159372
1.911191
-0.607032
1.364064
0.976385
0.446229
1.406939
1.404356
1.077852
0.586561
-0.116660
0.203589
1.421848
1.306320
0.775389
1.566264
0.827168
1.714689
0.086894
1.440086
-0.475804
0.775695
-0.108756
2.559598
1.071889
0.083758
-0.316534
2.868765
0.453573
1.998889
1.156819
0.183843
1.322302
0.617073
1.748486
-0.086332
0.588118
0.805730
2.128292
0.670433
1.624977
-0.649087
0.381585
2.678963
-0.364358
1.921866
0.740700
0.376811
1.529457
1.351780
1.093132
1.653000
0.594509
-1.191463
1.215655
1.134406
-0.465602
-0.262385
0.768327
0.376823
-0.388294
1.774530
1.159298
1.850091
0.719980
0.079640
0.796755
-0.032903
-0.283036
0.109400
2.766657
-0.803018
1.896108
-0.724443
0.714102
-0.469560
-0.392304
0.116994
0.439693
1.381498
0.853520
-0.215783
2.170606
-0.323668
0.506527
0.621207
1.659667
0.041138
-0.272537
2.716174
1.550936
0.384853
1.116481
0.674219
0.414155
0.645686
0.241310
0.863537
1.289144
-1.240521
0.475953
0.966031
-0.633409
-0.215284
1.839012
1.147155
0.737137
0.543989
0.837707
-0.226333
0.660342
-0.158685
-0.075324
0.550373
2.501917
0.414968
2.183006
0.472175
1.211443
1.649576
0.650226
0.989384
0.780848
0.933568
1.249412
-0.249069
-0.185107
1.737025
0.355874
0.451727
0.452325
1.366509
0.369963
0.722220
0.909623
0.059783
-0.796221
-0.388209
0.701906
0.116724
0.749784
-1.154425
0.374870
-0.180991
1.726672
0.147199
0.432507
0.004413
-0.797327
0.744941
2.023494
-0.305647
2.449930
1.113258
2.103806
2.709344
0.941083
-0.781466
0.838196
-0.749489
0.353321
1.688680
-0.222892
1.172119
0.094272
0.322851
1.061111
1.097915
0.959767
0.431191
0.818799
-0.978954
-1.179324
0.869382
2.169819
2.500210
0.453928
0.194582
0.554034
-1.107332
-0.062012
0.641160
-0.212397
-0.203718
-0.589781
1.774525
-0.193912
1.628004
-0.293399
0.459009
2.597089
0.591737
1.268614
0.525554
1.881604
1.022268
4.712230
0.565423
1.886528
2.164858
0.847034
0.528971
0.902104
1.371223
1.716739
-1.093660
-0.697978
1.571948
0.804151
0.103660
2.123872
3.122316
-0.482629
0.951667
2.152582
-0.110645
1.022909
0.293277
-0.043863
0.606461
-0.215769
-0.112631
1.552516
-0.172532
0.117702
2.479616
-0.018945
1.221039
0.879732
0.617463
3.421802
0.692009
1.818185
0.327492
1.361265
0.704209
1.502996
3.392134
-0.295753
-0.394764
0.671083
-0.083642
0.294772
2.159512
-1.502826
0.632034
3.053435
0.452222
1.319155
3.349938
-0.045195
0.321035
-0.729304
1.674668
1.912078
0.227408
2.022146
0.368347
4.573891
1.332757
0.631187
0.326112
1.292541
-0.340114
-1.021955
1.017113
0.897591
0.620754
0.503719
1.155079
1.915805
0.021414
1.034271
1.413386
0.100124
0.603785
-0.533211
1.169154
0.781450
1.127607
0.963851
2.106378
-0.942505
3.196339
1.359678
3.143976
2.161799
-0.505292
0.632489
0.026241
0.441964
-0.665371
0.236000
1.024793
1.484932
0.460239
0.938202
1.896474
2.164058
3.926214
0.627965
0.827350
0.511874
0.582868
0.625563
1.249282
0.602770
1.339567
1.744288
1.326242
0.184070
0.345829
1.931956
0.421970
1.500446
-0.179879
0.835510
0.791286
0.373142
1.042063
0.333265
0.441478
0.561065
-0.377270
-0.310426
-1.074902
1.787156
-1.071664
1.949425
-0.436075
0.344525
1.002041
1.333534
0.291605
2.044473
1.654535
-0.226455
-0.364854
1.798988
0.061196
-0.328819
0.237057
0.000006
0.627797
1.682773
3.094176
0.629722
0.833360
-3.311491
1.121805
0.679336
0.875665
0.753119
0.388142
4.185322
1.719243
2.111158
1.477528
-0.373035
0.628139
0.623389
0.961241
-0.330874
1.439872
0.748479
0.213669
0.973665
0.848590
0.216331
0.789722
-0.385187
2.504547
0.382763
0.393351
0.003928
1.357919
3.507376
0.048365
-0.392485
-0.297042
0.742657
0.798273
0.738995
1.230178
-0.188244
1.302304
1.203982
2.361141
2.151218
1.803605
0.817089
-0.217283
0.396774
-0.741903
1.821672
-0.520650
1.099477
-0.112576
0.839344
1.994923
2.808119
-0.073597
0.591685
-1.001919
4.839265
0.459240
2.889644
0.686845
4.289051
-0.672735
-0.540635
0.168408
3.212297
2.157438
1.980569
-0.554262
1.315420
0.583555
0.425323
0.338585
0.307477
-1.308176
0.361146
0.232498
2.768298
1.209849
-0.802212
0.657536
1.781370
0.250885
1.097162
1.328363
3.161683
0.471306
2.581570
0.296011
2.346460
-0.284014
0.725629
-0.070203
0.566131
0.460777
-0.573222
0.851798
0.430150
0.311812
0.739188
0.125989
0.719618
-1.552673
1.293477
-0.303673
0.845356
0.648781
1.572892
0.665310
-0.599110
0.433208
1.375266
1.944148
0.954434
0.612803
0.084747
1.235914
-0.339194
1.797409
-0.138524
3.466770
-0.684912
0.843550
-0.902758
0.172942
-0.558385
-0.925156
1.384655
3.803132
0.495692
-0.148737
0.546827
0.407495
0.708726
3.670188
0.645866
0.605714
0.891260
-0.297322
0.601271
-0.677493
1.179139
0.679247
0.939007
0.043981
0.445271
0.915056
1.133504
0.822496
0.698294
-0.171056
-0.684505
0.710800
0.624262
-0.444455
0.869230
2.778373
3.584194
0.988807
0.357263
-1.054572
-0.127090
0.496209
-1.631701
0.156998
1.191555
0.325637
0.495559
0.768324
1.572137
0.555897
-0.051169
2.239086
0.455322
-0.479964
-0.105469
-1.154860
0.469912
1.259027
-0.209094
1.633864
1.155427
-0.046790
0.488310
1.220482
0.386692
3.655439
0.306638
1.620929
0.267710
-0.001867
0.861112
-0.274907
1.151522
-1.790901
-0.431562
1.086738
5.251418
0.610552
0.406795
0.849147
7.876316
-1.154983
1.529471
2.118880
1.939552
0.877704
-0.348647
-0.150409
0.992534
0.642867
0.773767
0.801740
-0.353291
-0.052275
-0.210952
-0.181351
0.630647
3.560338
0.799622
4.212914
-0.143560
1.877706
0.786829
0.186226
0.541454
-0.638718
1.494644
1.809767
0.822488
1.461478
0.791061
-1.043458
0.679974
3.633430
2.883532
0.764156
3.278920
-2.213288
0.142645
0.222304
0.483957
2.720181
-0.021644
-0.204549
0.667714
1.257430
-0.371876
3.572204
3.026788
1.207427
-0.739454
0.127838
2.350645
-0.572996
0.915708
0.225245
3.154095
-0.220606
0.202177
-0.054412
2.154853
-0.157561
1.344247
0.470899
1.035227
0.126672
0.576422
-0.044770
0.799031
1.048944
0.006149
0.014693
1.648161
0.221481
3.397651
-0.185594
-0.413729
-0.007356
0.113341
2.884224
0.572530
0.344527
-0.779054
2.735003
0.269513
4.195722
0.559596
2.574405
0.614125
0.475100
-0.389989
-1.468989
0.897244
0.236026
3.447204
1.901704
0.578729
2.087885
1.022455
0.421084
0.561572
0.511977
1.123202
1.893372
0.870463
1.018813
1.120204
3.724228
0.018588
-0.767487
1.220924
-0.514069
1.354034
1.504070
-2.528222
-0.360853
0.858893
2.414682
-0.027961
0.332206
0.544006
0.320225
0.236179
0.180045
0.401122
1.190795
-0.834666
0.334531
0.860610
0.844752
0.450148
0.787556
1.591721
-0.948266
1.746320
1.523317
1.216566
2.007028
-0.350457
-0.188742
1.128750
1.417785
0.394540
0.717851
1.253076
1.016307
0.703497
1.261152
2.579689
0.829848
0.049267
-0.473401
1.473335
0.599140
2.013763
1.626669
0.793610
1.280294
0.570762
0.181761
1.957182
0.548387
2.199037
2.236568
-0.505325
1.366645
1.025582
0.655936
3.367411
0.709072
0.823578
1.729139
1.791586
1.351428
1.601637
1.755426
1.477798
0.477773
0.470090
-0.173117
-0.775038
1.565464
0.449008
0.535069
-0.371276
0.680834
2.732587
-1.294479
1.495178
0.444033
-0.596092
2.917614
1.333929
-0.441062
0.545529
0.878437
0.692873
0.478797
0.522463
0.767649
1.051358
2.193319
1.142944
0.851950
0.655755
0.482260
0.070302
-0.847919
-0.633172
0.953150
0.936267
0.854666
0.222977
0.500558
0.312128
1.353462
1.611699
-0.434966
0.348792
0.672479
1.388767
-0.448434
0.486965
2.480153
0.615274
0.331470
-1.189132
3.119648
0.224362
1.606078
0.941600
-0.935268
1.355138
0.934142
1.291678
0.465251
0.834402
3.434764
-0.660176
-0.298002
0.732190
0.519577
1.546368
0.815309
0.469980
0.676613
3.441686
0.791018
1.022385
0.335103
-0.567003
0.471899
-0.197519
0.714313
1.946009
0.659174
0.563976
1.558200
0.692666
0.533249
0.033739
2.143768
1.013320
0.520663
-0.700316
-0.223287
0.926282
0.756168
1.228744
2.048773
-0.297154
-0.056145
-0.433994
1.213095
2.969407
1.538665
-0.555322
0.214198
1.043346
0.029566
1.583008
0.562543
-0.238095
0.895331
2.165205
2.390813
1.248019
3.268136
-0.036657
1.849257
1.188047
-1.364599
0.463932
0.142242
-0.202924
0.385450
-1.112555
1.612961
0.029488
1.074297
0.326710
1.278140
0.810792
1.240617
-1.922891
0.945329
-0.182900
1.139614
1.531630
1.753954
-0.118668
-0.195927
0.100617
2.394862
1.739900
1.001408
0.595755
0.343791
0.592563
-0.935234
0.785753
1.194727
0.961645
0.268398
1.718475
2.316141
-0.645556
2.027173
1.520557
1.238316
1.708990
1.186882
-0.481501
1.249276
2.667831
-0.292873
-0.203108
-0.274280
2.404406
1.534536
0.172556
0.688556
1.534862
0.939196
0.854796
1.134059
0.551967
-0.375855
1.058690
-0.156894
0.560984
0.478403
-0.115044
0.870421
1.405239
0.679862
-0.044725
0.236877
0.784454
0.143159
-1.168701
2.929794
-0.281632
1.125589
2.946158
1.162339
1.397493
0.592254
-0.693150
0.930410
0.600358
1.786476
-0.884613
0.306297
0.260188
-0.295559
1.265590
1.264879
0.214387
0.022066
0.527156
0.529257
1.324283
0.651291
0.229228
0.341815
1.155360
0.706242
3.044103
0.207755
1.260164
0.647595
0.878699
0.705167
-1.140036
0.105963
-0.491558
-0.007243
2.064322
0.390183
1.184293
0.583745
5.030166
1.243673
0.337250
1.959563
2.930344
1.189224
1.768713
0.429837
2.681367
1.787556
1.783616
2.991657
1.437869
-0.203639
0.270554
1.000247
-0.590033
0.468541
1.368037
1.897168
0.282415
1.340661
-1.045114
0.519683
1.076555
0.383414
1.364636
-0.273337
0.052543
-0.068421
-0.561020
-0.030335
1.972573
1.519470
0.309149
0.588903
1.683514
-0.288872
0.365822
0.116678
-0.644198
0.684004
2.019073
1.316983
0.994488
0.300245
0.774953
-0.049087
-0.999284
0.883095
0.928423
1.186938
1.748160
0.928802
1.083804
1.454395
3.862791
-0.231164
0.107696
0.762662
0.172040
0.411753
0.618732
0.602834
0.960724
0.717932
-0.584138
0.978425
-0.155100
0.554428
2.459866
2.058693
2.270810
0.323854
0.410376
-0.603694
0.226527
1.325863
1.449498
-1.021312
2.476991
0.734394
0.502600
1.878204
2.748593
2.764366
0.694062
-0.149729
0.629797
-0.755617
-0.034353
0.871948
0.574616
0.429410
0.801526
2.236616
-0.570685
0.455170
1.475175
0.524720
0.842724
-0.771309
1.120339
0.604788
0.518531
1.478420
-1.794399
-0.369182
0.441263
2.294669
2.066110
4.934453
0.271834
1.174392
1.026675
0.591708
-0.654389
1.647648
0.573469
0.528703
-0.720836
2.903114
0.453595
1.064773
2.080431
-0.308940
0.692043
0.910664
0.476169
0.790631
2.536948
3.431906
0.836053
0.950005
-0.442388
2.085906
0.276008
3.437552
1.418515
0.800516
1.765586
1.027050
1.556825
3.514025
-0.171533
1.241415
-0.329719
2.687954
2.458855
0.064212
0.418600
2.649668
-0.504570
0.683809
-0.249932
1.866800
0.220845
-0.073527
0.171477
0.468119
0.146151
1.344354
0.461438
0.918962
0.392829
0.584587
0.841004
0.491594
5.791517
0.620511
1.838846
-0.583306
1.314144
-0.199885
1.497023
-0.364095
0.926780
0.549621
-0.052770
0.460447
0.738073
0.378502
-0.146254
-0.192694
2.260308
1.538203
0.596456
0.244198
-0.341930
0.216646
1.410498
0.705458
1.911816
0.103067
1.499174
1.699115
1.929228
-1.621870
-0.062458
0.856946
1.268656
1.603276
1.189911
-0.257771
-0.382986
0.822369
1.438916
0.587498
0.652563
1.230220
0.761588
0.124058
3.723982
-1.121961
0.441412
0.560554
2.433337
0.201063
0.876815
1.347892
2.999295
2.612211
0.460394
0.960977
0.391576
0.609950
0.058403
1.413625
4.457771
0.784802
0.984456
0.767915
0.239313
0.474206
0.799303
1.179615
0.578777
4.095151
1.944183
2.755063
-0.675987
3.261470
1.151668
1.483324
1.248744
0.725355
2.547266
1.445963
-0.101491
-0.262075
3.677924
1.039712
1.967729
-0.544237
3.094990
-0.959009
0.456726
0.182185
1.386670
2.030749
0.542177
-0.049587
1.321386
2.285720
1.618323
-0.883403
1.698381
0.576832
1.362366
0.001476
1.382054
0.492760
0.933136
1.452008
-1.458159
0.522552
0.026514
0.646559
2.513477
0.260026
0.515275
0.887249
-0.997940
-0.125233
1.629959
5.357848
0.767755
1.735059
-0.348186
-1.069269
0.454294
0.494839
0.795186
2.874575
0.060303
0.566467
0.513061
2.507519
2.774034
0.051008
1.730213
0.368687
1.302652
0.940612
1.126084
0.203410
-0.211111
2.734038
-1.692019
0.580720
-1.347424
-0.156957
0.319228
1.644802
0.526006
-1.279189
-0.060780
0.292792
1.028038
0.668138
2.324870
0.672895
1.415625
1.798356
-0.457657
1.026942
1.673013
1.992844
1.305658
1.360475
0.468416
1.285125
2.523553
2.249938
0.967134
1.065145
2.499228
0.295686
0.969000
-0.032149
-0.574510
0.857762
-0.368621
1.038361
-0.448413
2.306679
-0.737823
1.413884
1.036696
1.056600
-0.118469
0.670711
1.279476
1.177016
1.560027
0.912139
1.530691
0.162399
-1.167048
2.392658
-0.135990
0.791934
2.994005
-0.140147
1.074610
0.727739
3.731523
