0.008573
0.189156
0.028041
0.279341
-0.244235
0.023238
-0.172878
0.382016
0.006517
0.102491
0.141362
-0.379189
0.082391
0.435804
0.197331
0.235663
0.364122
1.154898
-0.217550
0.079924
0.554430
-0.046710
0.063933
0.521880
-1.247803
-0.080600
0.579536
0.307716
0.270557
0.229501
0.224070
0.033780
0.228669
-0.383245
-0.380187
0.087645
0.286638
0.017233
0.359845
-0.333566
0.007206
0.095250
-0.352538
0.361491
-0.617241
0.443342
-0.852172
1.570963
0.053308
0.073809
-0.013795
0.061723
-0.410937
0.046656
0.029197
0.020483
-0.210704
0.402392
0.057007
0.300492
0.026221
-0.631887
0.158129
-0.710855
0.319205
-0.002056
0.534704
0.029468
0.632967
-0.283910
-0.338681
-0.216754
0.068662
-0.258347
-0.179729
0.162678
-0.363635
0.175689
0.002704
-0.074642
0.147614
0.025858
0.174025
0.003472
-0.367027
0.264176
0.570177
0.015871
0.356937
0.103402
0.027845
0.232801
0.366541
-0.510831
0.048602
1.020792
1.106501
0.211817
0.413662
0.014223
1.197049
-0.161761
1.105645
-0.198741
0.419985
-0.261934
0.134614
0.276134
1.451180
-0.501049
-0.134865
0.000055
0.973529
0.100761
0.014806
-0.602864
0.568093
0.248817
-0.494633
0.437880
-0.021446
0.016933
0.126608
1.409951
0.470534
0.015166
-0.646082
0.016773
0.464547
0.146571
0.134359
0.068010
0.001485
-0.194912
0.026053
-0.128403
0.667836
-0.377713
0.134115
-0.176976
0.096120
0.470238
-0.235867
-0.668769
0.124111
0.140043
0.540663
-0.574080
0.001048
0.242988
0.212358
0.295942
-0.063767
0.120107
0.254366
-0.121771
0.095139
1.202953
0.018700
0.050045
0.025357
0.010615
-0.139503
0.340807
-0.323037
-0.517826
-0.023017
-0.072897
0.044488
1.064906
0.083635
0.247154
0.598433
-0.078878
-0.244947
0.139118
-0.042537
0.041838
-0.253849
0.028163
0.398292
0.093125
-0.001726
0.492595
0.641107
0.542879
0.505862
-0.026787
-0.554458
-0.033603
0.274642
0.320737
-0.082226
0.067263
0.263515
-0.029863
-0.144238
0.090975
0.016126
0.156321
-0.981302
-1.022759
-0.069352
0.009815
0.094932
0.216252
0.506916
0.361404
0.290908
0.089789
-0.304677
0.688227
-0.304105
0.200994
0.033256
0.406835
0.193841
0.055821
0.658708
0.307343
-0.000325
0.862815
0.003103
-0.116475
-0.130002
-0.135203
0.518325
0.008046
-0.197024
0.507332
-0.175772
0.011357
0.144157
0.519630
0.013871
-0.050607
-0.006497
0.057071
0.283691
1.172832
0.134195
0.365178
0.854008
0.474962
0.718186
1.286330
0.071645
-0.079714
-0.694134
0.040009
0.090853
0.413982
0.116252
0.205861
-0.242799
0.104597
0.205423
0.023715
0.054935
0.261770
0.603463
0.291580
-0.013757
-0.004389
0.045255
0.093260
0.463736
-0.060636
1.952952
-0.152392
0.667276
0.280883
0.083990
-0.407607
-0.764994
0.382929
0.237850
0.436808
0.469123
0.459523
-0.137161
-0.151717
-0.001193
0.044736
0.163946
0.885055
0.085956
-0.038923
0.052955
0.337335
0.025713
1.104793
-0.275259
-0.225837
0.043699
0.942496
0.304635
0.325082
0.140818
0.432591
0.035125
-0.113239
0.939211
-0.021014
-0.940567
-1.053750
1.900127
0.045143
0.105860
0.473270
0.096163
-0.220281
0.371630
-0.014444
-0.002094
-0.407812
0.480138
-0.381903
-0.371229
0.476945
0.207876
0.228003
0.255590
0.106895
0.015808
1.460994
-0.393432
1.326404
0.165893
0.104752
0.078072
0.270717
-1.033353
0.393165
0.082080
-0.185373
0.378092
0.936223
-0.034011
0.030485
0.232409
0.295264
0.611061
0.204886
0.044201
1.316561
1.071410
1.044359
0.012706
0.335164
0.325962
-0.305694
0.185500
0.506698
0.096026
0.302913
0.043002
0.067007
0.295940
-0.197616
-0.089788
0.232441
-0.005818
0.117799
0.355503
0.077781
0.654639
-0.097055
0.501529
0.041240
0.139835
0.555818
-0.000105
0.226190
-0.090451
0.067419
0.579122
0.086623
0.047935
-0.009175
0.228787
-0.305724
0.093421
0.100541
-0.076370
0.051976
1.127087
-0.063773
0.088108
0.017707
0.322139
-0.080674
0.042417
0.503230
0.418099
0.626819
0.022856
0.292151
-0.103924
0.131186
0.186932
0.851185
0.066486
0.509709
0.041882
0.082601
-0.028987
0.024583
0.098813
0.001036
0.072664
0.026738
-0.132377
0.106121
-0.336896
0.297380
0.072925
0.125255
0.253479
-0.381429
-1.161668
0.024049
0.532833
0.349175
-0.185943
1.171025
-0.077262
0.338584
-0.230448
0.024055
0.132978
0.170069
0.205266
0.301321
0.613946
-0.133293
0.794091
-0.123606
0.152027
0.004955
0.045903
-0.159335
0.473136
-0.038048
-0.006250
0.018790
0.066014
0.016794
1.269297
-0.513920
0.155970
0.209560
2.390916
0.625808
0.118603
0.278709
-0.035922
0.003099
0.140533
0.091788
0.381677
-0.002676
0.317546
-0.049468
-0.781165
-0.084732
0.568220
0.706588
0.265309
0.186089
-0.068083
1.004118
0.470255
0.020752
0.094100
0.315981
0.442888
-0.306074
-0.004750
0.030858
0.602238
-0.027422
-0.067713
0.325372
0.748323
0.077460
-0.170023
0.545554
0.549311
-0.589123
0.577915
0.565177
0.194421
0.701814
0.209814
0.408056
-0.320565
-0.122361
0.523838
-0.022241
0.300774
0.558344
0.122165
0.472210
0.291410
0.043173
0.062125
-0.079693
-0.108234
-0.055643
-0.142154
0.290211
0.520532
-0.156762
0.622502
0.275865
0.138781
-0.005144
0.128884
0.597783
0.016774
0.464606
0.060559
0.158079
0.005578
-0.132336
0.080594
-0.305768
0.221698
0.359524
0.307950
0.721432
0.139476
0.174016
0.033864
0.569124
-0.115244
0.601867
0.349818
0.984825
-0.831240
0.020568
0.077427
0.053580
0.204326
2.699894
0.219879
-0.404918
0.018085
0.031580
0.046258
-0.096423
0.167474
-0.078858
-0.004032
0.129646
0.013793
0.038422
-0.550130
0.266550
0.268172
0.413988
0.323125
0.315870
-0.036869
0.539105
-0.631265
0.017547
0.268513
0.004703
0.328033
-0.400769
-0.985907
0.136152
0.378477
-0.783784
0.388803
-0.275955
0.240930
0.055446
-0.082643
0.006286
-0.287911
0.132834
-0.047562
0.008295
0.473783
0.086950
0.151534
0.115743
0.115428
0.242573
-0.036231
0.253927
0.730926
0.707433
-0.806500
0.649920
0.431798
0.477168
-0.459179
0.795383
-0.133807
0.185556
-0.105498
1.024144
0.132758
0.065899
-0.076349
-0.023236
0.069072
-0.392552
0.228065
0.074176
-0.018008
0.945559
0.119766
1.546024
-0.221445
0.771002
0.673794
0.626167
-0.121026
0.013011
0.119845
0.100085
0.770395
0.205968
0.266112
-0.396848
0.792274
-0.232528
0.476081
-0.349205
-0.312100
0.051004
0.127580
-0.005673
-0.105190
0.185074
0.019104
-0.032719
0.340873
0.245440
0.090959
0.109717
0.321518
0.078235
-0.329529
0.161063
0.168369
0.477433
0.215226
0.227110
0.032595
0.112342
0.281924
-0.064891
-0.006229
0.777149
0.504617
0.560280
-0.176709
-0.065332
0.008232
-0.029253
-0.316193
-0.347282
0.219964
0.402345
0.038315
0.367648
0.124839
0.155689
1.164390
0.090373
0.135124
0.051753
-0.210548
0.108173
0.299858
-0.012319
0.239095
-0.712628
0.103364
0.322928
-0.126691
-0.389579
-0.782848
-0.080702
0.133808
0.701572
-0.001259
0.331725
-0.046249
0.327740
-0.014688
0.594876
-0.281066
-0.478305
0.302513
0.125792
0.442966
0.265368
0.942368
0.142342
0.025951
0.343968
0.151807
0.180105
-0.029273
0.014645
0.614407
0.126691
0.195042
0.109885
0.036416
-0.494312
0.986328
0.136632
0.380075
-0.003028
-0.036105
0.484991
0.096356
0.445668
0.057945
-0.111064
0.539661
-0.089843
0.501783
-0.134240
0.025643
0.183265
-0.232921
0.341003
-1.353483
2.051930
0.286836
0.485697
0.341440
0.064394
0.206046
0.209210
0.110865
0.036630
-0.829290
0.177579
0.209797
0.021872
0.333186
-0.014071
0.357113
0.150762
-0.215935
0.156159
0.469809
0.352287
0.476580
0.166590
0.946837
0.014542
-0.039859
1.145796
-0.345754
-0.014668
0.845095
0.290727
0.762151
0.111985
-0.042061
-0.357736
-0.293980
0.090077
0.210422
0.054376
0.683632
1.172114
-0.527626
0.171926
0.249464
-0.562478
0.179572
0.256773
0.062904
0.043662
0.093783
0.211008
-0.677970
0.242207
0.520920
0.119212
0.000415
0.678403
0.026611
0.160312
0.046886
0.211198
-0.229453
0.358535
-0.013059
0.100832
0.040375
0.023810
0.039410
0.220351
-0.549234
0.165691
0.318194
0.448486
0.057434
0.619461
0.207837
0.168181
0.466387
-0.059644
0.012562
-0.016019
0.205075
0.021667
0.662945
0.011958
0.020928
0.188114
0.972691
0.178675
0.085879
0.242578
0.050378
0.128460
-0.339333
-0.209055
-0.040138
0.082964
0.653882
0.568612
0.066661
0.228280
-0.942752
0.061278
2.035759
0.072590
3.180172
0.568831
0.464785
0.189950
1.249163
0.008524
-0.191127
0.038404
0.996361
0.352915
0.434224
0.033597
0.139569
0.696247
0.230819
0.043665
0.292561
0.595044
0.062327
-0.048632
-0.183658
0.893364
0.207339
-0.049553
0.288030
-0.120312
0.025076
0.292682
0.144286
0.018580
1.056848
0.026186
0.175948
0.105749
0.021139
-0.325336
-0.004072
0.056273
0.047825
0.070946
-0.567485
0.100616
-0.005495
0.491786
0.237659
0.744182
0.043168
0.612080
0.013085
0.983809
0.042014
0.231649
0.178890
0.037389
0.663205
-0.232851
0.514733
0.083396
0.619088
-0.056422
0.424954
0.103002
0.388201
0.159818
1.169525
0.240003
0.058181
0.118352
-0.004526
0.245018
0.120436
-0.009001
-1.223648
-0.283884
0.124875
0.232082
0.343693
0.209763
0.181912
-0.002215
0.516644
-0.060850
1.160736
0.161105
0.080933
-0.152629
0.005729
-0.097954
0.846665
0.085668
0.737487
0.155925
0.092523
0.673995
-0.494489
0.040534
0.122480
0.876887
0.116966
0.027685
0.479895
0.054282
-0.466214
0.459605
0.191358
0.482027
-0.439194
0.183295
0.321503
-0.134657
0.020857
0.111014
-0.238725
-0.187766
-0.192420
-0.381565
0.730403
-0.483022
0.055706
-0.113838
0.841668
-0.163078
-0.407410
1.142299
0.134147
0.534166
0.029341
0.144031
0.638464
0.258938
0.507172
0.931517
-0.109896
0.555349
0.151764
-0.591884
0.034244
0.372369
0.457406
0.166108
0.252127
0.099219
0.262825
-0.955903
-0.090349
1.145838
0.253671
-0.664709
0.249139
0.002834
0.088219
0.004018
1.075447
0.171630
0.875053
0.046345
-0.114237
0.114134
-0.018148
0.012715
0.057861
-0.850857
0.159270
1.034772
-0.139536
0.126460
0.497087
0.047966
0.159523
0.075094
0.014152
0.093344
-0.318093
0.174670
-0.001640
0.190601
-0.037654
-0.150930
0.194395
0.060369
0.422097
0.635552
0.352442
-0.821987
0.798855
0.168336
0.013008
-0.201047
-0.020442
0.414547
0.179415
0.224628
0.306867
-0.523757
0.028957
0.132874
-0.130265
-0.466710
0.051710
0.737930
0.628839
-0.067289
0.297925
0.926053
0.020506
-0.187867
-0.601714
0.510524
0.221213
-0.564582
0.266349
0.377287
-0.122454
0.262407
1.213009
0.073710
0.226793
0.184614
0.381573
-0.021629
0.054310
-0.399661
0.123663
0.158208
1.016877
0.405573
0.575973
-0.229859
-0.148126
0.029572
-0.007689
0.267710
0.185397
-0.015435
-0.504549
0.691650
0.145111
-0.221125
-0.030120
-0.258359
0.319057
0.463350
-0.165957
-0.690272
0.911828
0.565227
-0.474417
-0.082338
0.762237
0.821149
0.566002
0.019787
0.773080
0.329076
0.046278
-0.069858
0.022978
0.015544
0.746858
0.092681
0.747336
0.148641
0.318777
0.175318
0.249515
-0.419407
0.207603
-0.003778
-0.404362
0.218000
-0.056757
0.109902
0.518188
-1.581059
-0.556898
0.821082
0.121634
-0.809246
-0.140654
0.013448
0.871596
0.714604
0.151410
0.058538
-0.595578
-0.276010
0.790566
0.069910
-0.003975
0.721367
-0.219702
-0.598772
0.072036
0.384229
-0.050363
0.043124
-0.096975
0.258182
-0.018141
0.131591
-0.291659
-0.353835
0.006214
-0.504590
0.103388
-0.581821
0.193040
0.026816
-0.142092
-0.264392
-0.049910
0.394922
0.150245
0.502802
0.162722
-0.347792
-0.293822
-0.748092
0.199294
0.185598
0.508733
0.838493
-0.264823
-1.827779
1.306690
0.054795
0.022249
-0.040168
0.327796
0.114655
-0.069854
0.033120
0.521212
1.366445
0.045810
0.016076
0.035681
0.335346
-0.198576
0.189190
-0.301781
0.397898
0.883291
0.689874
0.141856
0.299522
0.079751
-0.068500
0.417736
1.031600
0.558331
0.002840
0.410485
0.094502
0.067038
-0.055688
0.066730
0.163002
0.328224
0.521610
0.015576
0.482130
0.048825
-0.309104
0.397139
0.175280
-0.655832
-0.277132
-0.055069
-0.021473
0.034320
-0.455113
0.143890
0.289139
0.107472
0.694110
-0.089436
0.327617
-0.147220
-0.365969
0.080345
0.500631
0.109350
1.358216
-0.270052
0.150700
-0.171888
-0.259661
-0.077015
-0.883997
0.803542
0.342952
0.048792
0.165011
-0.375817
-0.702195
-0.360583
-0.073241
-0.308877
-0.277449
0.306860
0.012057
0.562950
-0.297736
0.348400
0.242962
0.018628
0.196365
-0.334257
-0.008555
0.131052
-0.273202
-0.245369
0.208608
0.304088
-0.057135
-0.378050
0.687706
0.172249
-0.007093
0.222040
0.122913
-0.012971
0.657881
0.131815
0.722049
0.044484
0.326109
0.156459
0.396089
-0.477923
-0.013874
0.438200
0.878708
0.262773
0.316400
0.483968
0.031605
0.212927
0.453735
0.274530
0.416482
0.370038
0.322896
-0.001764
-0.318464
0.078917
-0.113892
0.378756
0.340591
0.020754
0.173577
0.126608
0.010157
0.638191
-0.074582
0.362605
-0.143983
0.212449
0.158335
-0.061922
-0.331337
-1.086221
0.347489
0.050392
0.253171
0.341178
0.037489
-0.657861
0.616396
0.052387
0.294079
0.001960
-0.218408
0.070168
0.190128
0.090114
0.013660
0.102892
0.410750
0.395599
0.353745
0.032640
0.035098
0.593568
0.031336
0.073900
0.115507
0.199793
0.513952
-0.013857
0.364762
-0.029847
1.079549
-0.014121
-0.727773
0.125791
-1.329303
0.188017
0.621534
0.131968
0.447346
0.066674
0.174349
-0.101904
0.426427
-0.415659
0.270112
0.014836
0.029107
-0.075467
0.261391
0.277521
0.500207
0.920955
0.130133
0.055042
0.145483
0.564998
-0.068277
0.552102
0.341335
-0.503953
-0.665018
-1.090991
-0.282963
-0.788146
0.176139
0.722789
0.080206
1.747765
0.182471
1.542118
0.237141
0.592994
0.324759
1.309690
0.069383
1.420259
-0.073245
-0.489201
0.068845
0.386504
0.083910
0.146533
0.684944
-0.318207
-0.139057
-1.214577
-0.423613
-0.077279
-0.391500
0.618796
-0.199018
0.174317
1.008963
-0.200283
0.649545
0.074237
0.338702
0.000776
0.200969
0.266665
-0.071480
-0.636237
0.300789
0.246166
0.312740
-0.475763
-0.005213
0.496707
0.420448
-0.530880
0.019423
0.445637
0.274161
0.096592
-0.892270
0.543190
0.291557
-0.074194
0.071816
0.506837
0.037668
0.144763
0.415979
0.707759
1.231361
-0.255955
0.206051
0.085226
0.557886
0.185026
1.490185
1.136104
-0.377969
-0.126938
0.024368
0.677012
-0.044172
-0.061202
0.055244
-0.047062
-0.028420
1.187278
0.487164
0.392889
0.308759
-0.814345
0.250326
1.354158
-0.075303
0.311272
0.159893
0.141690
0.322413
0.361517
-0.248191
0.051297
0.079031
-0.814020
-0.571830
0.109228
0.113161
-0.037297
0.979873
0.120931
-0.141161
0.420319
0.708733
0.775224
-0.372477
1.560117
0.176756
0.062987
0.081337
0.179449
1.278091
-0.079234
0.009080
0.356020
-0.255094
-0.177766
-0.115195
0.368685
0.192663
-0.201563
0.486575
-0.519264
0.543440
0.730189
0.379088
0.261534
0.314077
0.774442
-0.030092
0.066233
0.324979
0.187374
0.027789
0.060367
0.018758
-0.038263
0.143425
0.049336
-0.339811
0.016967
0.728407
1.776737
0.706566
0.482231
0.495117
0.026477
0.075879
0.574238
0.260179
0.113011
1.483608
0.039683
-0.124451
0.083368
0.899482
-0.674851
0.225280
0.408951
0.236092
0.064671
0.410708
-0.170393
0.779264
0.159065
0.325538
-0.418097
1.620747
0.611487
-0.029027
0.775236
0.571490
-0.395828
0.061777
0.598504
0.141818
0.239691
0.445531
-1.262857
0.361407
-0.089391
0.013292
0.148816
0.018357
0.093176
-0.246266
-0.032053
0.583597
0.116933
-0.203985
0.707600
0.571090
0.736904
0.182982
-0.036332
0.792983
-0.004818
0.020117
0.508202
0.516154
-0.063897
0.123384
2.770919
0.057144
0.188235
0.056307
0.457190
0.018276
-0.557952
0.112950
-0.001665
0.037621
0.202023
0.153661
0.611806
0.299034
0.119245
0.103922
0.135408
1.173671
-0.739543
0.181289
0.723069
0.059674
0.089115
-0.045316
0.170013
0.009706
-0.251817
0.490173
0.044099
0.313290
0.161184
-0.335668
0.191097
0.628603
0.661005
0.213669
0.300467
-0.262853
0.349853
0.227061
0.366679
-0.507927
0.193929
0.262546
0.659944
-1.113127
0.250855
0.263488
0.998506
0.130814
0.401902
0.306457
0.168859
0.788735
0.053190
0.111881
0.098870
0.442818
-0.014281
0.459047
0.758522
0.105484
-0.230790
-0.332187
0.770955
0.834835
0.164298
-0.338264
-0.054092
0.388309
0.140332
-0.230757
0.260445
-0.501138
0.079006
0.299656
0.871484
-1.015014
0.141018
-1.119000
-0.007110
0.239890
0.317163
0.169958
0.026677
0.033204
0.072068
0.306933
-0.508717
0.518056
0.182533
0.457830
-0.080103
0.702628
0.157594
-0.169939
-0.119785
0.617242
0.137773
0.870370
-0.058230
0.207610
0.055072
1.446964
-0.032187
0.016455
0.319540
0.188370
-0.673820
0.417764
0.035062
-0.438132
0.105058
-0.434062
0.140726
0.359662
0.134184
-0.082436
-0.087247
0.100582
-0.412296
0.033784
-0.102705
-0.027138
-0.464278
-0.002170
-0.118907
0.264814
-0.310948
0.228952
0.287744
0.523397
0.159785
0.005444
-0.175454
0.489890
-0.192647
0.421021
0.013839
-0.021284
-0.134652
0.387718
0.071416
0.074989
-0.227908
-0.215971
0.199807
-0.895887
-0.548541
-0.379037
-0.045196
-0.079456
-0.091119
0.458331
0.383567
1.457899
1.145225
0.084403
-0.822839
0.596919
0.449194
0.622041
0.672750
0.006601
0.258575
0.194783
0.572467
-0.026122
-0.024948
-0.201188
-0.812306
1.446426
-0.017488
0.453744
0.035440
0.241653
-0.166353
-0.035840
0.077693
0.975480
0.383355
1.608641
0.381098
-0.118214
0.559787
0.890234
0.630045
-0.158629
-0.006928
0.658831
0.988045
-0.139525
-0.327813
0.394658
0.198077
-0.301881
0.741564
0.110701
-0.055911
0.215073
-0.131861
-1.051109
0.019851
0.451321
0.406333
0.221730
-0.016080
0.042069
0.014041
0.429181
0.053522
0.047210
-0.083184
0.753548
-0.007088
0.490007
0.301677
0.059477
0.145348
0.210830
-0.163699
0.466394
0.227848
0.248900
-0.368456
0.850697
-0.331557
0.279354
0.166507
0.830974
-0.056251
-0.729881
0.776972
0.016964
0.093762
1.095017
0.241446
0.020104
0.160715
-0.408403
0.155049
0.869103
0.071310
-0.378981
0.938411
-0.046938
-0.389165
-0.442498
0.215568
0.190070
-0.387349
0.233701
0.023823
0.067991
1.052664
0.977726
0.218209
-0.026574
0.024977
0.045050
1.037550
0.223451
-1.622793
-0.639152
0.341298
-0.977592
-0.144440
0.336849
-0.184744
-0.502225
0.324099
-0.080808
0.118168
0.202974
0.198759
-0.006316
-0.373860
0.297499
0.371313
0.538658
0.674940
0.349402
0.115886
0.707183
0.129569
-0.076992
0.026494
1.152895
0.303041
0.068489
-0.657297
0.044353
0.737090
0.786094
0.151514
0.546800
0.053921
0.214893
-0.145943
0.563763
0.145246
-0.586598
0.102023
0.193246
0.256701
0.213458
1.324307
2.661375
0.552729
0.170647
1.387486
-0.224618
-0.188489
0.475787
0.049963
0.123625
0.471578
-0.093406
0.465020
0.090890
0.263205
0.409275
0.158184
0.690608
0.370167
0.014598
0.019248
-0.272655
0.292952
0.370951
0.009909
-0.356535
0.401744
0.421000
-0.581538
0.122140
-0.198961
0.032033
0.128539
0.515310
0.018750
0.553065
0.159117
0.397673
-0.444637
-0.423662
0.238741
0.321404
0.060217
0.308191
0.232840
-0.070305
0.030426
0.553531
0.658630
0.842448
0.161959
0.062780
-0.370758
0.316608
0.193501
1.400973
0.007277
0.575985
-0.012193
0.021601
-0.237644
-0.517834
0.453762
0.260688
0.826586
0.054141
-0.036686
0.136334
0.320338
-0.324117
0.178089
0.735588
0.533332
0.930301
0.903762
2.387906
0.068429
0.535922
0.004820
0.015886
0.181688
0.028702
0.086906
-0.155324
-0.150317
0.599075
0.478808
0.215767
-0.459163
-0.037067
0.563296
0.026046
-0.027579
0.311892
-0.215968
-0.090114
0.718477
0.869075
0.026210
0.364526
1.086885
0.182775
0.338382
-0.343478
-0.841731
1.045735
0.093476
0.132817
0.203091
-0.169248
0.095096
0.070307
-0.551040
0.095894
0.066794
0.485464
0.246303
-0.083818
-0.648650
0.181210
0.129956
0.594932
0.034496
0.684736
-0.305593
-0.036934
0.028008
-0.946527
-0.281430
0.098334
0.170483
-0.167288
0.227075
-0.046836
-0.183254
0.007573
-0.141025
0.429101
0.924940
-0.070909
0.466243
0.290018
-0.046637
0.087384
-0.234328
0.796562
-0.003986
0.203391
0.029836
0.357746
0.192372
-0.499182
0.792810
-0.076394
0.602273
-0.703066
0.398351
-0.338612
-0.124952
-0.017166
-0.181916
0.141776
0.242273
-0.198303
0.164999
0.001103
-0.062482
0.145332
-0.936964
0.349854
-0.312160
0.799424
0.176720
0.088501
0.322771
1.148449
0.066339
1.253875
-0.006683
0.878674
0.177914
-0.250079
0.470496
0.826934
0.081331
0.485762
-0.076214
-0.172723
0.072167
0.208492
-0.125668
-0.100215
-0.310954
0.359351
0.171990
0.126195
-0.099587
0.087844
0.057239
-0.967288
0.284616
0.325516
0.414465
-0.488201
0.364116
0.281184
-0.104861
0.545251
-0.364247
-0.119154
0.041655
0.182282
0.033534
0.198778
0.055045
-0.460217
-0.025784
0.006123
0.204001
0.915827
0.078243
0.100943
0.099762
0.105362
0.034926
0.064770
0.025645
0.016919
0.061105
0.139529
0.419365
0.006371
1.462327
1.824156
0.523825
-0.260663
0.554158
0.226439
0.121735
-0.575197
0.025879
0.583255
-0.060687
0.854198
1.775321
0.246905
0.143816
-0.376215
0.248373
-0.638990
0.082165
0.474412
0.694962
0.160295
0.105846
0.006195
-0.012186
0.295775
0.182315
0.728342
-0.002554
-0.410586
1.148323
0.745689
-0.091939
0.041352
0.372084
-0.750211
0.066488
-0.148261
0.065261
0.303552
0.202147
0.164139
0.092123
0.116710
0.302601
-0.004176
-0.059944
0.006401
0.125719
-0.010234
0.340754
-0.000850
-0.076487
-0.253984
-0.245836
-0.025065
-0.003000
1.170412
0.457609
1.456944
-0.288588
0.243014
-0.010455
0.024008
-0.082214
0.369095
-0.143725
0.004592
-0.008463
0.048338
0.924470
0.344322
0.384973
-0.159483
-0.442412
-0.041939
-0.105414
0.126400
0.004119
0.650328
0.060535
0.192444
0.234772
0.098861
0.526679
0.113521
0.163816
0.869422
0.933183
0.147768
0.710812
0.005285
0.387881
0.026693
0.184412
0.013543
-0.291992
0.655232
0.446344
0.634293
-0.165264
0.189759
0.286272
0.228551
-0.032521
0.644176
0.180417
-0.949022
0.200385
0.164655
0.608676
-0.522303
-0.840832
0.152434
1.460118
-0.071514
0.777596
0.013495
0.851940
0.063209
0.386852
0.243165
0.118314
0.383212
-0.241073
-0.048369
0.064544
1.246462
-0.122614
0.692569
0.165491
0.670265
-0.093105
0.077014
0.043717
-0.046903
0.215631
0.830453
-0.643198
0.167626
-0.020067
0.073583
-0.049177
0.172655
-0.078418
0.408497
0.129685
1.977187
-0.236328
0.317537
-0.238202
0.104499
0.221395
0.114950
0.054239
-0.095053
0.641042
-0.320862
-0.016727
-0.619751
-0.225884
0.804372
-0.212608
0.722630
-0.535683
-0.953675
-0.080144
0.255046
-0.746640
0.052045
-0.125155
0.613624
0.166767
-0.011547
0.123798
-0.527054
0.096930
0.585746
-0.040392
0.163060
0.484943
0.150463
0.531952
0.102731
0.174047
0.308766
0.364946
-0.031907
0.204921
-0.070953
1.265887
1.293490
0.214955
0.261984
0.415278
1.161014
0.156361
0.587760
0.274672
0.039936
-0.403981
-1.861436
-0.315143
0.325542
1.279966
0.111552
-1.478443
-0.430462
0.181138
0.462224
-0.090268
1.954542
0.064015
0.132269
-0.178694
-0.016128
-0.557009
0.396047
-0.036855
0.428898
0.138874
-0.114536
0.431897
0.844095
-0.230724
0.034606
1.398169
0.096735
0.176001
-0.011727
3.150169
1.096767
0.017763
-0.444524
0.083298
0.015917
0.072090
0.189514
0.116376
0.210027
0.126579
0.788545
0.380593
0.024069
-0.118973
0.652569
0.031842
0.452465
0.566678
0.776914
0.019425
0.018699
0.365369
0.825560
0.348645
-0.023891
0.289947
0.277037
0.742402
0.093570
0.035350
0.195295
-0.343200
-0.368536
0.041544
0.218183
0.610983
0.527710
-0.202614
0.315909
0.188972
0.059547
-0.060983
0.661572
0.378248
-0.560398
0.032696
0.074844
0.181109
0.149397
-0.151433
0.203683
0.025441
0.032692
0.000176
-0.564420
0.413290
0.109550
0.074629
0.192904
0.295395
-0.080841
0.485984
0.028755
0.367653
-0.396915
0.069603
0.129739
0.316560
0.116517
0.293346
0.366308
1.364462
0.444760
0.254090
0.758308
0.606855
0.441706
0.116346
0.004099
0.077891
0.879131
0.345093
0.412179
-0.011621
-0.049421
0.169255
0.225387
-0.493534
0.124512
1.044794
0.657359
0.092027
0.537243
0.038860
0.106254
0.225188
-0.103477
0.097127
0.481500
-0.332060
0.081060
0.461243
-0.441028
1.492572
0.018687
-0.371493
-0.259842
0.724149
0.072282
0.019348
0.299984
-0.239601
0.175888
0.153210
-0.099461
-0.484547
0.166868
0.453514
0.361539
0.361592
-0.118215
-0.019493
-0.309760
0.081217
0.296424
0.596127
0.140190
0.040731
0.320167
0.013280
0.895657
-0.158282
0.539564
-0.035847
0.129567
0.191064
0.103691
-0.393454
0.081843
0.292738
0.109435
0.262587
0.023282
0.028337
0.346348
0.911532
0.349166
0.866962
0.081308
0.339785
0.970748
0.649423
0.045930
0.386272
0.045889
-0.143047
0.329533
0.012084
0.258550
0.264185
-0.217595
-0.072970
-0.339948
0.108340
0.160362
-1.061533
0.839544
0.006519
0.522904
-0.267199
0.723789
-0.014821
0.481688
0.119445
0.075788
0.006389
0.942896
0.175782
0.120934
0.121977
0.278954
1.132316
-0.381239
0.039646
-0.024437
0.840098
-0.238363
-0.087671
0.113805
0.352320
0.013417
0.292147
-0.284780
0.335450
-0.045587
0.777557
0.139536
0.198842
-0.004984
0.058297
1.564402
-0.122685
0.458892
0.975811
-1.705922
-0.452418
0.091940
-0.366505
-0.374001
0.500014
-0.059123
-0.025920
0.152952
0.065856
0.270372
0.463653
0.868910
-0.459846
0.916095
0.460238
0.335528
-0.352736
0.751076
0.058121
-0.431574
0.080406
0.047069
0.095356
0.193017
-0.090630
0.116806
0.017447
0.205796
0.295498
0.779236
0.051787
-0.158184
0.226610
0.034572
0.483506
0.274103
-0.277320
0.235191
-0.644484
0.303038
0.146403
0.067521
-0.001278
0.774109
2.298899
-0.052753
-0.251394
0.196371
0.009834
0.354335
0.515705
0.492284
-0.195132
0.047831
0.359404
0.523538
-0.357612
1.107048
-0.089570
0.053770
0.022145
-0.442799
0.356888
0.383312
0.164090
-0.048561
-1.143654
0.406298
0.452101
0.397635
0.638904
0.142184
0.079909
1.280094
-0.640255
-0.056638
0.420684
-0.052670
-1.262837
0.315448
0.341251
0.324319
0.227545
-0.111658
0.543893
0.194932
0.290166
-0.355938
0.101156
0.222602
-0.667983
-1.025264
-0.033153
0.492546
-0.203366
0.351677
0.076861
-0.339062
0.104491
0.548429
0.330762
0.046341
0.300897
-0.190461
-0.408862
0.137862
0.100171
-0.806686
0.223334
0.283747
0.438031
0.210905
0.438022
0.227273
0.261086
0.038084
0.101476
0.008995
-0.521138
0.620065
0.117215
-0.130139
0.025207
0.009460
0.410862
-0.013330
0.225071
-1.252690
0.169197
0.005433
-0.934215
-0.971765
0.373794
1.255120
0.117871
-0.015147
-0.402029
0.329292
0.004161
0.549433
0.194123
-0.071524
0.048828
0.353122
0.535597
-0.177315
0.023657
-0.025260
0.101309
1.034582
-0.416650
0.844731
-1.001948
0.135925
0.434477
-0.211754
0.389783
0.365086
0.147502
0.087061
0.108506
-0.249650
0.096004
0.151593
-0.394874
0.019452
-0.079708
-0.113272
0.527540
-0.856801
-1.384094
0.156693
0.034984
0.389691
-0.387859
0.059196
0.097566
0.003054
0.610904
-1.065490
-0.248459
0.320347
0.261509
1.084453
-0.417960
0.037559
0.118273
0.225479
-1.088833
0.812248
0.007915
0.093891
0.036464
-0.082805
-0.237614
0.314939
0.507047
0.085527
0.674694
1.022596
0.086571
-0.289781
-0.188053
-0.010489
0.093576
-0.044434
0.214764
-0.647631
0.020629
0.575482
0.044716
-0.146453
0.030143
1.837540
0.059032
-0.361554
0.102749
-0.019294
-0.022253
0.333741
-0.004691
0.139116
-0.424792
0.103750
-0.075007
1.107880
-0.112194
-0.269066
-0.100722
0.213296
0.182860
-0.497821
0.436748
0.021146
0.234367
1.649132
0.312676
0.047915
0.227510
-0.074408
0.100522
0.033680
-0.410159
0.251959
-0.067648
-0.033224
0.184448
-0.176639
0.275695
-0.400390
1.714265
0.477295
0.005361
0.099105
0.047071
-0.527503
0.243808
-0.285635
0.099994
-0.124974
0.249646
1.316353
-0.167775
0.100084
1.150202
0.185316
-0.478137
0.537712
-0.013736
0.322748
0.083571
0.019402
0.153427
-0.521328
0.105139
0.113523
-0.086876
0.290878
0.107125
-0.014510
0.288695
0.867022
0.172836
-0.246879
0.361471
0.130909
0.247081
0.068662
-0.560115
0.513327
0.081222
-0.013499
0.127576
-0.198577
-0.032368
0.233606
1.064824
-0.251035
0.084269
-2.050621
0.069771
-0.159431
-0.006281
0.649242
1.450228
0.322933
-0.644103
0.660956
0.155881
0.358265
0.202619
0.745137
0.190837
0.011603
-0.888490
-0.161408
0.019618
-0.797065
-0.051056
-0.249069
0.676427
0.214194
0.295552
-0.008702
0.041350
1.067171
0.086858
0.065413
0.078848
-1.229504
-0.297581
0.240325
1.485818
-0.853256
0.373737
-0.071802
0.058579
0.273702
0.087518
0.706755
0.956702
-0.034423
0.091917
0.246882
0.216309
0.071132
0.709764
0.143478
-0.512581
1.100550
0.024580
-0.013754
-0.468621
0.142497
0.222057
0.005710
-0.062813
0.715897
-0.082018
0.048273
0.148776
0.539362
-0.004300
0.055037
0.108100
0.022052
-0.175350
0.022785
0.060073
0.198533
0.189776
0.018690
0.156260
0.635988
0.241082
-0.389496
0.160151
0.160502
0.095028
0.487442
-0.015640
0.322142
0.066163
0.295259
0.601626
0.164284
0.190766
0.291263
-0.439915
-0.400010
0.976015
0.241244
-0.041920
0.125153
0.052889
0.356472
0.347178
0.273042
-0.241603
0.659232
-0.901583
0.010114
0.529363
-0.115464
-0.253643
0.945533
0.366487
-0.306348
0.137446
-0.323178
1.199706
0.098644
0.004754
0.623740
0.134539
0.354153
0.338297
-0.020987
-0.016189
0.041660
0.091037
0.673073
0.060774
-0.552439
0.028759
0.458371
0.044425
0.050694
0.128356
-0.443506
0.608946
0.003418
-0.160084
-0.634510
0.234543
0.464862
0.519216
0.498283
0.032929
0.013481
-0.709869
0.785772
0.444798
0.092895
0.150253
-0.123543
-0.057120
0.058967
0.377110
0.098753
-0.123116
-0.334174
0.275265
-0.476867
0.271854
0.392235
0.028965
1.923222
1.026826
0.001656
0.462376
0.348867
-0.363658
-0.746377
0.235502
0.151863
0.036704
1.492705
0.805371
-0.161046
0.145950
0.477576
0.084406
-0.261421
0.544284
0.540196
0.247103
0.048393
0.018556
0.370224
0.115281
0.194832
0.146971
0.081775
0.278796
0.158676
-0.475910
0.878001
0.333747
0.569323
0.344665
-0.031769
-0.163129
-0.054580
-0.749199
0.715813
0.010768
-0.058399
0.462151
-0.123890
0.158818
0.417030
1.119703
0.028868
0.395232
-0.010660
0.489397
-0.445563
0.013573
-0.028033
0.010587
-0.369783
-0.099972
0.217888
0.252837
0.645542
0.007599
-0.844852
0.819233
-0.073212
-0.129758
1.688643
-0.106268
-0.468214
0.211738
0.151996
0.974762
0.113698
0.101981
0.670917
0.612503
-0.675594
0.775113
0.138690
0.051976
0.210225
-0.517258
0.302596
0.315763
-0.139986
0.151776
0.061909
0.099993
0.323957
0.199476
0.088211
0.151851
0.604798
-0.299263
0.055123
0.720927
-0.216130
0.066243
0.006540
0.799264
1.391883
-0.634569
-0.028129
0.019479
0.166374
0.222131
0.253920
-0.045743
-0.492796
-0.596216
-1.067759
0.526097
0.446583
0.271814
-0.002146
0.216515
-0.295676
0.343797
0.927626
-0.875753
-0.127445
0.214969
0.231265
0.079240
0.542143
0.120578
0.692142
0.218285
0.416472
0.001928
0.126294
0.026871
0.129670
0.039623
0.053911
-1.316698
0.026991
0.143996
0.079448
0.360086
-0.721179
0.662380
-0.727069
0.140916
0.611558
0.145239
0.067829
-0.113430
0.124024
0.159474
0.340115
0.681138
0.200875
-0.155302
0.232741
1.173765
-0.231800
-0.095670
-0.291974
0.308669
0.306014
-0.077776
0.386404
0.026704
0.205540
-0.004057
-0.119254
0.000188
0.147153
0.066229
0.039588
0.032880
-0.017571
-0.244952
0.368286
0.164586
0.064117
0.088315
-0.461856
0.316505
0.050717
0.005094
-0.008075
0.008405
0.582107
0.071512
0.328346
0.256601
0.044825
0.170418
0.109883
0.330783
0.230876
0.059122
0.041620
-0.006415
0.046969
-0.150638
-0.304963
-0.680703
-0.422361
-0.043753
0.205903
0.000243
0.123847
0.173265
0.049183
0.018753
0.821528
0.826749
0.478906
-0.389096
0.059870
-0.088177
0.931061
0.799615
0.145813
0.441623
1.313511
0.765680
0.380580
0.032881
0.047801
0.144049
0.310781
0.554849
-0.100788
0.101347
0.060307
-0.049010
0.107765
-0.001735
0.076515
0.030316
0.546504
0.467764
-0.012287
-0.177603
0.167702
-0.120834
0.013098
0.372127
0.830361
0.234114
0.969548
-0.509603
-0.726179
-0.126883
0.495409
0.104847
-0.017299
-0.436993
0.629567
0.551245
-0.234347
-0.041116
0.862586
1.000426
-0.586996
-0.634163
0.874170
1.380122
0.017733
0.148874
0.141863
-0.009368
0.582370
0.814857
0.461419
0.176072
0.477377
0.766654
0.818928
0.573670
-0.092775
0.055654
0.181743
0.046767
0.000406
0.980977
0.255920
0.395568
-0.097097
0.584303
0.015346
-0.047166
-0.047973
0.210122
0.136152
0.158120
0.335976
0.549495
0.136967
0.277967
0.406934
0.053731
0.374965
0.103535
0.014480
0.864073
-0.069448
0.012350
0.586874
0.221425
0.157065
0.240011
0.039805
0.222621
-0.070320
0.018097
0.444169
0.207241
0.228284
-0.442410
-0.257733
-0.139776
0.037863
0.693121
0.311016
0.147619
0.312691
0.027071
-0.126147
0.196469
0.004923
0.052410
0.536515
0.088406
0.229121
0.539306
1.006927
0.590810
-0.311915
0.099954
1.148597
0.344488
-0.038285
0.149638
-0.050004
0.375742
0.780918
0.366879
0.112197
-0.324104
0.257412
-0.119997
-1.267762
-0.146811
-0.037190
-0.411597
0.351707
0.078436
0.136627
0.034611
0.239805
-0.107852
0.163833
0.112404
-0.380575
-0.237667
0.485020
0.246097
0.351110
-0.535217
1.514107
0.041498
2.156985
0.466107
0.282425
-0.067045
0.625477
0.261969
-0.239598
0.041093
0.253979
0.087806
0.806957
0.098450
-0.604932
0.006540
0.049459
0.899103
-0.151151
0.783069
-0.017094
0.894268
0.383908
-0.585088
-0.147605
0.577961
0.535750
0.218408
0.085750
-0.016441
0.006413
0.465255
0.110360
0.274572
0.178983
0.726063
0.363527
0.157559
-0.473424
-0.506179
0.020339
0.103751
0.163049
0.087299
-0.013843
0.212224
0.014011
-0.654435
0.368050
0.002731
0.341024
0.294763
0.158372
-0.171064
0.675253
0.294456
0.236933
0.639084
-0.471120
0.317130
0.111779
0.064618
0.035141
0.096402
-0.141654
0.096813
0.027366
0.041462
-0.391938
0.225489
0.096822
0.117955
0.128187
0.490979
-0.187385
0.082834
0.047380
0.357901
-0.515311
0.030849
-0.461746
0.367783
0.353652
0.156359
0.009695
0.265505
-0.243541
0.092796
0.987283
0.418514
-0.310086
0.566151
0.330628
-0.148356
0.086201
0.069807
0.050514
-0.066879
-0.213383
0.190115
-0.533497
0.200084
-0.066959
-0.236906
-0.601246
0.751843
0.141535
0.404928
1.047223
0.574613
-0.146425
0.633006
1.163980
-0.227627
0.138860
0.192635
0.295907
0.361060
0.454455
0.189990
0.146811
0.496279
0.853576
-0.066120
0.536146
-0.016492
-0.097316
0.013152
0.006086
1.594295
-0.049757
0.092422
0.485077
-0.035529
0.261538
0.251260
-0.268431
0.499524
0.079858
-0.245354
0.592081
0.029100
1.856138
-0.523680
0.017960
-0.722381
-0.314586
0.202878
0.005114
0.978081
0.610262
-0.005368
0.324858
0.978819
0.135982
0.042793
-0.712170
0.193189
0.255695
0.044298
-0.303776
0.079063
0.203727
0.222675
-0.285069
-0.098033
-0.045534
-0.192563
-0.140997
0.277347
0.133819
0.205315
-0.110877
1.186756
0.136340
0.082839
-0.139197
0.652024
1.143675
0.362951
-0.937069
0.057220
-0.772365
0.124684
-0.520086
-0.467911
0.044228
0.237427
0.178359
0.059915
0.169005
0.710224
-0.010100
0.464226
-0.333888
0.087733
0.080133
-0.007199
0.074163
0.034093
0.055012
0.122771
0.400643
-0.442326
0.116587
0.041168
-0.237668
0.864998
0.409612
0.305655
-0.351647
0.729997
0.083668
0.077817
0.074957
-0.365291
0.333751
0.363989
0.110387
0.066335
-0.407753
0.214800
0.184675
-0.088806
0.271610
-0.201183
0.167604
-0.030204
-0.014182
0.223283
0.676945
0.251943
0.061198
0.547546
0.009410
0.222695
0.138943
0.375833
0.077286
0.141050
0.120153
0.040411
0.504450
0.142266
-0.451351
-0.508892
0.040173
-0.221464
1.074653
0.018947
-0.050260
0.231538
0.201072
-0.030225
-0.023925
-0.581133
0.101060
0.139872
-0.000045
0.251404
-0.023617
-0.128525
1.077954
0.035559
0.171443
0.266886
0.374888
-0.331466
0.096073
0.505492
0.007593
0.132661
1.553803
-0.141466
0.978540
1.119146
-0.166655
1.258674
-0.135499
-0.259887
-0.094421
-0.695930
0.193619
-0.544340
0.260738
0.294943
-0.571365
0.171037
0.241513
0.036823
0.679964
0.043601
0.698242
0.309104
0.032408
-0.432896
-0.212440
0.267102
0.238811
0.139684
0.549792
0.043006
-0.036952
0.118624
0.009479
0.151132
0.149482
0.212393
0.765970
0.088034
0.430731
0.662704
0.455205
0.173905
0.667247
-0.215529
0.191095
-0.072936
-0.072168
0.267145
0.832143
-0.068581
-0.528620
-0.004078
0.068056
-0.077719
-0.122902
0.404798
0.106825
0.368137
0.341600
0.632814
0.114750
0.035486
-0.316803
-0.330417
0.756795
0.054191
-0.160538
-0.119489
0.442524
0.056306
0.293656
-0.018911
0.008083
-0.629457
0.071044
0.215078
0.554380
-0.462495
0.253991
-0.034771
0.183850
0.470339
-0.171075
-0.242915
0.018452
-0.085882
0.536127
0.323684
-0.206533
-0.021136
-0.147609
0.488302
-0.917223
0.191603
0.442625
-0.305474
0.088510
-1.235298
0.017306
0.598754
0.073403
-0.115675
0.047660
-0.357486
0.429737
-0.081437
0.498262
0.099371
0.403603
0.081218
0.116261
-0.181042
0.097554
0.045060
0.572697
-0.549224
0.174202
-0.442503
0.357396
-0.052555
0.667891
0.595933
-0.145704
-0.088786
0.552708
0.062733
0.207341
0.416419
0.374159
0.668885
-0.191187
-0.107019
0.067011
0.622201
-0.328738
1.697774
-0.097164
0.075488
0.122526
-0.157380
0.003831
-0.043320
0.047159
-0.279290
0.082946
-0.257138
0.398835
0.188826
0.273584
0.074545
0.597542
0.920306
0.791969
-0.693167
0.947952
0.273326
0.642660
0.519778
0.283493
0.387096
0.164400
-0.343921
-0.022517
0.236438
1.899092
0.548914
0.131753
0.053941
-0.170433
0.661600
0.993532
-0.001474
0.060059
1.167096
-0.555363
-0.415699
0.258383
0.054439
0.552373
-0.045308
-0.422058
0.386394
-0.095263
-0.410485
0.037304
-1.260032
0.054818
0.645360
0.103779
0.102221
0.007389
0.049329
-0.511710
0.967950
0.080601
0.059831
-0.119801
0.312589
0.195644
0.836760
0.000364
0.339417
0.167722
0.661830
0.095141
1.170094
0.045689
0.546759
-0.100183
-0.166987
0.086645
0.055707
0.043981
0.012808
0.056239
0.143153
0.497481
-1.300214
0.032480
-0.335866
-1.077258
0.553429
-0.185186
-0.017307
2.007069
0.480788
0.409996
-0.123174
1.446271
-0.066907
-0.023724
0.374275
0.832911
0.060061
0.955951
0.130969
0.822452
-0.217985
0.076890
0.060682
-0.267724
0.330675
-0.242728
0.347110
0.306840
0.346700
-0.365598
0.019720
0.072793
-0.739750
0.039632
0.211768
-0.009065
-0.181752
0.633416
0.072253
0.024705
0.926167
0.602285
0.139607
0.089808
0.283742
0.102513
0.467272
0.087023
0.022389
0.829730
0.135022
0.359793
0.191168
0.012963
-0.026571
0.078279
1.250800
0.647896
0.146670
0.200722
0.191083
0.052212
-0.371209
0.683375
-0.069424
0.691438
0.151747
-0.034060
-0.030137
0.126020
-0.464281
-0.033902
0.929462
0.041944
0.024183
0.079557
-0.002114
0.271928
-0.240992
0.181520
-0.399880
-0.082362
0.029498
-0.108846
0.650756
0.228152
0.865009
0.022814
-0.999434
0.034090
-0.014195
-0.639316
0.102736
0.936792
-1.150649
-0.023556
-0.030567
0.206729
0.228256
-0.001289
0.284954
0.068770
0.113926
0.430915
0.000230
0.496320
0.026404
0.286309
0.340985
-0.244703
0.008851
-0.143117
-0.337498
0.533001
0.402474
1.001276
0.466664
-0.625401
0.140489
0.331588
-0.055300
-0.025510
-0.237230
-0.607423
1.186809
0.101615
0.363382
0.083777
0.080185
-0.793025
-0.093574
-0.072770
0.019651
0.744870
0.067631
0.434375
0.280858
0.026198
0.140632
0.244405
0.073332
-0.101563
0.618820
-0.032285
0.293856
-0.199926
0.068665
-0.330655
0.205183
-0.216709
0.221810
0.556064
0.532705
-1.215234
-0.697697
0.130880
0.201258
0.016172
0.995509
-0.073664
0.064964
0.581033
-0.560622
-0.672642
1.566578
-0.067290
-0.387251
-0.507352
0.921436
-0.276778
0.117233
0.306380
0.199609
0.073902
1.487454
-0.057551
0.223039
-0.569601
1.264587
0.405405
0.108428
-0.064224
0.550945
0.037716
-0.010825
0.231194
0.009424
0.329602
0.280355
-0.141260
0.476470
0.154071
0.032622
0.207970
-0.230260
0.240695
0.595347
0.382899
-0.213749
0.048216
0.640351
1.142191
0.056093
0.851982
-0.096418
0.197603
0.599877
0.043597
1.109429
0.047183
0.027982
0.474829
-0.103567
-0.223732
-0.273067
0.724209
0.523610
-0.305120
0.209099
-0.321196
-0.477110
0.337569
0.098781
0.061923
0.364392
0.720169
0.792487
0.015531
-0.068875
-0.038650
0.184964
0.407623
0.304892
-0.457049
-0.103158
0.455136
-0.222280
1.363711
0.290298
-0.467688
-0.222016
0.232101
-0.331316
1.387063
-0.321062
0.094359
0.108431
-0.129556
0.426735
0.247673
-0.183380
0.052015
0.460775
-0.098750
-0.001640
0.348809
1.129829
0.098896
0.109724
0.277167
-0.091661
-0.060954
0.312623
0.116180
0.052994
0.058786
-0.214984
0.106269
1.143523
-0.427118
0.171876
0.563122
0.851574
0.188308
0.158428
0.048078
0.010983
0.047808
0.282760
-0.433774
0.447523
0.524345
-0.107067
-0.046305
-0.174186
0.251449
-0.169985
0.045985
1.328199
0.430015
-0.180653
0.463035
0.032463
-0.660094
0.122202
0.012300
0.180202
-0.542933
0.752245
0.142038
0.214634
1.103014
-0.608751
0.095642
-0.016820
0.357591
1.213188
0.037123
-1.012638
0.172235
0.326306
0.350232
-0.051135
0.806378
0.083519
0.253781
0.102422
0.050212
0.400706
0.159246
0.725563
0.037349
0.076074
-0.251124
0.186003
0.193652
0.341532
-0.708605
0.342030
-0.016587
0.080560
0.745852
0.673831
-0.659374
0.016323
-0.251683
0.092055
-0.098576
0.451898
0.720919
0.034700
2.024687
0.675065
0.233839
0.051358
0.043205
0.033040
-0.045827
-0.036595
0.028148
0.325062
0.433283
0.020905
-0.174687
0.068080
0.049973
0.323658
0.280969
0.381441
2.892225
0.232347
0.104579
0.315015
1.407873
0.250063
0.176338
-0.629769
1.054542
0.454724
0.639965
-0.225789
0.135377
-0.143949
0.517505
0.154816
-0.131714
0.474907
-0.281147
0.114146
0.533845
0.070554
-0.290015
0.040704
-0.422827
0.094731
-0.619201
-0.267731
0.954851
0.205877
0.191078
0.688447
-0.023611
-0.064214
0.075686
-0.438150
-0.021417
0.745082
-0.936770
0.172813
-0.431183
1.060887
-0.052333
0.477318
0.116490
0.814800
-0.003345
0.192795
-0.012576
-0.495122
-0.284020
-0.087931
-0.296114
-0.025861
0.455580
-0.735059
0.626734
-0.117160
0.156504
0.065133
0.119106
0.091303
0.235861
0.140073
0.611251
0.105244
0.160923
0.092261
0.205033
0.029549
-0.046722
-0.121108
-0.098515
-0.306839
-0.368363
0.217168
-0.666359
0.522368
0.147110
0.323451
1.553418
-0.075413
0.262218
-0.149779
0.139487
-0.358645
0.357638
0.230677
0.631552
0.331286
0.635506
0.105934
-1.159403
-0.344801
-0.026658
0.646428
-1.077971
0.235837
0.103093
-0.000225
0.267541
0.028257
-0.405658
0.235715
-0.230582
0.425268
1.403116
1.123958
-0.264195
0.462498
-0.095503
0.163591
-0.109096
0.244767
-0.421318
-0.799172
-0.339729
-0.464870
0.212808
0.573147
0.021986
0.121848
0.364427
-0.280347
-0.061021
0.098838
0.208980
0.193233
0.181290
0.319313
0.068954
-0.018979
-0.010790
0.345469
-0.416818
0.222102
0.154654
0.172037
0.025718
0.978001
1.007814
0.186582
0.266957
-0.178489
0.118481
0.712222
0.033258
0.254126
-0.105776
0.230525
-1.360693
0.054117
0.243706
0.411242
0.899063
-0.145509
0.051283
-0.393052
0.120358
0.091092
0.043064
0.029336
0.647574
0.090531
-0.301734
0.228265
0.145812
-0.141651
-0.386489
0.292908
0.022644
-0.030841
0.351892
-0.008357
-0.766709
0.017828
0.189977
-0.336339
0.060770
-0.013622
1.078412
0.355399
0.194188
0.325562
0.264422
1.162916
-0.057864
0.837519
0.150337
0.014582
0.274831
0.349737
0.018589
0.739518
0.324580
0.163270
0.351871
0.387728
0.174377
-0.309244
0.277551
-0.003924
-0.110702
0.285248
-0.000028
0.472446
1.112479
-0.041518
0.014381
0.104595
0.119007
-0.013011
0.243717
0.342906
0.367040
0.266499
0.527074
-0.001400
0.332455
-0.382563
0.955531
-0.932387
0.023257
0.286373
0.281326
0.524340
0.402510
1.238237
0.083643
2.134599
0.105693
0.490221
-0.298185
0.140877
0.403444
0.622819
-0.007604
0.456608
0.121412
-0.045078
-0.733092
-0.101301
0.010968
0.662165
0.030517
0.132312
-1.017577
0.125961
0.219173
0.883874
0.023329
0.175205
0.041168
0.239986
0.029123
-0.024183
0.527905
-0.040127
0.972906
0.043676
0.422004
-0.632539
0.077239
-0.235142
0.328216
-0.061704
0.077900
0.518551
0.525777
0.001197
0.092875
0.013599
0.207007
-0.062606
0.222616
-0.068380
-0.250438
0.075838
0.320906
0.170296
0.008842
0.075701
0.611777
0.097393
0.485413
0.273245
0.064254
0.232747
0.032700
0.102199
-0.036040
-0.055330
-0.164613
0.463425
0.004701
1.190145
0.963642
-0.069451
-0.347619
1.308546
-0.077675
-0.610113
0.862166
0.218712
0.052791
-0.280259
-0.314651
-0.015875
-0.580696
0.335440
0.408466
-0.089668
-0.306948
1.178678
0.506822
0.467061
0.112142
0.863905
-0.074484
0.085287
0.587337
0.191986
0.142602
0.600482
0.849846
-0.113414
0.150859
-0.021481
0.661476
0.083402
0.759975
0.135231
1.330726
-0.048300
0.065933
0.150315
0.045203
0.042583
0.813630
0.033925
0.355346
0.832006
0.186446
0.081111
0.850155
0.770231
-0.177316
-1.409447
-0.163298
0.081862
-0.194476
-0.546400
0.484322
0.475913
0.080670
-0.061421
-0.020846
-1.013511
0.757174
1.103360
0.376942
-0.090065
0.109089
0.368784
0.150665
0.311733
0.183243
0.084336
0.295602
0.018150
0.462191
0.432543
-0.045152
0.111810
1.002292
0.314004
0.436785
-0.030341
0.113925
-0.823289
0.150252
0.131584
0.086821
0.132057
0.266371
0.050831
-0.136328
0.082442
-0.868890
0.063326
0.237072
0.080555
0.561182
-1.282377
0.688312
0.591952
0.542524
0.411296
0.338410
0.001165
0.695550
0.472516
0.618844
0.390042
0.042356
-0.018465
-0.051136
0.019203
0.159508
-0.000302
-0.050266
0.143103
0.998535
-0.432041
0.121316
-0.381333
0.812025
0.200361
0.162236
0.415485
0.734977
-0.261101
-0.188422
0.186766
0.415788
0.035926
0.257216
0.113797
-0.114814
0.180318
0.057904
-0.066262
0.619475
0.304765
0.803292
0.228296
0.043433
-0.030419
0.053959
-0.087961
-0.110938
0.069485
0.401265
0.218804
-0.002548
-0.268367
0.032119
0.269241
0.407281
0.058995
1.130227
0.046909
0.075760
1.345689
0.391674
0.169989
0.185623
0.244569
0.499315
0.078109
-0.474415
0.543923
-0.188716
0.033287
0.144776
-0.139987
0.784182
0.789771
0.083594
0.059937
0.006701
-0.197069
0.023001
-0.467693
0.037631
-0.740104
-0.747560
0.530077
0.356503
0.502905
0.201905
0.294997
1.094649
0.096135
0.156288
-0.156680
-0.122676
0.452289
-0.079220
0.294496
-0.006419
0.037379
0.299843
0.293007
0.293507
-0.162523
0.794132
0.722620
0.009645
-0.011444
0.200707
-0.742495
0.690949
-0.127675
0.357491
0.156407
0.582051
-0.432752
0.598279
0.148154
0.655258
0.643846
-0.530011
0.046782
0.075078
-1.092415
-0.799324
0.005235
0.068118
0.368379
0.262808
-0.249920
0.134832
0.394898
-0.038721
-0.103043
1.042615
-0.176606
0.155353
1.047844
0.496225
-0.574215
0.251820
-0.892203
0.337157
-0.115988
0.144392
-0.494696
1.474225
0.062294
0.322511
0.810606
0.018444
-0.478492
0.010647
-0.052394
0.510053
0.334630
0.773492
0.427799
0.021495
0.367014
0.110831
1.078646
-0.112889
0.076313
-0.000081
0.918025
0.663759
-0.140374
-0.207213
0.073615
0.336806
0.201366
0.041759
0.914047
-0.540385
0.279875
0.792925
-0.405162
-0.030717
0.603058
0.220919
-0.167694
0.046898
1.214812
-0.109303
-0.340846
0.291986
0.080205
-0.147448
0.118335
-0.030672
0.133992
0.148218
0.238032
-0.032915
0.028328
-0.126473
0.107822
-0.123818
0.144207
-0.332579
0.069961
0.008538
1.235203
-0.015905
0.057357
-0.230782
0.455918
-0.115760
0.439604
0.233628
0.119344
0.116739
0.097224
-0.216521
0.217477
0.481144
-0.023261
0.038824
0.100918
-0.026624
-0.153782
0.612781
-0.082702
0.029297
0.322385
-0.439831
0.212831
0.578811
-0.710538
0.026535
0.662394
0.045295
0.194428
0.204712
1.025547
0.125100
-0.011097
0.153765
0.133776
0.748516
0.327197
-0.173835
0.207357
0.161549
0.115798
-0.337124
-0.022687
0.145851
0.052824
-0.428220
0.158410
-0.016697
-0.256782
0.028535
0.196866
0.000365
-0.121352
-0.204147
0.037920
0.276454
-0.005119
0.050272
-0.504064
-0.370564
-0.036547
-0.072102
2.051544
0.003636
0.024553
-0.331805
-0.239687
0.528244
0.476234
-0.026967
0.167461
0.172596
-0.202357
-0.225372
0.287848
0.101782
0.306681
0.079226
0.182121
0.436982
0.088586
0.501379
1.392619
0.098503
0.134097
0.317281
0.076971
0.224885
0.077515
-0.018450
0.063423
0.056308
-0.179250
0.632496
0.110264
-0.017582
0.027853
0.227727
0.905332
0.547816
0.212618
0.401679
0.089604
0.012980
0.257076
0.057489
0.176087
0.670732
0.207619
0.285582
-0.396692
0.036403
0.520108
0.650271
0.003963
0.570311
0.003906
-0.190951
-0.248002
0.003169
-0.003432
-0.430975
0.769843
0.399399
-0.210311
0.478961
-0.162154
-1.092711
2.026721
0.320254
1.248085
0.013678
0.673581
0.757215
-0.047957
0.385053
-0.007010
-0.089116
0.040904
1.046709
1.796106
-0.511137
0.064089
-0.754554
-0.086825
0.258566
0.164654
0.063541
0.425816
0.008247
0.475795
0.016405
0.591377
0.346285
0.064349
0.127527
0.152063
-0.038150
-0.006307
0.075387
0.652653
0.171329
0.245085
0.406903
0.316043
0.953795
1.589848
0.092739
0.169540
-0.219833
0.155515
0.023936
0.925960
0.064710
0.317827
0.311667
0.082146
0.321430
0.073006
-0.558361
0.227311
0.187947
0.602538
-0.020334
0.404693
-0.731032
0.316379
1.362143
0.158010
0.034629
-0.841452
0.030353
0.107590
0.573466
0.235475
0.054303
0.093375
-0.022882
0.317112
-0.037459
-0.129740
0.453350
0.102324
0.260899
-0.355826
0.071641
-0.536590
0.114826
-0.317700
-0.060692
1.752679
0.300817
0.304469
0.454402
0.048143
0.016494
-1.246670
0.226506
0.568270
-0.160824
0.489648
1.285483
0.117823
0.004991
0.070954
-0.142562
-0.602917
-0.154510
0.545799
-0.006398
0.535028
-0.403630
-0.202848
0.170907
-0.127865
0.098797
0.454106
-0.791327
-0.236924
0.332484
-0.261824
0.294991
-0.002353
0.038728
0.021691
0.031369
0.239271
0.036448
0.324764
0.932018
0.195864
0.027981
0.751989
-0.017767
0.372530
0.051982
0.629656
0.633136
0.041335
0.063295
-0.119561
-0.167366
-0.132805
0.091139
-0.098072
0.222409
-0.007650
0.523794
0.237661
-0.052923
-0.109886
0.685078
0.047565
0.626610
0.457388
0.281241
0.175658
-0.050380
0.900544
0.361868
0.209506
0.099140
0.391032
0.009345
0.022622
0.343132
0.633887
0.475057
0.001200
0.250155
0.595698
0.173255
0.288194
-0.928217
-0.013718
0.288932
-0.054111
0.665769
0.196275
0.064901
0.673391
0.146688
0.778301
0.589757
0.275059
1.696787
0.346787
0.094599
0.296392
0.623486
0.448103
0.144852
0.071402
0.474002
0.836002
0.312596
-0.085719
0.082643
-0.461518
0.117604
0.145311
0.856193
0.187092
0.017039
0.393232
0.507916
-1.362260
-0.111357
0.126191
0.251197
0.084590
-0.016339
0.066031
0.383255
0.176650
-0.771107
0.387118
0.061737
0.033914
-1.173233
-0.743005
0.682697
0.518104
-0.106125
0.292657
0.724588
0.043247
0.050692
-0.348570
0.430023
-0.009345
0.048030
0.284622
-0.439607
0.069963
0.275796
0.273971
0.913619
0.020746
0.171432
0.064162
-0.573583
0.359754
1.233438
0.201398
0.009747
-0.023969
-0.237685
0.091257
-0.064796
0.576061
0.224436
-0.115067
0.006228
0.024851
0.093346
-0.200477
0.033517
0.393902
0.115551
0.039739
-0.057812
0.030295
-0.518959
0.290495
0.430688
0.331263
0.117915
0.124307
0.222025
-0.036039
0.053799
0.112902
-0.082480
-0.182855
0.227766
0.235833
0.137183
1.672664
0.103533
0.725439
0.322934
0.693181
0.013514
0.020118
0.194428
0.260188
0.691906
-0.252250
0.082279
0.105091
-0.423142
0.419228
0.233325
0.070309
-0.011094
0.036384
0.023077
0.398640
0.021891
0.577504
0.057222
0.852850
-0.316198
-0.206401
0.086644
-0.042719
0.503488
0.088392
0.444025
-0.248258
0.251685
-0.257175
0.279011
-0.448936
-0.543745
-0.017432
-0.327987
-0.259402
-0.052934
0.111497
0.045187
0.014522
0.452445
0.550999
0.024035
-0.324553
0.032217
0.927307
0.768632
0.064324
-0.031368
-1.177380
0.822504
0.125883
-0.191363
0.148895
-0.110960
0.079923
-0.132647
0.112337
0.217439
-0.667354
0.512133
0.504933
0.587896
-0.014091
0.026619
0.740634
0.113118
0.243153
0.445783
0.028612
0.485518
0.919692
-0.152608
0.333370
1.073898
0.216509
0.017355
0.205535
0.010459
0.035523
0.097809
0.893147
0.417346
0.244226
0.068215
0.011917
-0.003695
0.510527
0.155449
-0.103806
-0.018260
0.071681
0.314689
-0.237634
-0.098054
0.508785
-0.163225
0.426560
0.005028
0.797198
0.138125
-0.058236
-0.965636
1.234042
0.065092
-0.054210
0.509061
0.473720
-0.429607
0.417485
-0.124136
0.320120
0.087272
-0.475360
0.184534
0.237858
0.006509
0.520641
0.012596
0.065528
-0.035551
-0.156456
-0.871641
0.730780
0.054147
0.957951
-0.284530
0.124652
0.041393
0.262271
0.083688
0.033503
0.623762
0.082202
0.190757
0.461393
0.189503
-0.759763
0.874651
0.455946
0.403504
-0.412511
0.433068
0.006570
-0.327843
0.294520
0.025247
-0.183762
0.019338
0.035585
0.119774
0.052320
-0.239448
0.115694
0.362625
-0.268149
-0.366607
-0.899272
0.003515
0.071205
-0.183176
0.139377
0.059986
0.215500
-1.291379
0.967457
0.168917
0.399537
-0.164488
0.002628
0.570180
0.327216
-0.057992
0.039215
0.002932
0.083372
0.678739
0.194397
0.155211
-0.505106
0.246158
0.163694
0.233275
-0.034861
-0.026452
0.059330
0.139107
-0.388297
0.834483
0.107691
0.500285
-0.166717
0.322789
0.079957
1.050291
0.038461
0.066690
0.495211
0.385879
0.797457
-0.018514
0.199825
-0.363631
-0.172145
-0.013776
0.563719
0.736243
-1.125312
0.047215
0.502703
-0.362291
0.167365
1.287543
-0.024090
0.073209
-0.015785
-0.075384
0.302853
0.563648
0.100487
0.141878
-0.011046
0.341540
0.336266
0.832801
-0.039607
0.081292
-0.055232
-0.495990
0.172883
-0.065766
0.845763
-0.191030
0.443772
0.044032
0.710485
0.074746
-0.651146
0.388318
-0.022611
0.049431
0.438608
-0.109305
0.392663
-0.222495
-0.105055
0.476880
0.039653
0.007137
0.605287
0.238120
0.042295
0.001151
0.409427
1.088578
0.542695
-0.206280
0.726115
0.092196
-0.053270
0.088105
0.777473
-0.004869
0.620500
0.485949
-0.591869
-0.076686
-0.802021
-0.264013
-0.662004
0.182368
0.469587
-0.020796
0.058035
0.077655
-0.185915
-0.279935
0.234502
1.312593
0.250847
-0.084068
0.318622
-0.786530
1.268710
0.051714
-0.051855
0.258586
0.119554
0.084273
0.269917
-0.003819
0.828010
0.277444
0.661666
-0.339649
0.070939
-0.003028
-0.455813
0.168127
0.463160
0.022655
0.601306
0.076646
0.198375
0.175876
-0.358077
0.045117
0.020431
-0.100592
0.658261
0.976571
0.964737
0.026433
-0.097892
0.253615
-0.135194
-0.372105
0.025495
0.156975
0.148078
0.053937
0.050356
-0.045990
-0.083572
0.119559
-0.386224
-0.041852
-0.096101
0.155071
0.142583
0.450735
0.330969
0.166246
0.122919
0.013508
0.304438
0.045110
0.572566
0.222376
0.234901
0.068095
0.120388
0.391652
0.063605
0.938543
-0.012800
0.609197
0.118259
0.494142
0.322806
0.360897
0.266468
-0.402927
-0.143081
0.590283
0.071566
0.056328
0.367013
-0.500417
0.747502
0.869809
-0.546336
-0.542478
0.123093
0.630575
0.367940
-0.051162
-0.441164
0.126779
0.421525
0.633859
0.338959
0.291698
0.183728
0.332452
-0.550011
0.004741
0.763863
0.218756
1.464943
0.248504
1.436242
0.130128
-0.777999
0.160796
-0.020594
0.040555
0.001446
0.271889
-0.027818
-0.096029
0.075328
1.183485
-0.351196
0.733847
0.205449
0.087623
0.345550
-0.352601
-0.145989
0.029905
-0.140352
0.418797
0.133737
0.946494
0.254967
0.457138
0.277612
1.572441
0.100233
-0.311809
0.178808
0.262486
0.008642
0.285027
0.117281
-0.212265
0.003576
0.500156
0.086872
0.020410
0.343617
-0.002396
0.170018
0.072997
1.245303
0.012987
0.083236
-0.140168
0.406763
0.005296
0.131791
-1.077663
0.514958
0.589963
0.063567
0.118647
0.148266
0.001834
0.466848
0.079435
0.071182
-0.172747
0.691957
0.555853
0.122979
-0.035379
0.099664
0.185270
0.034442
0.442553
-0.762762
-0.225138
0.696604
0.072829
-0.339341
0.016588
0.121472
-0.083213
-0.197447
-0.082289
-0.123942
0.745401
0.066758
0.195821
0.621167
0.399313
0.500340
-0.865096
0.026525
0.215770
0.871359
0.066671
-0.108210
-0.029112
0.946002
0.261339
0.476842
0.141696
0.075276
0.625045
0.002005
0.204514
0.753616
0.085031
0.084114
-0.179822
0.013575
-0.092152
0.000425
-0.332030
0.265332
0.324443
-0.506830
0.163296
0.050755
0.313397
0.403770
0.006340
0.237310
0.252112
0.050508
0.006779
-0.951761
0.153920
0.149642
-0.136061
0.022169
0.027814
1.119910
0.577511
0.000496
-0.037556
0.181349
-0.120365
0.037551
0.957903
0.256085
0.128614
0.033400
-0.259674
0.246102
-0.218636
0.275051
0.403922
0.278488
0.432840
-0.069262
-0.006435
-0.890763
0.106601
-0.612496
0.050421
0.012883
0.331616
-0.018107
0.107050
-0.077922
-0.009261
0.040197
1.078140
0.190857
0.550078
0.190713
0.244259
0.036204
-0.348919
0.034890
0.215804
-0.022380
0.465176
0.556591
0.340001
0.434489
-0.423078
1.006723
0.332101
-0.593061
0.490342
0.206406
0.055927
0.011023
1.343127
0.572289
0.644311
-0.148578
-0.187200
0.422843
0.096785
0.308184
0.158934
0.500730
0.456185
0.035175
0.275308
0.009174
2.423945
-0.039666
0.327351
-0.206189
0.197496
0.990638
0.073915
0.395266
0.186098
0.207158
0.578058
0.054796
-0.245352
0.254589
-0.358621
-0.228631
0.146365
-0.295250
0.137939
0.078752
0.089411
-0.177491
0.199707
0.246380
0.391591
0.204415
-0.130720
0.438860
0.878516
0.059053
0.080343
1.774350
-0.063166
0.181209
0.206453
0.130220
0.031599
0.263553
-0.481182
0.284717
0.665910
0.165791
-0.033797
0.062465
0.402743
-0.245244
-0.019162
1.434227
1.559954
0.190169
0.179407
-0.233990
-0.227590
-0.051172
0.118955
0.084252
0.202426
0.119672
0.126822
0.084561
0.022677
0.189017
0.500034
0.609184
1.648136
0.335176
0.041612
0.431893
-0.220807
-0.250575
1.151808
-0.094437
-0.080257
-0.257393
0.035483
0.122263
0.605153
-0.359408
-0.348075
0.227134
-0.292463
0.534394
-0.007874
-0.013395
0.129662
0.821136
1.251378
0.355062
0.892573
0.527698
-0.281711
-0.160574
0.347211
0.395076
0.017229
0.551168
0.120322
0.105190
-0.044948
0.005648
-0.677717
-0.078544
0.042239
0.501425
0.763683
0.004322
-0.499275
0.547370
0.006818
-0.288972
-0.162206
0.826119
-0.245217
0.513149
-0.063694
-0.013240
-0.910160
0.117266
0.114197
0.120804
-0.033148
0.481579
0.803794
0.051879
0.113084
0.106622
0.125273
0.291993
-0.000114
0.231533
0.070190
-0.114622
0.791504
0.195654
0.508006
0.499759
-0.083624
0.458081
0.225699
0.182613
0.025618
-0.713387
0.166477
0.392544
0.373630
0.124225
-0.378826
0.028994
-0.022395
0.220415
0.423430
0.088102
0.024563
0.234335
0.775418
-0.264065
0.079135
-0.178382
0.628761
0.139662
-0.167393
0.894246
0.250126
-0.248624
0.660488
0.557158
0.116703
0.298642
0.071527
0.299083
0.459156
0.024356
-0.297396
0.212777
-0.431514
0.470808
0.208661
0.622122
1.104050
-0.042343
0.000178
0.050665
0.558571
0.081647
1.092505
0.482890
0.036622
0.058134
-0.595793
-0.270714
0.037018
0.030249
0.209814
0.170752
0.191660
0.087561
-0.072264
-0.251953
0.053344
-0.285329
0.061757
0.018501
-0.079100
-0.145502
0.396129
0.308960
0.182714
-0.296779
0.011901
-0.042448
0.085700
0.192981
-1.346135
0.319956
0.088426
0.145390
0.041446
0.194253
-0.082274
0.283893
0.441511
-0.089277
-0.686266
0.350483
0.840481
-0.044755
0.095035
0.005848
0.167108
-0.313277
0.110488
0.604458
0.002765
-0.101768
-0.120736
0.608866
0.001646
0.061942
0.343528
0.020389
0.262976
-0.284861
-0.005220
1.952650
0.134316
0.237945
0.494116
0.047238
0.067993
-0.032511
0.031480
0.093277
0.576069
-0.321474
0.289862
-0.350970
0.784420
0.147467
0.399661
-0.411459
0.084627
-1.150529
0.279213
0.311226
0.517599
0.464265
0.248450
0.235871
-2.361170
0.107423
0.013893
0.397209
-0.070983
0.103874
0.987922
0.025009
-0.223508
0.195744
0.065087
-0.103920
0.180584
-0.138648
-0.037449
0.119998
0.752771
0.011318
0.143485
0.238960
-0.710667
-0.071582
0.116977
0.183368
0.541469
0.556181
0.566122
0.368741
0.286836
0.226927
-0.129343
0.010247
0.044234
-0.753275
0.452249
-1.036028
-0.206866
-0.568500
0.601586
0.454131
0.730622
0.502147
0.173237
0.008956
0.521851
0.715466
-0.468548
-0.640081
0.590132
-0.050056
0.187450
0.442448
0.292335
0.526339
0.277861
-0.390995
-0.133040
-0.790061
0.138263
-0.359832
0.022832
-0.866133
-0.236409
0.025657
0.569902
-0.207265
0.083255
0.044340
-0.222842
0.584510
0.185035
-0.013908
0.392048
-0.142657
-0.238339
0.658916
-0.012509
0.698504
0.023943
0.429021
0.151756
0.027438
0.173174
-0.333120
0.349500
0.303952
-0.721981
0.016964
0.251390
0.720007
0.496850
-0.007461
-0.124437
0.341426
0.660415
0.775921
-0.547916
0.058803
-0.370107
0.082212
0.119495
-0.002351
0.827903
0.157755
-0.302164
0.047221
-0.319721
0.387845
0.445111
0.059120
-0.193024
0.094011
0.025211
-0.852007
-0.083730
0.212855
0.224061
0.056443
0.013287
0.087733
0.080057
0.492058
0.416100
-0.624813
0.245331
0.622307
0.114872
0.934102
0.290952
1.794686
-0.036688
0.186215
0.017227
0.504202
0.167848
0.007234
-0.071331
0.187090
0.188214
0.419774
-0.370219
-0.210567
0.497944
0.489960
0.052544
-0.343028
0.528502
0.059586
-0.007545
-0.068115
-0.273131
0.809460
-0.178084
0.218965
0.296094
0.476347
0.496946
0.446257
-0.038148
-0.048673
0.160391
0.205416
0.022306
0.004954
0.355621
0.948573
0.019152
-0.121901
-0.054695
-1.144047
0.058008
0.475242
0.271334
-0.786501
0.490144
0.449642
0.073782
0.369644
0.110408
0.179608
-0.769125
0.556102
-0.607764
0.678839
0.080205
0.548560
0.098246
-0.203634
0.182165
1.012823
0.584768
0.137561
-0.008878
0.019732
-0.239252
-0.882761
0.596108
0.740804
-0.125927
-0.711276
0.269289
0.164644
0.307057
0.521247
0.194423
0.124619
-0.299862
0.180727
0.151730
0.073407
0.844839
-0.089721
0.965400
0.045756
0.322935
0.434768
0.531576
0.050269
0.845036
0.755140
0.006318
0.144276
0.203288
0.616768
0.050709
-0.063872
0.388308
1.482061
0.061222
0.367091
0.056800
-0.035838
0.129872
0.133857
-0.210836
1.207107
0.971770
-0.432969
0.734734
0.581927
0.595811
0.411815
0.203417
0.029453
0.043931
0.523696
-0.048376
0.308817
0.316989
-0.141126
0.080379
-0.081478
0.363276
0.274098
-0.304961
-0.026510
0.312694
0.061346
0.122568
0.134876
0.152535
0.039009
0.682337
0.030830
0.011757
0.196250
0.308141
0.216842
0.040444
1.042731
0.168124
-0.063533
0.288810
0.900570
0.067596
0.040195
0.023628
0.681960
-0.212640
-0.634872
0.519998
0.863928
-0.224655
0.003195
0.660421
0.089026
-0.415908
-0.295722
-0.215442
0.164949
0.114040
0.013965
-0.026665
-1.534142
0.055621
-0.067729
-0.123720
0.135071
0.110697
-0.135046
-0.012927
0.217920
-0.434969
0.320734
-0.442987
0.068187
1.259969
0.015334
-0.036357
0.560457
0.201539
0.074384
0.534163
0.536865
0.628292
-0.096946
0.041492
0.485158
0.219077
0.285425
0.095863
0.695497
0.033017
0.130536
0.174671
-0.056667
0.101243
0.025417
-0.311369
-0.469562
0.018951
-0.012186
-0.720179
0.213625
-0.325177
-0.628410
0.004640
0.051895
0.226366
0.292631
0.279655
-0.285140
1.258765
0.052281
0.044660
-0.151628
0.124550
0.120141
0.840104
0.186068
0.064037
0.067398
0.045278
-0.259826
-0.523842
-0.869674
0.311250
0.300769
0.082388
-0.379504
0.130997
0.140093
0.241460
0.329631
0.150192
0.204152
0.079976
-0.420214
0.134693
0.359198
0.412098
0.315724
0.305534
-0.347128
-0.004172
-0.658460
0.078031
-0.184544
-0.006365
-0.019177
0.555391
-0.376656
0.100487
0.134285
0.963691
1.974192
-0.114946
0.375147
0.123975
-0.688143
0.522223
0.746017
0.253919
0.138072
0.062336
0.253170
-0.100817
0.768275
0.444503
-0.012149
0.292470
0.122626
0.457049
0.212464
1.054198
0.145556
0.297370
0.128908
-0.061295
-0.090058
0.472441
0.142396
-0.082888
-0.239564
0.224827
0.711484
-0.110000
-0.316981
0.122334
0.558638
0.302469
0.278051
0.432405
-0.003210
0.309143
-0.216739
0.037193
-0.048035
0.024776
0.179192
-0.336402
-0.189987
0.042047
-0.023526
0.085350
0.184462
-0.666624
-0.007196
0.079592
0.003503
0.292706
0.039870
0.556291
0.164614
-0.502347
-0.393948
0.576019
0.475136
-0.157241
0.268336
0.433559
0.434293
-0.612741
0.184871
0.364514
0.254870
-0.101186
0.341359
-0.021990
0.412474
-1.557184
0.239155
0.627184
-0.721980
0.275461
0.017273
0.035043
0.013092
0.110510
-0.164118
-0.154747
0.049148
0.036000
-0.046284
0.136382
-0.029080
1.007520
0.086731
0.357529
0.107645
0.175241
0.811233
0.004905
0.115144
0.651368
-0.118740
0.079228
0.062369
0.133328
0.225143
0.815590
-0.559225
-0.071141
0.585579
0.585193
0.028324
-0.006123
0.391184
-0.063786
-0.057204
0.494478
0.041644
-0.542517
0.641714
0.272408
0.074076
0.325700
0.231466
0.023859
0.261080
0.103020
-0.433938
-0.064455
0.735597
-0.924938
-1.119874
-0.927477
0.075015
-0.023240
0.076968
0.316389
-0.148523
0.110548
-0.167105
0.034666
0.049677
0.467818
-0.277474
0.453961
0.062028
-0.347118
0.106849
0.079568
0.326741
0.874023
-0.112356
0.021400
0.214316
-0.239880
-0.016751
-0.199644
0.149271
0.265460
1.214347
0.252060
0.613336
0.014359
0.025779
0.052396
-0.764186
0.010265
-0.069029
0.254929
0.045876
0.169996
0.009126
0.097059
-0.002167
0.056325
0.152638
0.425136
-0.028749
0.079333
0.010637
-0.401902
0.065149
0.148832
0.580633
0.345998
0.467869
0.504693
0.118466
-0.081268
0.245958
0.192330
0.568463
0.037074
0.009480
0.985288
0.111932
0.011686
0.262912
0.855023
0.185660
0.606832
-0.282509
-0.113349
0.464845
0.238812
0.082438
0.381890
-0.014140
0.053353
1.062403
0.049048
-0.092569
0.036023
0.140432
0.420776
0.078505
0.101918
0.521346
0.387198
-0.844598
-0.100091
0.024786
-0.032256
-0.283199
0.222426
-0.220562
-0.079661
0.210667
-0.155905
-0.709733
0.202261
-0.198418
-0.344004
-0.674218
0.516316
0.573907
0.277080
0.010384
0.773026
0.113157
0.070676
0.217597
0.575524
-0.097010
-0.139231
0.417590
-0.125021
0.137810
0.151074
0.042569
0.190830
0.341821
0.121061
-0.282893
0.085691
0.413688
0.531956
0.045865
0.056779
1.481711
0.182022
0.318917
1.239686
1.036751
0.433230
-0.280829
0.497988
0.053854
0.189948
1.030437
-0.482395
-0.036004
-0.022937
0.661369
0.367271
-0.279351
0.252744
-0.982710
0.442390
0.047356
0.366792
0.319557
0.305337
-0.228544
0.126905
-0.114714
0.220955
0.274903
0.084232
0.049165
-0.170755
-0.235837
0.235182
-0.061714
0.088058
-0.348798
0.116512
0.141382
0.361011
0.931053
0.647868
0.237172
-0.353778
0.542095
-0.053895
0.054493
0.184577
0.146537
0.221546
-0.108038
0.046086
0.299878
-0.204207
-0.023283
0.092437
1.143370
0.018167
0.158994
0.088609
0.096248
-0.517006
0.049211
0.283754
0.086897
-0.036193
0.404645
-0.229955
-0.368600
0.100312
-0.303539
0.399779
-0.080995
0.094812
-0.169859
0.209435
0.095418
-0.687268
0.636402
0.143592
0.485708
0.164837
-0.293786
0.287050
0.400666
0.194578
0.002250
0.778953
0.078638
0.324231
0.580689
0.128656
0.012971
0.728227
0.500004
0.038639
0.338132
-0.464479
0.586361
0.011187
0.178464
0.030393
-0.044613
0.209937
1.742818
0.070000
0.310894
-0.198126
0.898419
-0.079041
0.079071
-0.049836
0.079046
0.041455
0.104546
0.204364
0.359628
0.107220
-0.243134
0.520548
0.686834
0.119749
0.171475
0.115106
0.252662
0.194663
0.300955
0.392181
0.478124
-0.100785
0.538975
-0.060203
0.185689
0.228743
0.095783
0.153378
1.008874
0.782201
1.141313
0.011241
-0.305405
-0.084405
0.607514
0.295628
0.762652
-0.435022
-0.082149
0.241955
0.092338
1.147538
-0.127371
-0.103361
0.407046
0.002023
-0.622024
0.096145
0.054496
0.112535
0.078540
0.084099
0.321097
0.179807
-0.503197
0.428580
0.120304
-0.188442
0.041471
-0.019537
0.054463
0.032357
0.113629
-0.070158
-0.696096
-0.448468
0.004500
1.196076
0.061485
0.079093
0.434661
-0.280074
0.399113
0.430249
-0.018799
0.415436
0.074034
0.237733
-0.523680
-0.207050
-0.094134
0.319692
-0.216329
-0.034439
0.139963
0.356217
0.608005
0.591364
0.364318
0.037100
-0.011718
0.559063
0.142743
-0.441133
-0.000465
-0.019952
0.028571
0.340261
0.508693
0.128341
0.421393
0.019064
-0.076549
0.035580
0.159647
-1.133774
0.217452
0.105419
0.163305
0.382097
-0.827852
0.046202
0.158922
0.324001
-0.309540
1.028398
1.022473
0.034048
-0.049059
0.011812
0.651236
-0.598107
0.058128
0.682849
0.345327
1.151351
-0.148435
0.157747
0.996571
-1.129603
0.087371
-0.091446
0.333470
-0.054163
0.048242
-0.380942
0.137154
0.187445
-0.131567
1.075369
1.089095
0.087464
0.028346
0.968870
-0.016657
-0.346575
1.080177
0.247433
0.037760
0.642647
0.528255
0.054151
0.908027
0.162508
0.182660
-0.149914
0.200371
-0.383991
0.662861
0.203516
-1.092738
0.034657
0.083723
-0.863811
-0.160616
0.055413
-0.168080
0.031932
0.909231
-0.463446
0.060334
0.181551
0.044108
-0.270480
0.006748
-0.273682
0.413291
0.525250
1.049520
0.421357
0.562006
-0.068987
0.460036
0.121119
0.321876
-0.269040
-0.366399
-0.103240
0.026243
-0.216788
-0.155033
0.106388
0.795337
0.669607
1.518422
-0.004581
0.066111
-0.034963
0.381591
0.239848
0.620636
0.629407
0.650096
0.315479
-0.218559
0.151484
-0.210320
0.516151
0.328115
0.119302
0.394193
0.012805
-0.401092
0.066292
-0.319581
0.119442
0.446050
-0.126378
0.128326
0.170086
0.041126
-0.080759
0.280343
0.049437
0.239099
0.791547
0.261800
0.014048
0.856748
-0.021696
0.388610
0.139759
0.127670
0.314594
-0.034610
0.599725
-0.293551
0.083390
-0.625185
0.574399
0.256978
0.161863
0.015537
0.137459
0.496290
0.676092
0.463216
0.297971
0.095647
-0.217187
0.761023
-0.077783
0.009911
0.997647
0.646450
-0.009114
1.669904
-0.053514
-0.248038
0.573438
0.990737
0.837375
0.336603
0.226911
0.103328
-0.043853
1.268356
0.174780
0.597915
0.622856
1.458147
-0.092230
1.341609
0.767211
0.310263
0.250529
-0.419276
0.232658
0.552712
0.051726
0.018559
0.117871
1.676596
-0.295563
0.270061
-0.389814
-0.121149
0.647105
0.198326
-0.366580
0.117684
0.183338
0.494685
0.249111
0.942571
0.020005
0.365512
0.157117
-0.469131
-0.607738
0.869350
0.114704
-0.062710
0.915474
0.251576
1.734708
0.239334
0.478397
0.196870
0.313635
-0.021473
-0.160394
-0.408912
-0.271981
0.859502
-0.433821
0.728820
1.324293
0.629145
0.097589
0.938338
0.624978
0.307473
0.218298
-0.149532
0.849012
0.153830
0.179502
0.424680
0.560615
0.530858
-0.311883
-0.624555
0.006298
0.408366
0.107761
0.179177
0.166160
-0.495902
-0.166522
0.036672
0.064246
0.043577
0.642903
-0.054150
0.097234
0.009726
0.163801
0.076424
-0.070265
0.020370
-0.402552
-0.035999
0.239041
0.712837
0.549835
0.097390
0.357180
0.592880
0.471669
-0.058654
0.052840
0.010622
0.453929
0.197279
0.294441
-0.079416
0.015300
0.072946
0.236786
0.261728
0.030638
0.443122
0.370267
0.086730
-0.170191
0.101672
0.061775
0.311061
0.360303
0.048306
-0.549348
0.052095
0.384395
-1.435128
0.707818
0.163120
0.227292
0.156547
-0.077281
-0.127937
0.039942
0.086987
0.761133
-0.212151
0.112424
0.264865
0.106900
0.542107
0.480065
0.005253
0.392558
0.311014
0.020759
-0.668845
0.296769
0.197961
0.207277
-0.033006
0.019466
-0.311292
0.599558
0.594686
0.110468
0.454987
0.008931
0.165928
-0.078875
-0.009451
0.038425
-0.529913
0.143893
0.800909
-0.211226
0.487815
0.202436
0.001569
0.079001
0.436273
0.392545
0.317687
-0.204664
1.191803
0.061095
0.503950
0.136287
-0.451571
0.199119
-0.231503
0.127764
-0.434872
-0.040587
0.671808
-0.236935
0.838700
-0.751817
-0.023827
0.852633
0.331327
0.050650
-0.075376
0.911141
0.526888
0.173214
0.093720
0.045021
0.262886
0.034040
0.122276
0.155335
0.141804
0.844257
-0.176703
-0.128921
0.167354
0.068051
0.160931
-0.430197
-1.017658
-0.148188
0.684871
0.116487
0.021449
-0.091110
0.188935
-0.022769
0.366615
0.154861
-0.278397
0.623406
-0.028768
0.261500
0.850090
-0.083443
0.386931
0.221122
0.418828
-0.063446
0.057900
0.302735
-0.551350
0.199482
-0.179808
-0.284287
0.063360
1.067456
-0.045517
-0.492933
0.064522
-0.663853
0.106005
0.980406
0.423775
0.195526
0.021954
-0.048892
0.343348
0.474945
0.061572
0.952710
0.032745
0.751044
-0.137370
0.801230
0.089973
0.192245
0.304315
0.006840
0.884656
0.150899
-0.737218
-0.095068
0.092991
-0.182904
0.890300
-0.053988
0.124067
0.402655
0.072988
0.100259
0.738579
0.025490
0.104439
0.423654
0.597214
0.332128
0.358335
0.141831
-0.061472
-1.028542
0.132816
0.242944
-0.077934
1.367629
0.110145
0.116041
0.028739
-0.008091
0.264743
0.137717
0.382849
-0.161788
-0.006194
0.222276
-0.050971
0.404527
-0.017760
-0.691866
-0.078740
0.736840
0.745677
0.692449
0.078224
0.317375
1.022820
0.845075
0.050177
-0.150351
0.018058
-0.037798
0.202316
0.910431
0.077614
0.042833
0.521311
-0.097331
0.845619
-0.361822
0.055862
0.454552
0.901920
0.014993
0.357263
0.039583
0.011866
0.152573
-0.362061
1.086310
0.014322
0.037688
0.256701
0.401896
0.455528
1.005945
-0.270746
0.075846
-0.338241
-0.084116
0.043332
-0.014527
0.432438
-0.034034
0.042966
0.582969
0.486226
-0.846192
0.477697
-0.226094
-0.246971
0.111124
0.309751
0.134029
0.017044
0.157749
0.511500
0.525174
0.203213
0.400549
0.106258
0.320237
-0.003828
0.058314
-0.030480
0.285037
-0.211193
-0.713812
0.583599
-0.056378
0.695551
0.255764
0.488260
0.124151
-0.003247
0.179256
0.146337
-0.233511
0.223006
0.072299
0.147859
0.201566
0.215568
0.085592
0.160055
0.244805
0.559553
0.223341
0.871923
0.261455
1.325689
0.184252
0.233615
0.061146
0.058536
-0.401897
-0.052517
-0.949617
-0.120728
0.743335
0.800745
0.382230
0.371117
0.015405
0.062338
-0.050915
0.036420
0.436809
0.114573
-0.098962
0.183815
1.168569
-0.010200
-0.156334
-0.085396
0.156113
0.887636
0.417920
-0.033878
0.105322
-0.003035
0.407957
0.087974
-0.516031
0.478969
2.246251
0.870313
0.468877
-0.108139
0.750034
-0.570775
0.574182
0.253295
0.121825
1.303110
-0.092285
0.117374
-0.438048
0.942074
0.076262
0.020702
-0.164349
-0.056118
-0.012866
0.057542
0.325235
0.166772
0.192297
-0.249075
0.030296
1.164127
0.026442
-0.299322
1.094283
0.086637
0.076327
-0.031678
0.194840
-0.384930
-0.341167
-0.008121
-0.241005
0.096457
0.121389
0.197300
0.638367
0.045944
-0.613070
0.042874
0.879021
0.198432
0.066437
0.149365
1.031564
-0.076352
-0.329890
0.266133
-0.070057
0.040392
-0.073779
0.093504
0.131148
0.231066
0.148882
1.625734
0.109868
0.120127
-0.078839
0.255888
0.233635
0.660477
-0.232854
-0.318457
0.421826
0.265615
0.165183
0.086504
0.611231
0.145549
0.086395
0.196833
0.752316
0.689690
0.054498
-0.761065
0.164068
0.508073
-0.350007
-0.276063
-0.330856
0.457877
0.446486
-0.682266
-0.353638
0.392525
0.075588
0.299749
0.361596
0.001048
1.034901
0.274098
-0.753540
0.016202
-0.070427
0.764472
-0.430172
0.405337
-0.520348
-0.045283
0.140661
0.082588
0.154176
0.201511
0.759584
0.089736
-0.315954
0.257888
0.097565
0.309851
0.770597
0.122143
0.315030
-0.003500
0.165153
0.220082
-0.058738
0.096850
0.341628
0.382674
0.195741
-0.157682
0.046300
-0.322909
0.743171
-0.017687
0.083751
0.797102
0.235966
0.104584
0.220573
1.067142
0.468136
0.032173
0.092502
-0.918273
0.521832
-0.490740
0.318757
-0.690104
-0.464228
0.570483
0.177589
0.061804
-0.357989
-0.038030
0.423762
1.049893
0.304956
0.936586
-0.056717
0.189577
0.018869
-0.351912
0.204130
-0.216735
0.014859
0.001112
-0.063267
-0.025495
0.019893
-0.311701
0.253146
0.124324
0.066297
0.199555
0.531422
0.174277
0.502455
0.216481
0.752599
0.184352
0.799245
0.159441
0.391674
0.068745
0.018230
0.031148
0.162725
-0.009116
-0.424927
0.181714
-0.494612
0.070443
0.095553
0.237886
0.408284
-0.019995
0.078857
0.417739
0.025604
0.361794
0.164199
0.679279
0.476457
-0.264356
0.161904
1.047425
-1.020190
0.022704
0.100390
-0.282225
0.294486
0.399626
0.257230
0.483522
-0.045211
0.062940
0.337045
-0.015115
0.006527
-0.215626
0.089408
0.984154
0.027992
-0.269082
-0.092737
0.059405
0.327298
0.600512
-0.410644
-0.214422
0.455464
0.157537
0.733503
0.636975
-0.332874
-0.080106
0.026429
-0.093524
-0.084168
0.339240
0.267675
0.008735
0.091909
0.320943
0.575560
0.080397
0.066186
0.010461
0.535101
-0.225041
0.020580
0.374778
-0.070921
0.381844
-0.156320
0.046950
0.189045
-0.341217
0.264931
0.439135
0.546407
0.007964
0.028601
0.013675
0.117239
0.415835
-0.213379
0.108589
-0.105981
-0.024420
-0.482121
-0.215331
0.211031
0.004347
-1.505445
0.578116
0.123317
0.033178
0.736347
0.042105
0.030791
0.351064
0.059737
0.876975
0.245071
-0.278402
-0.034187
0.119999
0.337089
-0.024356
0.351219
0.571015
0.480729
0.342726
0.036938
0.348627
-1.354224
0.397959
-0.008239
-0.048864
0.104218
0.726554
0.233093
1.061766
0.353059
0.335729
0.086539
-0.240589
-0.539970
0.763770
-0.345615
-0.121496
0.929053
0.026480
0.995772
1.089598
0.001439
-0.748182
0.284902
0.223517
-0.138361
0.040056
0.389630
0.185392
0.303067
-0.578829
0.057909
0.689243
0.349925
-0.227931
0.085922
-0.371207
0.103602
0.058923
-0.212914
0.022251
0.170177
0.088197
-0.113470
0.111509
0.047813
-0.139118
0.177195
0.028834
-0.945764
-0.610388
-0.127548
0.097756
0.019982
0.681226
0.272463
0.637807
0.266625
-0.546902
0.545261
0.235413
-0.000488
-0.015816
0.055909
0.283280
-0.206497
0.025929
-0.134946
0.146310
0.015501
1.069843
-0.348181
0.451223
1.071509
0.736816
-0.837515
0.204791
1.170775
0.371717
-0.012179
-0.267530
-0.020229
0.246700
0.161830
0.044732
1.544455
0.399181
-0.506013
0.112163
-0.347894
1.766362
-0.053794
0.270653
-0.508886
0.310120
-0.298431
-0.038737
0.604448
0.023656
0.512210
0.111534
0.521085
-0.013710
-0.276328
0.285144
0.794003
-0.207427
-0.157896
0.711514
0.870999
0.144159
0.502265
0.296862
0.557622
-0.000081
0.302432
0.107865
1.034393
0.032523
-0.198383
0.187672
-0.158771
0.050034
-0.030182
-0.437550
0.014642
0.105618
0.007609
0.329035
0.049580
-0.523237
0.087579
0.016176
-1.122423
0.493424
-0.003393
0.018984
-0.173004
-0.259986
-0.027464
0.126295
1.163698
-0.010977
-0.339379
0.050841
0.306491
0.430336
0.485163
-0.163506
0.175128
0.114072
-0.234848
0.454496
0.086887
0.407607
0.092125
0.035630
0.092102
0.098744
0.625957
-1.160005
0.556683
0.340122
-1.039303
-0.522870
0.260621
0.290369
-0.099019
-0.039972
-0.131167
0.049638
0.056424
-0.804400
0.474013
-0.189884
0.038448
0.259699
0.163318
0.417985
0.127956
0.028944
0.219902
-0.016923
-0.199827
-0.026712
-0.184086
-0.273205
0.319242
0.183223
0.305640
0.102846
0.241578
1.083608
0.812858
0.314719
1.223260
0.023601
0.143252
0.366483
0.271476
0.235758
-0.210846
-0.216406
0.380080
0.416148
-0.238726
-0.005819
0.559916
0.111666
0.396687
-1.214175
0.045980
0.233067
0.315322
0.213398
-0.651367
1.198275
0.870609
0.177232
0.020688
0.004911
0.060520
0.922341
0.645541
-0.410621
0.141412
-0.370323
1.245274
0.530949
0.082597
0.039205
0.133008
0.309835
0.010973
1.064656
0.047359
0.266478
0.683374
0.343854
-0.008812
0.089702
-0.183730
0.200435
-0.020891
-0.363862
-0.375711
0.058088
0.768346
-0.090509
0.938881
0.386939
0.510447
0.508897
0.232365
-0.806684
0.542260
-0.040469
0.146450
0.029680
-0.015647
0.104836
0.670686
0.160616
0.060911
0.049182
0.363740
-0.058655
0.363429
0.860337
-0.623710
0.067333
0.405192
0.095315
0.030645
0.214399
-0.249141
0.269617
-0.317115
-0.209073
0.240950
1.274694
0.127168
0.169115
0.104074
0.046461
-0.343639
0.169602
0.029304
-0.027353
0.025762
0.206040
0.029062
-0.125751
0.101388
0.177279
-0.135859
0.324476
0.477750
0.043985
0.309922
0.171699
1.636886
0.200974
-0.495289
-0.000225
-0.020601
-0.750019
-0.617715
0.726939
1.009548
-0.131418
0.053835
1.136559
0.151324
-0.141885
0.308454
0.006663
0.101567
-0.395499
-0.152937
1.052968
-0.017125
1.105101
0.379870
0.186718
0.403345
0.259819
-0.005014
0.512394
-0.200407
-0.381276
0.246758
0.649094
0.048883
-0.148460
-0.020300
1.038271
0.255555
0.036517
0.238285
0.251866
-0.804496
0.028957
0.104024
0.380598
-0.289327
0.279962
0.211918
0.119844
0.090219
0.961534
0.620865
-0.641329
-0.012907
-0.192739
0.624220
-0.340972
0.215451
0.142578
0.076831
-0.286145
0.186087
0.314275
-0.448123
0.248862
-0.026749
0.136866
-0.051201
0.647615
0.855680
0.245299
-0.036527
-0.307735
0.207288
0.432640
0.400047
-0.206514
0.352118
0.379398
-0.412983
0.066030
0.152280
0.046924
0.036148
0.049072
0.194024
-0.442297
0.012026
0.043270
0.521761
0.908772
0.455335
-0.923525
0.546707
0.213886
0.226308
0.109711
0.077140
0.383493
-0.248870
0.166605
0.454019
-0.144503
-0.011283
0.554858
1.053644
0.120586
0.583015
0.613785
0.179868
0.331117
0.260452
1.815231
0.050423
0.380996
0.169129
0.071354
0.017157
0.190190
0.916126
0.215737
0.361242
-0.135340
0.322158
1.027475
0.274660
0.206185
0.079619
0.004536
0.614132
0.029173
-0.239536
0.112802
0.118632
-0.707893
-0.256912
0.153139
0.735316
0.524248
0.041510
0.243228
0.031490
0.106460
0.027668
0.059689
1.147975
-0.552583
0.007795
0.473691
-0.009956
1.175319
0.128862
-0.265314
0.191149
-0.501728
0.120875
0.094860
0.156725
0.146270
0.223232
0.240892
0.960469
0.377251
1.551950
-0.948514
0.390154
0.020935
-0.221595
0.608337
0.965421
0.194512
-0.071329
0.070714
-0.200613
0.379786
0.169736
0.029125
0.004565
0.102227
0.012371
0.325047
0.211382
0.324455
-0.210796
0.486781
0.052248
-0.338542
0.065228
-0.825928
0.093810
0.002074
0.082801
0.664166
0.060777
0.363721
0.089107
0.037326
0.360785
0.000834
0.099815
0.101452
0.083293
0.355655
-0.180437
0.205250
0.035618
0.297377
0.286427
-0.084216
-0.465590
0.530484
-0.376412
0.534182
-0.471569
0.139227
-0.166561
-0.019615
-0.320923
-0.019157
-0.023171
-0.500466
0.120020
0.204576
-0.001493
0.201513
0.127416
-0.254873
0.230649
-0.116937
0.019428
0.548663
0.102493
-0.122897
0.057313
0.058223
0.059821
-0.195049
0.020338
-0.048205
0.480288
0.071416
0.081951
0.172616
-0.646315
0.456095
-0.685930
-0.823059
0.077444
-0.165763
0.064115
-0.190344
-0.166096
0.236525
0.806632
0.504991
-0.214687
-0.109892
0.082339
0.596688
-0.632182
-0.172126
0.120592
0.024182
0.423523
0.672398
1.881438
0.097512
0.367167
0.080942
0.369963
0.480008
0.318091
0.038346
0.195819
-0.111367
-0.137935
1.508485
0.768394
1.131462
-0.760321
0.732138
-0.068960
-0.570067
0.396113
0.036462
0.100342
0.460933
0.024492
-0.092436
0.033892
0.234983
0.162095
-0.381759
0.207008
0.336869
1.378231
0.640907
0.181587
0.303928
2.092457
0.122540
0.008355
0.021084
0.727523
-0.084744
-0.214704
-0.302154
0.104805
-0.531128
0.683733
-0.023288
0.161615
1.066186
-0.059137
-0.412810
-0.915262
0.384276
-0.091230
0.574492
0.267392
0.406311
0.281388
0.306070
0.498597
0.223213
-0.019491
-0.084033
-0.982269
0.106952
-0.515120
0.118452
-0.195658
0.418559
0.578657
0.227926
0.085022
0.072625
0.483821
-0.062414
0.063142
0.112521
-0.278481
0.459228
0.065324
-0.360495
1.115416
0.332713
0.033264
-0.238104
-0.167963
-0.191762
-0.234588
-1.239463
-0.069464
-1.401395
1.124451
0.515787
-0.489047
0.119129
-0.694760
-1.069265
0.164662
0.313857
-0.179044
0.336331
0.088534
0.246073
0.156288
-0.540847
0.189834
-0.365829
0.030438
0.030730
0.535655
0.132146
0.365927
0.855648
0.210684
-0.064921
0.158850
0.927984
0.374332
0.782914
0.200526
1.178902
-0.116940
-0.074953
-0.060758
-0.441080
0.065094
0.206315
0.126695
0.328068
-0.108894
0.380581
0.197553
-0.181278
0.787346
0.763611
0.243132
0.120766
-0.054452
0.631033
0.712129
0.254127
0.559652
0.046492
-0.269698
0.236316
-0.064331
-0.155469
0.487584
0.692348
0.012854
-0.672681
1.289491
0.474576
0.027661
-0.175330
0.217304
0.396528
0.195142
0.106444
0.498717
0.032127
0.065965
0.069596
0.698563
0.156149
-0.147852
-0.092727
0.545999
0.037685
-0.032924
0.250684
0.128202
-0.459382
0.030260
-0.075754
0.339034
-0.106384
0.062935
0.284762
0.039045
0.733306
0.233269
0.044773
0.486924
0.673571
-0.328876
0.440319
-0.948502
-0.033792
-0.014433
0.610944
0.090843
0.010801
-0.072720
-0.118306
0.486421
0.131287
0.654049
-0.397297
0.074584
-0.000673
-0.372150
-1.145393
-0.122903
0.023429
-0.267430
0.110631
0.188755
-0.429210
0.092874
0.477560
0.031760
0.304315
0.146012
0.493260
1.159573
0.617812
-0.002659
0.073673
0.898869
0.305451
0.307832
0.046709
-0.309773
-0.568050
0.813850
0.261763
0.207992
0.625189
-0.552562
0.897780
-0.612004
0.025662
0.041269
-0.166909
0.240147
0.581122
0.045020
0.215949
-1.086798
0.233064
-0.142645
-0.024439
0.054618
-0.917990
0.059136
0.332415
0.406015
0.027619
0.042500
-0.241726
0.423103
0.506570
0.478766
0.413085
0.323847
0.092730
-0.012421
-0.662902
-0.716880
-0.174340
-0.564063
-0.554631
0.175224
0.778196
-0.279639
0.178001
-0.221384
0.121697
-0.493105
0.181192
0.058190
-0.021063
-0.482123
0.045022
0.586681
-0.039469
0.126873
0.009088
0.402521
0.506543
-0.125831
0.792443
-0.862959
0.008784
-0.661652
-0.162234
0.397740
0.390418
0.369776
0.175008
0.050815
0.295589
-0.405917
-0.022851
0.243919
-0.115395
0.238153
1.322317
0.478600
0.289805
0.242146
-0.013307
0.555577
0.079965
-0.117332
0.494821
-0.009807
0.202880
1.572859
0.526563
-0.092453
0.352244
0.378470
0.516773
0.207133
0.361091
0.169621
0.472432
0.130193
0.013410
0.019245
0.019741
0.100948
-0.015740
-0.414465
0.899635
0.058034
0.161561
0.458275
0.152911
0.870303
-0.001179
-0.241817
0.697932
-0.391969
0.012835
0.000283
-0.138805
1.645540
0.159655
0.165028
0.322173
-0.255864
0.052443
-0.094684
0.319417
0.766876
-0.638610
0.026895
0.889217
-0.158921
0.326488
0.062861
0.261741
-0.176483
0.187333
0.264245
0.267224
0.620467
-0.038012
0.143045
-0.259161
0.554036
-0.002342
0.000886
0.048686
0.599537
-0.237480
-0.215236
0.156318
-0.414774
-0.025045
0.254797
0.176551
0.773367
-0.809066
0.452445
0.343913
0.504488
0.465786
0.429754
0.361428
0.047967
0.003939
0.042611
0.089070
-0.002095
0.032092
0.737739
-0.238302
0.491138
0.500887
0.045954
0.262429
0.134530
0.119634
0.345038
-0.036489
-0.006595
-0.688469
-0.120155
0.098697
0.403665
-0.738127
0.576769
0.164058
0.021774
0.232726
0.488405
0.299921
-0.064144
0.059148
-0.270965
-0.363028
1.645822
-0.071075
2.423343
-0.198324
0.218475
0.004324
0.325152
0.207514
0.062717
0.440074
0.801664
0.082519
0.005082
0.087129
0.298441
0.263898
0.141531
0.024183
0.191761
0.037432
0.506999
-0.082903
1.330313
0.245761
0.145092
1.563183
0.074718
0.302947
0.027566
0.152704
-0.460004
-0.005316
0.670217
0.094272
0.292308
0.302967
0.011667
0.021930
0.155997
0.555436
-0.113423
0.006028
0.339195
0.001759
-0.534710
0.383559
-0.379530
0.732238
0.303377
-0.110567
0.900668
-0.031729
-1.123612
0.211067
0.391799
-0.183687
0.753989
-0.273684
0.599287
0.510692
0.064374
-0.242552
0.062066
0.449930
0.394556
0.540755
0.057241
1.548809
0.215375
1.441794
-0.182743
0.844776
0.008061
0.035979
0.178422
0.198254
0.349501
0.491667
0.104048
0.352929
1.319547
-0.018201
0.306712
0.164483
0.009127
-0.262124
0.725776
0.235338
-0.317070
0.494472
0.061749
-0.344738
0.329155
0.012462
0.305954
0.092410
0.234578
0.084003
-0.041855
0.356853
0.468136
0.409051
0.779634
0.093654
0.031065
0.190932
-0.183332
0.306093
-0.287110
-1.575279
0.092113
0.452591
-0.317268
0.423438
0.065664
0.098917
0.139509
-0.606896
0.120074
0.417324
0.142317
0.710339
0.342065
0.668490
0.371365
0.041478
0.127740
-0.189145
-0.169603
0.141319
0.097488
0.079180
0.031025
0.009966
0.060523
-0.916736
-0.261779
0.094149
0.581014
0.738525
-0.445600
0.371025
0.035164
0.057080
0.527941
0.527919
0.227445
0.025928
-0.411399
0.040606
0.148079
0.293638
0.559731
0.154898
-1.121271
-0.599303
0.718514
0.703290
0.324998
0.251765
0.123871
0.192247
0.003326
-0.136948
0.162261
0.184755
0.052217
0.731388
0.529638
0.269718
0.004622
0.003016
0.471467
0.329447
-1.046474
0.482481
0.007994
-0.483215
0.364745
-0.113943
0.989849
0.513325
0.020840
0.041643
0.011965
0.025519
0.098673
0.186912
0.792841
0.233539
0.030566
0.082720
0.027906
0.671983
0.383522
0.016982
-0.289226
0.054811
0.676897
0.714572
0.429655
0.062110
-0.188337
0.072231
0.142923
0.600912
-0.315789
0.053632
0.122161
0.434458
-0.060714
0.161148
-0.583567
-0.091227
0.354076
0.389893
1.274340
1.062829
0.061107
-0.058368
-0.096057
0.713283
0.000355
0.075771
-0.040650
1.213755
-0.152137
0.099766
0.426093
0.932493
-0.254650
-0.057366
-0.209313
0.454379
0.008083
0.019623
-0.150220
0.206108
1.358862
-0.111913
-0.202587
0.361982
-0.603095
-0.078299
0.805387
-0.088230
-0.240008
0.017696
0.128101
0.523401
0.067793
0.536757
-0.070138
-0.303297
0.038130
-0.042932
1.377511
1.260814
0.118861
0.308829
0.007831
0.327544
0.617465
0.356094
-0.072805
0.093048
1.531566
0.497839
0.186450
0.564396
0.007480
0.350758
-0.278326
-0.005266
0.243367
-0.022687
0.087004
-0.187291
-0.009729
0.028175
-1.020667
0.638437
0.353025
1.910629
0.102864
0.432409
0.464722
0.112294
-0.113184
0.866074
0.152729
0.052556
0.082538
0.135726
0.274782
0.672522
0.261828
1.028837
0.095307
0.167695
0.262127
0.023808
0.367977
0.077652
-0.151696
0.251275
0.548289
0.043486
-0.017823
0.383078
0.755150
0.495760
0.469555
0.098733
0.372826
-0.132380
0.031523
0.523586
-0.018833
-0.017137
0.270243
0.752267
0.226741
0.129755
0.292768
0.873261
0.027718
1.001464
-0.642958
0.082343
0.229772
-0.631763
0.035504
0.172365
1.075928
0.030239
0.124104
0.174099
-0.145123
0.189624
-0.414122
0.031032
0.231876
0.192430
1.118089
-0.730996
-0.377379
0.035416
0.064784
-0.013280
1.239305
0.193790
0.687310
-0.390073
-0.673898
0.497616
0.364668
0.039467
-0.096429
-0.111609
0.146209
0.593725
0.623002
-0.016931
0.348591
0.531972
0.023344
0.996188
0.989452
0.416851
-0.087546
0.366830
0.099155
1.461146
0.668937
0.161154
-0.246636
0.099968
-0.092771
1.137725
-0.012682
0.357740
0.034388
0.068348
0.047428
-0.447506
0.357936
0.291148
0.253295
-0.037406
-0.032398
0.077127
0.797665
0.179389
0.118139
0.484910
-0.442577
0.709725
0.390833
0.669821
0.059811
0.830722
0.322580
1.005259
0.138574
-0.021490
0.038252
0.055669
0.141022
0.114240
0.036091
0.440344
-0.018571
0.171694
0.034715
-0.506200
0.049044
0.634454
0.134268
-0.025102
-0.461704
1.753557
0.080717
0.052885
-1.941833
0.390356
0.490414
-0.079443
0.037510
0.188340
0.104191
0.309234
0.656777
0.689644
0.010686
-0.171456
0.401513
0.152850
-0.767867
0.308418
0.569572
0.240953
0.028206
0.042574
0.225878
0.277878
0.585839
0.284844
0.023582
0.183338
-0.551182
0.296753
0.473704
0.634669
0.604809
-0.143838
0.134286
0.385372
-0.383835
-0.343367
-0.278570
0.094218
-0.003639
-0.106838
0.046249
0.393176
0.179693
-0.197458
0.022027
1.113682
0.104251
0.248290
0.174483
-0.012235
0.144242
0.025274
0.014471
0.312784
0.830311
-0.198649
0.087612
0.040336
-0.478117
0.554627
0.163716
0.016788
0.538530
0.071759
0.146947
0.585303
0.048146
0.017297
0.034147
0.216693
0.083133
0.170636
0.806221
0.367742
-0.204009
0.028545
-0.179133
0.333232
-0.095140
-0.493037
0.067484
0.653832
0.888122
0.070738
0.372851
-0.128660
0.948435
0.157736
0.865662
0.247169
0.490364
0.628301
-0.582590
-0.381904
0.021016
-0.035765
0.512860
0.714974
0.786290
-0.359867
0.250518
0.158544
0.047268
0.246478
0.313628
0.302392
-0.267278
-0.416232
-0.459214
0.227548
-0.019385
0.895906
0.591799
-0.133221
0.014206
0.065150
-0.011919
0.180406
-0.063117
0.015724
-0.261793
-0.012814
0.367179
-0.001126
-0.101618
0.275521
-0.264832
0.340683
-0.038734
0.670922
-0.021082
0.099502
0.445811
-0.552829
-0.030610
0.039344
0.046573
0.496557
-0.077768
0.071929
0.035789
0.415713
0.144199
-0.106620
0.138500
0.323416
0.363200
0.204990
0.005973
0.594241
0.198299
0.062846
-0.021405
-0.308613
0.424459
0.350943
0.192675
-0.068266
0.258557
-0.028378
0.367738
-0.100249
-0.859352
0.706457
0.365043
-1.579405
0.931604
0.136069
-0.055113
0.043822
-0.304364
0.534866
0.628711
0.217654
0.206177
0.352070
0.036432
-0.034224
0.551770
0.054340
-0.333677
0.174941
0.009463
-0.458910
0.017474
-0.264526
1.013472
-0.866164
0.712274
-0.334454
-0.610017
0.037560
0.200706
0.274054
0.044219
0.560839
0.613274
0.151590
-0.156038
-0.026458
0.165118
1.279588
-0.048315
0.978232
0.165136
0.132392
-0.081750
0.077865
0.030822
-0.158077
-0.036068
0.079619
-0.093881
-0.044034
0.049256
0.189746
0.840044
0.323052
1.033292
0.002795
1.305315
0.299950
0.616777
0.032013
-0.686226
1.241085
0.152847
-0.059232
0.627543
0.151785
0.246004
0.144221
-0.442019
0.478166
0.325876
-0.882918
0.733315
0.664148
-0.579613
-0.062076
0.062035
0.119540
-0.134875
0.360115
0.538006
0.213850
0.067081
0.532360
0.532437
0.026951
-0.539988
0.210875
0.251536
0.542217
0.218705
-0.161326
0.149033
-0.156610
-0.765738
0.474020
1.449116
0.195659
0.229430
0.017317
0.094597
0.090739
0.545278
0.101281
-0.007085
-0.001478
-0.142953
0.001500
-0.168733
-0.185858
0.618116
0.248341
0.080352
-0.372906
0.112568
0.510005
0.168872
-0.001110
0.118469
-0.043995
1.053199
0.427677
0.372419
0.429778
0.457281
-0.466251
0.115273
-0.199936
0.816164
0.013439
0.239505
0.013115
0.972386
0.111865
0.337045
0.047312
1.143762
0.365603
-0.829127
0.022748
0.153472
0.039787
0.312877
0.051670
-0.640665
0.388735
-0.061807
0.219331
1.070354
0.357249
0.473110
0.386197
0.396017
0.163403
-0.011035
0.001280
-0.056800
-0.437489
-0.218358
0.129090
0.467640
0.651056
-0.017875
-0.014217
-0.229639
-0.180312
1.063028
-0.269220
-0.009216
0.555840
0.059812
0.052900
0.143946
0.484185
0.054486
0.090672
-0.011538
0.055033
-0.452859
0.732803
0.196197
-0.017487
0.003369
-0.266862
-0.042510
0.130199
0.157577
0.033284
-0.267096
0.004292
0.736424
0.412046
-0.563096
-0.185166
0.132658
0.287943
0.100758
-0.350711
0.020505
-0.205234
0.116047
-0.301667
0.042165
-0.252592
0.654815
-0.155953
0.890174
0.242015
0.038877
0.128573
-0.453649
-0.341948
0.018674
0.084799
0.197894
1.402525
0.044756
-0.575431
0.137652
0.001965
-0.252846
0.000893
0.509504
0.014323
-0.273200
-0.721654
-0.129645
-0.464305
-0.145710
0.134690
1.241223
0.667450
0.024862
-0.035263
-0.388268
1.016741
0.349060
-0.061874
-0.018963
1.619894
1.428989
0.052606
-0.726181
0.115075
0.188179
0.036286
0.857513
-0.139410
0.604368
-0.292374
0.479970
0.070467
0.552473
0.065568
-0.409958
0.259439
0.293635
0.038159
-0.036836
-0.272629
0.193129
0.458517
0.681553
0.451333
-0.054675
0.883565
0.156375
0.685547
0.804331
0.176844
0.499841
0.995623
0.312385
0.305789
-0.328356
0.306018
0.236498
0.019083
0.637652
0.273934
0.171414
-0.601742
0.023478
-0.211266
0.481632
0.130951
0.086283
-0.254165
0.025781
0.439470
0.031341
0.602937
0.008377
0.026908
0.280120
0.226483
1.971590
-0.477247
0.181032
-0.031987
0.048751
-0.287074
0.786521
-0.469581
0.096515
0.312397
-0.033801
0.545901
0.114698
0.076145
0.692589
-0.044517
-0.227204
0.042271
-0.148705
0.852632
-0.141243
0.645008
-0.014671
0.087175
0.753048
0.062602
1.625478
-0.070943
-0.193231
-0.171053
-0.085490
-0.499349
0.077102
-0.120769
-0.074642
0.011201
0.580820
-0.160127
-0.337096
0.305199
-0.033496
1.227685
0.797252
-0.328339
-0.107388
-0.558445
0.235054
0.403357
0.394811
0.056959
1.038458
0.017335
-0.885923
0.019202
0.263354
0.017331
-0.417605
-0.059356
-0.054250
0.767842
-0.782192
1.332537
0.285573
0.394820
0.034817
0.038953
0.182079
-0.082362
0.673143
0.166650
0.064109
-0.014968
0.455364
1.232987
0.358766
0.377186
0.262198
-0.611078
0.428820
-0.065438
0.136193
0.341720
0.052726
-0.000753
-0.753670
-0.217612
0.640094
-0.338838
0.181855
-0.381977
0.183690
-0.974021
0.061445
0.103364
0.002006
0.244621
0.008395
0.163770
1.314701
0.108538
0.223045
0.135784
0.596682
0.634501
-0.201780
0.083929
0.081734
-0.012632
0.100155
-0.458602
-0.035632
-0.143850
0.047659
0.612715
0.064792
0.044828
0.728166
-0.038972
0.340958
0.297530
0.069198
0.303846
0.014426
0.331685
0.359060
0.024706
0.002850
0.162795
0.298167
0.325108
0.267829
0.025355
0.058721
0.069786
0.147539
0.124573
0.233800
0.106481
0.028590
0.076509
0.148095
0.173880
0.001678
0.432423
0.027541
0.223080
-0.457719
0.203982
0.507189
0.324833
0.700913
-0.133051
-1.003790
0.154801
0.059183
0.415624
0.248691
0.624785
0.275686
0.682716
-0.138571
0.412880
0.114692
0.916333
-0.513252
-1.332509
0.053244
-0.096582
0.370301
0.334826
-0.061555
0.035810
-0.140815
0.046603
0.281473
0.513417
0.063768
-0.207951
0.111746
0.261089
0.543920
0.246414
-0.129052
0.010352
0.008693
0.112964
0.563946
0.969123
1.353634
0.059427
0.369078
0.110394
0.255181
0.217111
-0.099059
0.128326
0.114334
0.276991
-0.347433
1.163559
0.026227
-0.045149
0.133762
0.000371
0.568174
-0.506987
0.566247
-0.893668
0.376821
-0.140543
-0.325929
0.820870
0.456725
-0.361820
-0.276633
0.210681
-0.622424
-0.336072
0.688418
-0.527775
0.029812
0.025709
-1.035388
-0.261505
0.192554
0.118471
0.350062
0.252725
0.178576
-0.103112
-0.152327
-0.145987
-0.122478
-0.334350
0.104914
0.222363
-0.148100
0.383731
0.751240
0.031998
0.550816
0.074511
-0.383206
0.195688
-0.195503
0.030235
-1.080529
1.272893
-0.084165
0.818492
-0.751375
-0.075687
0.197541
-0.199479
0.439224
-0.202146
-0.567985
0.692106
-0.304484
0.209025
-0.172090
0.300409
0.086768
0.341083
-0.474516
0.017554
-0.135860
-0.084488
0.194110
-0.270855
0.146261
0.878452
0.647360
0.118153
0.000692
0.041320
0.065180
-0.264551
0.032059
0.054951
0.032351
0.044018
-0.238081
0.209242
0.291549
0.108714
-0.284975
-0.442328
0.096507
0.252427
0.724040
0.443401
-0.164472
-0.109514
0.070828
-0.104210
0.292732
-1.075534
0.131547
0.121761
-0.263955
-0.172618
1.626040
0.483793
0.188895
0.151083
-0.479919
-0.233274
0.171331
0.049608
1.166826
0.020527
0.399299
0.205843
-0.707299
0.047276
0.070432
-0.006134
-0.100728
-0.449323
0.049841
-0.469899
1.165912
0.169047
-0.334033
1.245730
0.120666
-0.288958
-0.258881
-0.345969
-0.266606
0.287543
0.495971
-0.057545
0.200669
0.067534
0.621587
0.133030
0.047473
0.563380
0.253667
0.005771
-0.250810
-0.559120
-0.408910
0.215986
-0.548560
0.016110
0.358849
0.258591
0.435538
0.241598
-0.085984
0.706314
0.490172
-0.757585
0.356120
