0.157913
-0.672818
0.229030
0.692075
0.812153
0.237170
0.173938
0.201949
0.233854
0.764865
0.240642
1.186986
0.218919
0.235278
0.231652
-0.107192
0.214562
-0.139933
0.900963
-0.373576
0.187277
0.704314
-0.216910
-0.653405
1.150822
0.246696
0.253867
-0.611233
-0.693531
-0.061436
0.195003
0.223937
0.245848
1.187187
1.227878
0.175273
-0.024562
0.248559
-0.306555
0.214556
0.220753
0.617309
0.608521
-0.578566
0.232019
0.282381
1.120579
0.190820
-0.079336
0.204206
0.223367
0.238130
0.436038
0.222935
0.220606
0.227073
0.813252
-0.717522
0.236308
0.240906
0.224132
0.837792
0.220988
0.810002
0.239799
0.823121
0.020860
0.231780
-0.577330
0.616086
1.180410
1.209363
0.230301
0.541171
0.822103
-0.670281
0.445704
-0.226056
0.237293
0.250054
0.216533
0.213006
0.437505
0.051038
0.198962
0.244585
0.168461
0.387090
0.237960
-0.584784
0.220693
0.230023
0.195748
0.580808
-0.105580
0.212896
0.273087
-0.775403
0.283759
0.254499
0.214260
1.184515
0.120729
1.142684
-0.084520
0.633539
0.264922
-0.136727
-0.599108
0.943685
0.447906
0.242848
-0.321217
1.008627
0.242099
0.210276
0.225199
0.237970
0.725058
0.200816
-0.131955
0.213659
-0.747513
0.224940
0.224560
0.214894
0.813215
0.634956
-0.365219
-0.239776
0.132438
0.243198
0.213297
0.526847
0.269021
0.250325
0.250347
1.136580
0.203940
0.218235
-0.493961
0.202294
0.737289
0.166184
0.229025
-0.733606
0.157778
0.700490
0.575754
0.235103
0.217880
-0.667359
0.159390
0.410214
-0.339476
0.883069
0.302631
1.003399
0.221985
-0.025441
0.173727
0.247655
0.239625
0.090835
1.027633
0.668402
0.218059
0.234702
0.235072
0.197751
0.216229
0.241874
-0.104386
0.854899
0.232694
-0.530146
0.231459
0.223206
0.167655
0.227110
0.235790
-0.637261
0.207512
0.227956
0.217935
0.096529
-0.307118
0.229561
1.146061
0.274004
-0.516158
-0.343811
0.240424
0.215986
-0.643430
0.974073
0.226477
0.198682
0.602680
0.235410
0.847057
0.803332
0.271129
0.210718
0.235754
-0.562574
-0.626868
0.214567
0.205126
-0.177225
0.201980
-0.680007
0.237167
0.523857
0.221544
0.024826
0.233773
0.224726
0.202841
0.308786
0.221689
0.173690
0.252796
0.208206
0.445937
0.259868
0.215083
0.218419
1.278229
-0.759813
0.843318
0.237055
-0.160305
-0.618057
0.254177
0.453248
0.197063
0.247502
0.251345
0.198949
0.243137
-0.178170
-0.273156
0.228712
0.232166
0.253698
0.223925
0.195569
0.245253
0.628208
-0.047665
0.212650
0.238448
0.244721
0.213769
0.211614
0.219271
0.225386
1.317068
0.184627
-0.272577
-0.790649
0.239342
0.227468
-0.047823
0.261881
0.244961
0.429723
0.183449
0.858175
0.203610
-0.731427
-0.033494
0.653893
0.765426
-0.109360
0.264372
-0.790435
0.743165
-0.690318
0.251483
0.675336
0.209197
0.194181
-0.279353
0.230030
0.218030
0.111952
-0.154522
0.201322
0.233998
-0.438432
0.289274
0.318648
0.078271
0.145877
0.217852
0.198391
-0.574777
0.040620
0.192574
0.633009
0.250867
0.219607
0.211111
0.430490
0.124112
0.991870
-0.136751
-0.582303
-0.225074
0.743706
0.256313
0.192424
0.261652
1.211257
0.265567
1.182977
0.623335
-0.676039
0.205682
0.233337
-0.322642
0.201493
0.250427
0.153345
0.858557
0.190104
-0.661290
0.236513
-0.589760
0.242740
0.934942
0.277051
0.214859
0.200449
0.257830
0.249704
0.765687
0.225772
-0.460934
0.251137
0.228842
-0.654971
0.255270
-0.059663
-0.430918
0.702502
0.265968
-0.758914
0.259177
0.808966
0.240694
-0.747358
0.208643
-0.781081
0.266177
0.762943
-0.760145
0.539134
-0.717981
-0.707653
0.278859
-0.448826
-0.305309
0.199189
-0.583025
0.245936
0.231509
0.172128
0.245446
-0.135770
0.618978
-0.156278
0.744692
0.244414
0.238552
0.239060
0.047975
0.214451
-0.379525
0.078314
0.247989
0.209956
0.583334
0.247805
0.235395
0.794571
0.459513
0.646704
0.201393
0.248233
0.236502
0.244725
0.226460
-0.100190
0.376129
-0.619183
0.773826
0.417769
0.212729
-0.609997
-0.366396
-0.731524
0.209355
0.227276
0.282385
0.236537
0.270447
0.226089
-0.053161
0.218054
0.221977
0.229603
1.197164
0.217577
0.256115
-0.416910
-0.733606
0.770902
0.843719
0.731255
0.268758
0.234929
0.218314
0.203238
0.248948
0.267723
0.213914
0.221219
-0.334943
-0.684249
0.215190
-0.724025
-0.615875
0.225366
-0.160340
0.633392
0.064595
0.132909
0.117964
1.144696
-0.123451
0.224308
0.634399
0.229664
0.223136
0.209334
0.242584
1.256726
-0.583591
-0.104844
-0.775537
-0.706534
-0.756833
-0.224365
0.231881
0.208181
0.258174
0.269372
0.202225
0.671338
-0.674773
0.221510
0.580279
0.047502
-0.705270
0.259964
-0.432913
0.245211
-0.570852
0.283711
-0.553454
0.235575
0.227593
-0.380380
0.261699
1.206210
0.204426
0.235818
0.224904
0.538818
0.243806
-0.705823
0.209106
0.228748
0.231126
0.081551
0.259425
0.241665
-0.726155
-0.772236
0.222211
0.243531
-0.659346
0.346004
0.228003
1.105174
-0.737451
0.251210
0.183489
0.210238
0.245100
-0.710594
-0.739429
-0.232379
0.223237
1.037765
0.229111
0.611280
0.822785
0.193406
0.233736
0.203712
-0.753127
-0.680386
-0.018996
0.252510
-0.711300
-0.583531
0.221684
-0.375592
0.229238
0.247540
0.211322
0.218989
0.234883
0.234789
-0.121754
-0.099139
0.234469
0.212524
-0.175972
0.239040
-0.152762
0.189146
0.560365
0.239959
0.253668
0.237599
0.267922
0.065829
0.233019
0.206724
-0.241781
0.300204
-0.556134
0.961014
0.230901
0.237519
0.243361
0.860396
-0.641322
0.223868
1.172156
0.234710
0.203997
0.385166
0.810837
0.218441
0.249810
0.210718
-0.770967
-0.774172
0.250795
0.249993
0.241908
0.223908
-0.141077
0.241646
-0.718425
1.098116
-0.206101
0.216743
0.237577
0.421080
-0.779446
0.817856
-0.146082
0.220259
0.252150
0.211100
0.268149
1.099183
1.017106
0.211164
-0.534966
0.217894
0.212064
0.229870
0.202743
0.233537
0.774319
0.250620
-0.627491
-0.758140
1.112050
0.237406
0.260570
-0.766366
0.841754
0.215908
0.241495
-0.349875
0.389605
-0.716749
0.238970
0.239199
0.079666
0.133333
0.248031
0.993689
0.075801
-0.762173
0.219488
-0.171391
0.235262
-0.566154
0.553037
0.240875
0.220144
0.255176
0.232787
0.225120
0.413425
0.312173
-0.725409
0.208490
-0.492291
0.287236
0.154582
0.752495
-0.037740
1.124529
0.516346
-0.369373
-0.562060
0.209611
0.221659
0.264977
0.208382
0.226644
-0.536562
0.998953
-0.319354
0.235251
0.212226
0.271261
0.226573
0.248773
0.679699
0.248756
-0.782105
-0.447142
0.238871
0.706133
-0.762762
0.223978
0.253133
-0.255695
-0.027878
-0.720253
0.925135
0.231230
0.070456
-0.343338
1.233556
0.276180
0.229340
0.194520
1.176491
0.236245
0.234496
-0.273232
0.300501
1.086473
-0.773329
0.226424
0.551377
0.226032
-0.512082
0.196310
0.253519
1.001201
0.024074
-0.522750
0.262191
1.209592
0.335382
0.847889
0.936932
0.218795
0.219565
0.210818
0.228945
-0.614024
0.432326
0.416679
0.787282
0.217829
-0.666807
0.212094
-0.477762
-0.460392
0.204167
0.217420
0.231115
0.265513
0.223860
-0.164274
0.362747
0.216126
-0.753829
0.307691
0.257768
0.257401
0.234406
0.241227
0.271333
0.233360
-0.309969
0.226316
0.462970
-0.568533
0.218653
-0.768457
0.201972
1.070669
-0.725614
0.231163
0.225424
0.228800
0.233335
-0.439356
0.241536
-0.444275
0.695835
-0.737258
0.211103
-0.682087
0.448688
0.877318
-0.654025
0.219261
0.222399
1.237807
1.175461
-0.073352
0.200447
0.242445
0.209203
-0.416480
-0.386748
0.241633
0.252974
-0.651347
0.218043
1.066081
0.247341
-0.744687
0.209400
0.244822
0.237733
0.271228
0.722226
0.854344
-0.774419
-0.693659
0.866594
0.223658
0.226426
0.612142
0.735652
0.192570
-0.398037
0.231466
-0.743443
-0.754183
1.175888
0.222031
0.238071
1.216833
-0.508937
-0.561004
0.316196
0.208173
0.251916
-0.517420
0.243465
0.502753
-0.517953
0.181951
0.361341
0.270371
0.224490
-0.105713
0.491174
0.224447
0.215493
0.266952
0.230181
0.204260
0.224011
0.222795
0.227591
-0.657831
0.226812
0.216136
0.234549
-0.318366
0.517240
0.114051
-0.283245
-0.509498
-0.551208
0.228928
0.247087
0.256170
0.253860
-0.200120
-0.747561
0.224227
0.151154
-0.357457
-0.720703
-0.733047
0.216089
-0.481559
0.250926
0.241278
0.777937
0.167609
0.234216
0.227362
0.213892
-0.761321
0.235701
-0.612959
0.187134
-0.478763
0.206517
0.220569
0.264555
0.173855
0.257792
-0.461909
0.229198
0.273079
0.205653
0.228219
-0.739247
0.222722
-0.686575
-0.017508
0.160029
0.249506
-0.702928
0.220157
0.258593
0.226190
-0.318115
-0.117052
0.246079
0.249098
-0.372736
0.793832
0.166780
1.221991
0.622449
0.220071
0.218821
0.235691
0.285255
0.253919
0.213236
0.213782
-0.100597
1.175474
0.233304
0.043257
0.249780
-0.495205
0.621581
-0.128353
0.237409
0.274131
0.221051
0.191713
0.517489
0.188392
0.207388
-0.661539
-0.126973
0.259041
-0.378600
0.202896
-0.809251
0.476282
-0.632028
-0.138849
0.209097
-0.050628
-0.604039
0.179201
-0.734458
0.223007
0.202007
0.408380
0.240522
0.217997
0.181650
0.041475
-0.526001
0.423163
0.872959
0.958016
-0.190877
-0.592563
0.252463
-0.634943
0.222775
0.781028
0.247189
0.539370
-0.720186
-0.138560
0.212644
0.236518
0.218725
-0.151398
0.228599
0.723226
-0.026787
0.239071
0.194478
-0.454163
0.462498
0.221593
1.151067
0.188856
0.221391
-0.150715
-0.741768
-0.012288
0.251938
0.197421
0.211413
0.214558
0.236478
-0.426549
0.239260
1.173275
0.271741
0.023853
0.243777
0.248830
0.236946
1.114407
-0.585270
0.198985
-0.462618
0.216832
-0.742102
1.052062
0.175053
-0.776931
0.219356
-0.787663
0.790324
0.228867
0.193046
-0.114490
-0.539507
-0.704617
0.478956
0.206955
0.126848
1.200825
-0.138151
-0.698872
-0.526098
0.213494
-0.663228
0.195480
0.327427
1.166307
0.245529
-0.349543
0.233193
0.238440
-0.298875
0.212323
0.222264
0.226773
-0.726431
0.224720
-0.697428
0.226678
0.586886
-0.051665
0.754580
0.211762
-0.135267
0.224603
-0.749949
-0.565560
1.064616
0.230476
0.973786
0.211937
0.259022
-0.486036
0.206946
-0.385336
1.162791
-0.548856
0.263017
-0.037948
0.214259
0.218027
0.214349
-0.415052
-0.418920
-0.766948
-0.660423
0.752045
-0.690234
-0.361925
0.216528
0.996945
0.092133
0.205953
0.231746
-0.532547
-0.760594
1.129039
-0.290239
0.221240
0.210123
0.677740
0.240696
-0.524982
0.235031
0.204854
0.220974
0.163204
0.381300
0.575580
0.211746
0.263298
-0.222540
0.242494
-0.055315
0.216267
0.599724
0.270507
-0.049797
-0.109807
0.108525
-0.584549
-0.471753
0.242719
0.208934
0.626094
0.205244
0.236248
-0.164177
0.226485
0.252135
0.261959
1.026405
0.205760
0.220687
-0.685712
0.063541
0.190912
0.177207
-0.678463
0.347306
0.224818
0.578704
1.174053
-0.453198
-0.359790
-0.495450
0.624102
-0.286734
0.226092
1.175776
0.211110
0.219024
-0.650687
0.179011
0.250281
0.203662
0.233879
0.237664
0.206134
0.231096
0.231046
0.227160
0.222682
0.249046
0.217044
-0.476060
-0.329256
0.240446
0.946430
0.224025
-0.092929
1.077947
0.260838
1.231569
0.608826
-0.746208
0.632028
0.218037
0.286986
0.183636
0.840290
0.242691
0.206822
0.223834
-0.698876
0.207226
0.221059
0.787612
0.244486
-0.592716
0.244823
0.430896
-0.789912
0.804855
0.681310
0.218236
0.246810
0.573170
0.233151
0.556939
0.680489
-0.015707
0.214020
0.640487
0.877599
0.224297
0.592393
0.235394
0.798395
-0.668702
0.223387
-0.103581
0.239656
0.240259
0.226725
0.226320
0.907228
0.381063
1.147439
0.309086
1.145078
0.242654
0.251220
-0.451806
0.191719
1.079687
0.792970
-0.835917
0.225775
0.556874
0.235620
-0.738927
0.236379
0.229145
-0.192724
0.283883
-0.707452
0.246572
0.220068
0.244805
0.215979
0.592200
-0.669681
0.245685
-0.769135
-0.559025
0.242646
0.222069
0.226878
-0.059765
0.264431
-0.679123
-0.105794
-0.264375
0.359561
0.227772
0.227459
0.219496
0.546166
0.043360
0.229507
-0.631372
-0.425015
0.225588
-0.705006
-0.044485
0.229203
0.228919
0.267527
0.589170
0.227379
0.218922
0.218285
0.221548
0.211479
-0.771009
0.337954
0.254603
0.194341
0.173006
-0.262200
0.524770
0.753079
0.220931
-0.755408
-0.461392
0.228707
0.952250
0.219321
0.489305
0.213528
0.196981
0.803962
0.081984
0.167257
0.219623
-0.265047
0.204485
0.832581
0.250239
0.264347
0.667695
0.368126
-0.617058
-0.121481
0.235004
0.746860
0.255033
0.235350
-0.117420
-0.229413
0.952614
0.233908
-0.185281
0.706034
0.909487
-0.051280
-0.781631
0.835747
1.049131
0.215091
-0.509028
0.253326
0.232280
0.213907
0.962686
0.241863
0.191438
0.245888
0.216348
0.223638
-0.439376
-0.770419
0.531860
0.224889
0.251765
0.225438
0.249475
0.264326
0.205000
0.221063
0.201630
-0.308034
0.241100
0.237985
0.246895
0.212912
0.233641
0.803633
0.244051
0.655485
-0.709247
-0.576606
0.249362
0.231211
-0.616583
0.233710
0.256091
0.225026
0.248764
0.231491
0.255071
-0.193887
0.216207
0.463593
1.079382
-0.714280
0.214981
0.232606
0.212219
0.231190
0.593395
0.247478
0.227485
0.239846
0.928618
1.221730
0.225969
0.226203
-0.494691
0.223427
0.059811
-0.702171
0.251686
-0.457517
0.444217
0.231278
-0.757051
0.253011
-0.275904
0.247467
0.274448
0.218522
0.746629
0.195607
0.238311
0.163970
0.243652
1.150485
0.226390
0.474342
0.217097
0.264783
0.224416
0.201388
0.286166
0.187460
0.199853
0.213693
0.844788
-0.725273
0.367564
0.455156
0.247884
-0.723450
0.209993
-0.513743
0.725556
-0.775828
0.190935
-0.395285
-0.731302
0.766031
-0.263858
0.503920
0.827961
0.998234
1.204124
1.213824
0.231949
-0.642335
-0.200686
0.243737
-0.559920
0.241876
0.238795
0.235076
0.154349
0.252916
-0.402359
-0.281629
-0.700792
0.228250
0.815607
0.208059
-0.612108
0.685946
-0.528564
0.240857
0.235449
0.646205
1.186732
0.475166
0.344060
0.454968
-0.745691
0.485009
-0.479009
0.215795
0.313708
-0.749470
0.238240
0.639106
0.354027
-0.787712
0.222067
1.055289
0.521722
0.197329
-0.170979
-0.755862
0.201247
0.229280
0.249366
0.216178
0.900309
-0.488567
-0.609020
-0.695763
0.217117
0.888993
0.173813
0.253802
-0.229030
-0.123296
-0.429456
0.311667
0.212390
0.221446
-0.021270
-0.704626
0.493000
-0.524459
0.232881
-0.657572
0.230610
-0.793502
-0.532192
0.809500
0.373433
0.216503
-0.512190
0.602673
-0.177458
0.197489
0.137582
0.221789
-0.784924
0.250463
0.244981
0.258441
0.238581
0.243925
-0.636791
1.138379
0.198021
0.246980
0.261610
0.225278
-0.741832
0.211641
0.551703
0.224565
0.800581
1.185294
1.129448
-0.108398
0.492798
0.256548
0.207916
0.751002
0.232210
1.043139
0.230632
0.552774
-0.482805
0.248973
0.234111
0.216021
0.172254
0.193139
0.772670
0.331758
0.207857
1.132592
0.199450
0.200737
0.233470
0.250864
1.135078
-0.756629
0.187049
-0.510620
-0.720116
0.240323
0.294533
0.202552
0.233636
0.236971
0.236318
0.224430
0.217581
0.209021
-0.453423
1.032904
0.608155
0.216431
-0.150775
0.979498
0.203375
0.237418
0.168082
-0.305950
-0.461259
0.374758
0.843553
0.234358
-0.792716
0.237455
-0.184469
-0.284293
0.651568
0.236395
0.203290
-0.722813
0.424201
-0.571290
-0.059774
-0.587965
-0.539614
-0.498219
1.122605
-0.699568
0.226068
-0.491851
0.876642
0.281794
-0.381293
0.295695
0.222733
-0.056226
0.761009
0.233710
-0.519715
0.305282
0.271958
0.234355
0.575272
0.193345
0.227162
0.243580
-0.113895
0.212201
-0.664530
0.246413
1.236241
0.253221
-0.181649
0.183323
-0.753299
-0.763368
0.279005
0.214816
0.545209
-0.489162
0.246872
0.253841
0.243077
-0.517882
0.225662
-0.496042
-0.229290
-0.179983
-0.522417
0.237761
0.241813
0.219167
0.900513
0.234439
0.207309
0.231322
0.233962
-0.138449
0.261667
0.193941
-0.237016
-0.183941
0.241070
-0.562778
1.174285
0.103393
0.235409
0.212165
0.424495
0.257190
-0.674728
0.230423
0.762238
0.265752
0.474777
0.265829
0.252285
1.124900
0.683193
-0.757665
0.194122
0.227216
0.246868
0.664837
-0.768011
0.249434
-0.535397
0.208324
0.771707
0.217493
-0.746579
0.640082
-0.596799
0.258703
0.260753
0.207044
0.246612
0.182892
0.234878
-0.437143
0.240926
0.214757
0.243220
0.238225
0.227071
-0.722039
0.266574
0.250761
1.046595
0.931257
-0.687195
-0.640729
0.143007
0.255150
0.252733
0.233139
0.219426
0.222400
0.052783
0.769637
0.212281
-0.757414
0.229829
1.072758
0.200853
1.154174
0.240473
-0.513680
0.242852
0.235339
-0.304815
0.732248
0.221808
0.222751
0.858689
0.210594
-0.566055
0.232256
0.207955
-0.654755
-0.325779
0.298358
1.131405
-0.526704
-0.326456
-0.760846
1.026486
0.147631
0.233543
0.178879
0.201315
0.225179
0.208075
0.222991
1.188780
-0.759641
0.412006
1.241429
0.236547
1.100618
-0.418073
0.208777
0.737589
0.215759
0.482921
0.209185
0.720513
0.402079
0.242605
0.225719
0.305691
0.229812
0.226659
0.231255
0.645509
-0.751496
0.035142
0.230800
0.232784
0.206993
0.608588
0.251559
0.998485
0.198459
0.212637
0.220438
1.103492
0.250814
0.249836
0.240876
0.695510
0.179537
-0.204987
0.209342
0.691771
0.251821
0.233216
0.716982
0.724548
-0.290533
0.186307
-0.780197
0.279290
0.214142
-0.365223
0.220650
-0.068219
0.248165
-0.457586
0.220156
-0.509160
0.234285
0.213737
0.908541
0.402077
0.442468
0.942506
0.289968
1.232141
0.201030
0.223122
-0.226235
0.200749
0.703410
-0.184363
0.231906
0.492520
-0.699044
0.246603
1.219706
0.236703
-0.735434
-0.316078
0.242283
0.487139
0.223769
0.202848
-0.747936
0.655573
0.163617
0.244436
1.164771
-0.725153
-0.522203
0.702116
-0.771806
1.221204
0.307712
0.158169
0.261927
0.258125
-0.652962
0.260242
0.204173
0.228796
-0.344377
0.225261
0.214154
1.126322
0.250711
0.237287
0.231457
0.184367
0.229977
-0.140523
0.238194
0.283903
0.206663
0.263488
0.218489
0.545717
-0.769712
0.268229
-0.778344
-0.451553
0.238137
0.431510
1.065924
0.212926
0.221252
0.602976
-0.583511
-0.141855
0.254545
0.210699
0.445151
0.231971
-0.317850
0.244048
1.236916
0.943939
0.242380
0.432793
0.225361
-0.508050
0.223314
1.163327
0.214126
0.223287
-0.262051
0.269912
0.226589
-0.788589
0.221738
0.227903
-0.217193
-0.744000
-0.645719
1.137485
0.464736
0.223635
0.622818
1.068372
-0.742937
1.082018
1.187168
0.250139
-0.063358
0.109351
0.214807
0.267836
0.235884
0.324689
0.221390
-0.480610
-0.444842
0.248741
0.229402
0.284085
0.198250
0.934488
1.000811
0.213156
-0.734039
-0.182824
0.212280
0.788923
0.070876
-0.714293
0.216476
-0.185178
0.540094
0.202408
-0.495753
0.821842
-0.590917
0.225669
0.181129
0.944974
0.001905
0.244726
0.246212
-0.722747
-0.730418
-0.642779
-0.343294
-0.581138
0.259022
0.460403
0.755296
0.568466
0.243615
-0.712506
-0.208351
0.270260
-0.559385
-0.651183
-0.749489
0.245443
0.168747
0.256384
-0.090075
0.223079
0.263407
0.216065
0.234194
-0.499486
0.961311
0.255824
-0.766014
0.549260
-0.213532
0.494923
0.206428
-0.137840
0.282441
0.226125
0.231890
0.266155
0.249934
0.218178
0.213290
1.179620
0.219490
0.231628
-0.091892
0.655617
0.216159
0.081834
0.148781
-0.760431
0.280739
-0.084765
0.240580
0.225347
0.212844
0.370526
0.263872
0.219916
-0.515447
0.256118
0.252715
0.920872
0.866999
0.301020
-0.221515
-0.753896
0.227274
0.210731
0.219827
0.196744
1.210464
0.665211
-0.582277
-0.422770
0.247686
-0.554931
0.295693
0.600389
0.396820
0.415884
0.483637
-0.711220
0.246854
0.075383
0.430633
0.574682
-0.642718
-0.758642
0.225718
0.861909
0.205110
0.196234
0.219320
0.299477
-0.480059
0.596073
0.233540
0.252966
0.241983
0.198543
0.227285
-0.803942
0.212857
0.192050
0.265791
0.702026
0.196390
0.235949
-0.280555
0.231687
0.793057
0.624532
-0.626265
0.721679
0.234228
-0.673830
0.212198
0.236000
0.977201
0.238221
0.231663
-0.047478
-0.541889
0.202814
-0.724037
1.144872
0.289179
0.163754
0.675267
1.231655
-0.393998
-0.749645
1.184927
-0.517613
0.969672
0.226421
-0.801558
0.188949
0.207407
-0.753463
0.211799
-0.666080
0.234249
0.603002
-0.320679
0.206102
0.230490
0.524744
0.220431
0.244422
0.237352
0.215188
0.505045
0.221774
1.044985
-0.395555
-0.649005
0.268597
0.431525
0.254215
0.245841
1.110944
-0.569974
0.253242
0.330598
0.230532
0.253163
0.831948
-0.711829
0.321152
-0.518921
0.891651
0.219556
0.154901
0.207323
0.272611
-0.735755
0.800645
-0.733880
0.200990
0.269412
-0.578177
0.601687
-0.662190
-0.565027
0.213834
0.216560
0.660717
0.502362
0.224866
0.627031
0.216330
0.209498
0.229212
0.652094
0.201101
0.265310
0.432038
0.515002
0.023102
0.615553
-0.345096
-0.540300
0.214555
0.671897
0.221364
-0.642261
0.231230
0.275023
0.209912
0.246134
0.275911
-0.602467
0.221594
0.240151
-0.242493
1.160327
0.549986
0.222808
0.200150
0.198715
0.235273
0.099188
0.225250
0.239210
0.247296
0.097549
0.210640
0.221832
0.212001
0.240949
0.223641
0.221489
-0.722627
0.249853
0.193232
0.722810
-0.713824
-0.052001
0.194799
0.232904
0.205292
0.227374
0.420122
0.206031
0.189981
-0.539268
0.602289
0.724062
0.219841
0.216602
0.873834
0.241316
-0.769618
0.205732
0.515686
0.347002
0.561247
0.289017
-0.098457
0.204499
0.193875
0.978654
0.171132
0.230335
0.217746
0.232076
0.236958
1.102326
0.238021
0.230497
0.233830
-0.065353
-0.330211
-0.392570
0.224858
-0.217414
-0.740183
0.211754
0.579251
0.406097
0.242435
0.222805
0.194270
0.216810
0.931651
0.242011
1.131753
0.234248
0.098380
0.252356
0.195376
0.140529
0.204159
-0.460263
0.665002
0.040495
0.590850
-0.660351
1.145309
0.240079
0.237914
0.230376
-0.465099
0.269825
0.284496
0.251093
1.209720
0.223165
1.043381
-0.050591
0.235858
-0.653786
0.188973
0.222861
-0.211127
0.476798
0.173011
0.212598
-0.546806
-0.766071
-0.672961
0.204173
0.176783
0.166007
-0.270761
0.228441
0.241436
0.211113
0.228949
0.238724
0.229152
-0.756269
0.236991
0.216439
0.773018
0.253717
0.710182
-0.228423
0.222288
0.573767
-0.715101
-0.686128
-0.351056
0.220512
0.792024
0.211649
-0.745500
1.184847
-0.543734
0.269031
-0.601580
0.227387
0.178160
0.252959
0.233608
-0.586077
1.017229
0.640804
0.231383
-0.460993
1.188027
0.208189
-0.098642
0.307350
0.381020
0.247875
0.208005
0.480483
0.239297
0.244383
0.416411
-0.363673
0.252184
0.204139
0.240949
0.211603
-0.045189
0.193504
0.210687
0.223068
0.267572
-0.554457
0.635954
0.205701
0.234421
-0.600803
0.243236
0.814801
-0.512764
0.205945
0.219798
1.071018
0.248206
0.025937
0.216051
-0.769667
1.061198
0.553311
0.219686
-0.726027
0.728404
-0.541955
0.482655
0.204815
0.215577
0.838931
0.308584
1.049532
0.263746
1.014040
0.228793
-0.703001
0.142168
0.206014
0.122111
0.231133
-0.117621
0.227949
-0.747555
0.221596
0.674829
0.238375
-0.024151
0.199611
0.232971
-0.623062
-0.784599
-0.802591
-0.592258
-0.518932
-0.238594
0.217928
1.195001
0.698514
1.091290
0.277128
0.302727
-0.353441
1.179919
0.238818
-0.755452
0.439461
0.209712
-0.843426
0.241341
0.175919
0.730131
0.191013
0.199680
-0.640068
0.222684
0.232156
-0.316010
0.234247
-0.767620
-0.230501
1.179027
0.236717
0.227672
0.403162
0.213788
0.244926
-0.285116
0.214801
0.529935
0.335845
-0.057296
-0.405934
0.226796
0.231842
0.232213
0.459493
0.357946
0.159443
-0.526824
0.281420
0.279508
0.236316
-0.155687
-0.742932
0.278167
-0.793666
0.043679
0.223665
-0.740956
0.231055
0.216127
0.232710
-0.612953
0.217107
0.204311
0.224746
0.222975
0.240964
0.777199
0.260962
0.242313
-0.702042
-0.795666
0.249553
0.238725
-0.776332
0.216235
0.244095
0.228484
0.306177
-0.695003
0.385049
0.213178
1.208148
0.246589
-0.328217
0.735272
0.199386
0.211749
0.239499
0.637066
1.207329
0.215772
0.208475
0.228767
0.749373
-0.456103
0.249125
0.180790
0.212230
-0.724503
0.920035
0.221917
0.227201
0.252318
-0.171615
0.208299
0.261265
-0.211962
-0.746359
0.245659
-0.657777
-0.720728
0.250837
0.231778
0.211278
0.229856
-0.476463
-0.768210
0.240631
0.243124
0.684417
-0.444535
0.266923
0.823838
-0.750346
0.265048
0.220704
0.194732
0.256105
0.431441
0.251112
0.231774
0.506599
-0.205663
0.683328
0.788521
0.239764
-0.630631
1.219347
0.184007
0.206297
-0.634275
0.617902
0.213625
0.426380
0.205081
-0.409039
0.423600
0.257957
0.242966
0.245565
0.236688
0.274549
-0.335725
0.247095
-0.652491
0.222134
0.276835
1.025832
0.224175
0.492093
0.244568
0.553637
0.215306
-0.680766
0.219174
-0.749898
0.234568
0.222741
1.147145
-0.234717
-0.606906
-0.124078
0.349429
0.230889
-0.768806
0.265996
0.041491
0.240244
0.239185
0.271689
-0.757154
0.245850
0.226092
0.222788
-0.407504
-0.714834
0.197798
-0.162486
-0.396791
0.248123
0.891393
-0.244686
0.200474
0.168563
0.237341
0.549072
0.429198
0.818559
0.245406
0.260658
1.127536
-0.613541
0.228362
-0.468573
1.196884
-0.758351
0.702115
-0.509392
0.209871
0.174173
0.125962
-0.760852
0.246601
0.224892
-0.654874
-0.673806
-0.230148
1.111758
0.030823
0.214884
0.165531
0.650755
0.783885
-0.344002
-0.748842
0.627736
-0.764609
0.895370
-0.176564
0.218473
-0.773651
-0.159631
0.203254
0.210500
0.223944
0.075556
0.206533
-0.529591
-0.486314
0.268518
0.644342
-0.056776
0.253356
1.167773
-0.682901
0.218616
0.233093
0.238502
0.236313
-0.653496
0.236357
-0.782736
1.143317
-0.739810
-0.311943
-0.549410
1.161332
-0.755394
1.153705
0.764146
-0.138624
0.242707
1.037546
0.224553
0.601021
0.220811
0.233736
-0.719142
0.244551
-0.745926
0.214423
0.250833
0.238500
0.231200
0.090939
0.197960
-0.704513
0.262203
0.817957
-0.696876
0.755570
0.231800
0.225206
-0.626316
-0.695816
0.237048
0.533754
0.120459
0.229224
-0.107344
0.291594
0.220921
1.210479
0.209160
0.221489
-0.571748
0.246161
-0.614550
0.685158
0.256051
0.177978
1.183190
0.260920
-0.690562
-0.213917
0.220976
0.220941
0.242631
-0.219510
0.218488
0.199893
0.231652
1.219243
-0.532322
0.517207
0.172174
0.223171
0.708326
0.464578
0.231371
-0.187412
0.236239
0.247389
0.233931
-0.638496
-0.622371
-0.722909
0.224074
-0.010273
-0.230540
0.865570
0.691078
0.643824
0.219566
0.236116
-0.719187
0.206589
1.212413
0.216441
0.267200
-0.738120
0.236112
-0.328805
0.177785
0.850778
-0.723811
0.246747
0.722926
-0.338225
-0.464496
-0.787849
-0.767504
0.229182
0.242461
0.220883
0.241655
0.850367
0.008489
0.322650
-0.045088
0.395773
0.842726
0.242278
0.211011
0.358131
0.199658
0.244654
0.657721
-0.511751
0.237820
0.880177
1.080250
-0.242667
0.202464
-0.428509
0.238943
0.496123
-0.465871
0.232744
-0.063658
0.189719
0.206713
0.129378
0.210515
0.386793
0.229947
0.575769
-0.170643
0.213856
0.236711
0.681771
-0.473741
0.287871
0.238429
0.171078
0.217608
-0.466391
0.218916
-0.405674
0.223922
0.271516
0.327444
0.193571
0.216418
0.959270
0.210282
0.919437
0.199123
0.207964
1.073969
0.822396
0.238446
0.235698
0.233311
0.766447
0.207947
-0.051365
1.226582
-0.075066
1.192625
0.245596
0.210162
-0.154252
0.249706
1.057287
-0.285980
0.224868
0.250936
0.815493
-0.255104
0.146764
-0.040530
0.227310
0.342570
0.235157
0.223173
-0.611508
0.227844
0.297813
-0.677933
0.268357
0.577164
0.673664
0.029515
0.184156
0.231083
0.191193
1.202284
0.223015
0.215462
0.207811
-0.342088
0.246250
0.307607
0.767520
0.038363
0.220461
0.244011
0.583984
0.221346
1.070227
0.233039
1.188446
0.224108
0.130416
0.260735
1.033694
0.710726
0.242898
0.181161
0.217753
-0.484476
0.157240
0.233440
-0.541132
0.210889
-0.770158
0.224955
-0.573830
0.950880
-0.774071
0.200658
1.064348
0.203910
0.240944
1.212677
0.237331
-0.298943
0.215403
0.791133
-0.805430
0.210892
0.241411
1.149143
0.253638
0.675873
-0.037677
0.223334
0.227885
0.671156
0.252393
-0.602980
0.252723
0.205126
-0.700067
0.045085
1.099748
-0.548925
0.233231
0.222903
0.246081
0.249050
0.250251
1.165327
-0.572855
0.233813
0.236578
-0.604436
-0.257201
0.310355
-0.566592
-0.640410
-0.734644
0.470596
-0.713728
-0.105957
-0.743230
-0.786966
0.554412
-0.708840
0.211671
0.226139
0.228951
0.772944
0.831968
-0.568790
-0.771700
1.231825
0.241782
0.813953
0.207203
0.397734
0.228679
0.237378
0.212704
-0.105795
0.271557
-0.556718
0.232041
-0.708531
-0.300065
-0.658526
0.218441
0.271770
0.843556
0.822315
0.236645
0.635873
0.252676
0.832099
0.190702
-0.723014
-0.233393
0.675339
0.225820
0.270620
-0.041725
0.119127
0.236868
0.784999
0.833379
0.232861
-0.650705
0.801511
0.232639
-0.291999
0.727156
0.246641
0.216382
0.755881
-0.512947
0.081084
0.202324
0.264567
0.332815
0.209387
0.226160
0.223958
0.707663
-0.749651
0.136056
0.206622
0.190134
0.287647
0.226126
-0.173278
0.268830
-0.127485
0.967432
0.218443
0.243616
0.213370
0.950354
0.228877
-0.123621
-0.249020
0.828721
-0.112628
-0.341467
0.216927
0.243188
0.185368
0.148763
-0.778061
-0.416908
1.228745
-0.366025
0.264238
0.223385
0.207349
0.248005
-0.751506
0.224240
-0.803151
0.251377
0.716441
0.040522
-0.680184
-0.295538
0.799653
-0.787405
0.229865
0.228913
0.702767
-0.337596
-0.666499
0.200540
-0.528272
1.047747
0.240842
0.873653
0.230594
-0.217594
-0.054045
1.164898
0.277830
0.212786
0.360954
0.042160
1.210792
0.215819
0.494192
0.227240
0.231746
0.206324
0.247094
0.231015
0.621862
0.605254
0.216388
0.215437
-0.760025
0.438244
0.264461
0.256549
0.255816
0.647849
0.227768
0.203171
0.237352
-0.751745
0.201380
0.265997
0.837184
-0.766286
0.225994
0.015383
0.204126
0.228108
0.236946
0.768172
0.259834
0.214538
0.097986
0.232431
0.765998
0.255073
0.256664
0.215772
-0.703346
0.281292
-0.127813
-0.048270
0.813592
0.219435
-0.781656
0.237194
-0.749264
0.279478
0.225084
-0.674719
0.219305
0.233794
0.402055
0.197022
-0.656118
0.227448
0.273681
-0.785350
0.907484
0.201447
0.210436
0.231573
0.219334
-0.664886
0.210110
-0.160854
0.222496
0.231266
0.253372
0.236620
-0.358660
0.207936
-0.415680
0.221286
-0.597330
0.220910
-0.745251
-0.096216
0.228921
0.240602
0.701725
1.149764
-0.016341
1.226056
0.227318
0.260874
0.217732
-0.589624
1.132972
0.219072
0.247602
0.724723
0.220616
-0.663925
0.331696
-0.774188
1.027067
0.242715
0.487932
0.230966
0.202305
0.207612
0.232575
-0.583745
-0.675075
0.222763
1.172047
0.274514
1.114555
0.766817
-0.769425
0.856183
1.044031
-0.685553
0.226753
0.248362
0.081857
0.209763
-0.594149
-0.759413
0.095110
0.204243
0.088296
0.228597
0.237898
1.064689
0.236401
-0.750204
0.236345
0.749071
0.229436
0.252090
-0.775268
-0.248072
0.228256
0.721529
-0.693159
1.141258
-0.093353
-0.732932
0.675424
-0.502363
0.213851
0.295805
-0.759625
0.260013
0.245023
0.837251
0.223407
-0.748458
-0.138559
1.003446
0.383146
1.141581
0.590203
0.312537
-0.495819
-0.702957
0.241854
-0.393279
0.966143
-0.661761
-0.560317
0.505154
0.254607
0.193368
-0.722132
0.256766
0.247926
0.202780
-0.730262
0.869279
0.193547
0.114635
0.224241
0.388754
-0.117766
0.231079
0.235579
0.419256
0.233209
-0.135723
0.251288
-0.557198
0.220481
0.202422
0.635309
0.208710
0.236994
-0.302826
0.492791
0.676700
-0.339889
0.213102
-0.768224
0.243995
-0.161117
0.201055
0.200578
-0.623705
-0.217237
0.236588
0.533499
0.192313
0.179261
0.209912
-0.273607
0.474877
-0.489059
0.229162
0.380651
0.241028
-0.622100
-0.279449
-0.111277
0.223476
0.693349
0.861713
0.015640
0.239395
-0.051951
0.261309
0.267973
-0.574366
0.189148
0.866498
0.214120
0.255161
-0.083941
0.222323
0.174640
-0.632513
-0.390160
-0.416405
0.352587
0.195429
-0.276481
0.231576
0.236747
0.249046
0.208988
1.091192
0.757178
0.698982
0.245070
0.205848
-0.463667
0.277946
0.438588
0.221864
0.237990
-0.037604
-0.535284
-0.730914
0.220045
0.198516
-0.350893
0.250068
0.178987
-0.589741
-0.705182
0.204263
-0.760838
-0.711258
-0.775114
0.254385
0.219762
0.223155
-0.550699
-0.742480
0.203864
0.411732
0.195896
0.495622
0.196662
0.266825
0.250841
0.240862
0.284300
0.221695
1.183782
0.217289
0.230895
1.109346
0.215584
-0.615047
0.096415
0.173959
0.006790
0.684063
1.180590
0.246859
-0.050777
0.211409
1.206473
0.857379
0.231291
-0.664617
1.019308
0.242213
0.208267
0.585394
0.837859
0.597284
-0.212315
0.227281
0.232888
0.185607
0.218508
0.235500
-0.696186
0.290577
1.215178
-0.753525
0.242095
0.221302
0.215482
0.217789
0.540671
0.238545
-0.745024
0.223384
0.224403
0.229134
-0.512031
0.202742
0.221804
-0.751874
-0.133462
-0.499177
0.243108
-0.672158
-0.534275
0.842965
0.231129
-0.675976
-0.025379
0.217750
-0.684458
0.212031
-0.696531
0.255922
0.752686
0.234673
0.804434
0.226195
0.230372
0.197825
0.206459
0.237927
0.518529
0.203205
0.486430
0.218312
0.241684
0.252034
0.210171
0.235141
0.471598
0.227338
0.260722
-0.265618
0.196432
-0.625741
-0.482904
0.195015
0.365786
-0.226811
0.216256
0.215849
0.207147
-0.546348
0.211498
0.233548
-0.578935
0.226000
0.621350
0.219714
-0.783687
-0.464648
0.213942
-0.148151
0.336576
0.137711
0.231868
0.276028
-0.447950
0.048485
-0.717217
1.054889
1.094195
0.907654
0.226891
0.724999
1.022950
-0.349602
0.202143
0.028104
0.257418
1.165204
0.209325
0.205743
0.775682
0.229632
0.268455
-0.716247
0.206325
1.167315
-0.219140
0.218822
0.215841
-0.086228
-0.557957
0.238465
0.677499
-0.730332
0.656300
0.403001
0.224808
0.221854
0.220524
0.256293
0.319000
0.223655
0.207046
-0.751299
0.828513
-0.306435
0.921496
0.246871
0.215474
1.218333
1.156450
0.275659
-0.780549
-0.462745
-0.247097
0.246047
0.935962
-0.717540
1.052927
0.236307
0.169711
0.183476
-0.703622
0.073436
0.951754
0.684147
0.241321
0.190129
-0.072105
0.231875
0.231103
0.224842
0.225585
0.914711
0.220815
0.521492
0.207303
0.244828
-0.623492
1.030897
-0.359661
0.199576
0.243221
0.209875
0.280215
0.197706
0.702659
0.215204
0.448907
0.231850
0.221023
0.246896
0.233068
0.222563
0.194671
-0.694057
0.255967
0.210212
-0.296423
0.214563
0.935427
0.557305
0.238731
0.219523
0.819458
0.149611
1.056413
0.221004
0.067282
-0.212345
0.223928
0.105082
0.643573
0.215621
0.239412
-0.553930
1.002663
0.198514
0.202986
0.843665
0.213801
-0.428959
0.255196
0.230115
0.236319
0.220947
1.237658
0.312323
0.231977
0.221477
1.162243
-0.720282
0.250744
-0.687767
-0.655840
0.250301
0.346156
0.232334
0.292642
-0.451083
0.211287
-0.667638
0.186377
-0.071997
-0.409297
0.229335
-0.734803
0.259950
-0.490677
0.210499
-0.324603
-0.079128
0.534756
0.232770
0.692438
0.250656
0.250134
0.262335
-0.757776
0.821702
-0.408045
0.203265
0.711683
0.206538
0.397202
-0.452646
0.219629
0.231825
0.246800
1.207919
0.225118
1.018975
0.199928
0.238250
0.569770
0.214544
0.239273
0.268065
-0.587001
0.177740
-0.434264
0.325195
0.236181
0.184382
-0.756523
0.346675
0.386976
0.233446
0.205239
0.218401
0.206227
0.224665
0.615775
1.204547
0.268527
0.258545
0.253379
0.235421
0.226160
0.278563
0.231478
-0.373665
0.676236
-0.663935
-0.820584
0.278553
0.546866
0.215699
0.593931
0.236443
0.259651
0.217959
0.015831
0.245743
0.230170
0.882679
0.221902
0.258637
0.214454
0.221746
1.025167
0.234745
0.208925
0.240047
0.259234
-0.181904
-0.326066
-0.563283
0.222286
0.592875
-0.520511
0.129510
0.584127
-0.780431
0.289551
0.114970
0.754712
0.235367
0.298455
0.225730
0.708615
0.227277
0.226809
-0.602061
0.264699
0.515739
1.178165
0.450366
0.087971
0.238097
-0.304583
0.199091
0.239728
0.237551
0.560324
0.237965
-0.623089
0.358296
0.200169
0.237019
0.199216
0.204647
0.223849
0.235805
0.235342
0.153536
-0.424330
0.241653
0.244232
0.268259
0.656074
0.793969
0.242277
0.884313
0.229783
0.949728
0.225173
0.242492
0.201715
0.164751
0.254189
0.627659
0.243722
0.235437
-0.535247
-0.407615
0.229063
0.080937
0.226518
0.328687
0.209676
0.234990
-0.483020
0.367386
0.273843
-0.448772
0.230218
0.252314
0.158066
0.944261
-0.757147
0.214126
1.069050
0.203868
0.199310
0.794520
0.219026
0.548036
0.193982
0.152004
0.257036
0.244795
0.333125
0.225356
-0.044018
0.222189
0.273439
0.234369
-0.595594
-0.291405
0.221415
1.112966
0.205844
0.236593
0.227897
-0.229352
0.225544
0.193322
0.255720
1.197687
0.237125
0.255598
-0.728690
-0.770248
-0.789697
-0.731191
-0.639596
-0.795704
-0.700086
0.248852
0.237933
1.188491
0.466799
0.937602
1.218390
0.224799
0.385016
0.840758
1.213005
0.532363
-0.325855
0.230849
0.197039
-0.536182
0.493662
0.422093
0.220236
0.216961
-0.257748
0.224221
0.220765
0.822708
0.228728
0.199273
0.819293
0.197965
0.179132
0.202409
-0.447457
0.224032
0.247931
0.774564
-0.355517
0.157895
-0.599592
0.712636
0.274853
1.044317
0.210063
0.142739
0.240534
0.262383
0.213904
0.843303
0.226516
-0.720160
1.155677
0.222992
0.206854
0.224670
0.791241
0.260591
0.221667
1.162267
0.203039
1.109139
0.225077
-0.777285
0.212914
0.292183
-0.131390
0.387115
0.195861
0.439607
0.264049
0.259406
-0.750555
-0.634542
-0.356638
0.257010
0.237196
0.222397
0.232066
0.199383
0.212094
1.196243
0.240333
0.181436
0.215130
0.233411
0.830391
1.130498
0.226849
-0.216574
-0.749235
-0.253465
-0.543001
0.235132
0.290695
0.842247
0.331686
0.274753
1.189968
0.221398
1.170252
-0.377723
-0.101685
-0.637916
0.735091
-0.301646
0.195305
0.206732
-0.067087
1.146143
0.222878
0.211169
0.190310
0.234513
-0.635400
0.203996
-0.182577
0.955671
0.281806
0.214135
-0.785993
-0.771538
0.219690
-0.455470
0.225643
0.229016
0.252374
-0.629987
0.223845
0.170605
-0.744963
0.271364
0.851185
-0.648991
0.250600
0.235798
0.804623
-0.708593
0.251591
0.265972
-0.648491
0.495381
-0.275174
0.909150
0.217786
0.231022
1.095154
-0.265328
0.228768
1.202881
0.075358
0.245359
0.222226
0.230844
0.627398
0.226811
-0.484445
-0.360511
0.236360
0.200911
0.240506
-0.732733
0.238402
0.600012
0.241275
-0.728769
0.273698
-0.727991
0.254586
-0.749539
0.217561
0.219521
0.181274
0.233172
0.227597
-0.492608
0.225831
0.220935
0.229679
0.265558
0.211472
0.479817
0.221605
1.200213
0.248072
0.259424
0.210577
-0.241081
-0.248159
0.242769
-0.737142
1.048175
0.242881
0.262698
0.650701
-0.765202
0.279637
0.365808
-0.756689
0.233438
0.238089
1.208951
-0.074372
0.195510
0.515986
-0.735369
0.641194
0.184624
0.212992
-0.242384
0.256916
0.229920
0.209576
0.782625
-0.199967
0.191097
-0.668549
0.243956
0.220092
0.244495
0.228741
-0.642237
0.222690
0.225265
0.029848
0.208722
0.236657
-0.459989
0.250971
-0.648638
-0.673626
0.257068
-0.718525
-0.217989
0.202952
0.255266
0.012841
-0.810635
0.232639
0.215685
0.190781
-0.446158
0.507743
-0.802998
0.211490
0.215954
0.212900
0.248425
0.215436
0.265366
0.680243
0.644434
1.071127
-0.053287
0.241634
0.227266
0.225368
0.281352
0.942711
0.494433
0.209729
0.234765
0.892550
0.222089
-0.355258
-0.772540
-0.050622
-0.562983
0.218905
0.583005
-0.403121
0.907216
0.693996
-0.091116
-0.385485
0.909592
0.211777
0.237380
0.193633
-0.703417
0.230095
-0.694365
0.722465
0.228088
0.231544
0.235543
-0.718932
0.230477
-0.568168
0.547147
0.885111
0.227152
0.790254
1.123290
0.261882
-0.740235
-0.700438
-0.707596
1.074367
-0.287946
0.218372
0.214977
0.664894
0.192812
0.935477
0.221679
0.237488
-0.126415
-0.667100
-0.340699
0.252424
0.251729
0.239476
0.209899
-0.678897
0.214388
0.193492
0.253354
0.251365
0.219331
0.231181
0.234165
0.607521
0.199081
0.275227
-0.588044
0.206391
0.240830
0.210171
0.250134
0.234657
0.212260
0.273894
0.211917
0.705043
0.732905
0.238491
-0.662377
0.216457
-0.431216
0.219006
-0.223258
-0.354325
0.754903
1.191117
0.268112
0.243497
1.234984
0.721847
0.195433
0.747331
-0.679232
-0.356202
0.201394
0.472577
0.949898
0.615193
1.011493
1.195422
-0.782673
-0.749121
0.201684
0.222606
-0.157445
0.256518
0.236950
-0.146363
0.235706
1.036210
0.223459
1.037026
0.342862
0.361594
-0.247168
0.457802
0.523137
0.235726
-0.730944
-0.449857
-0.391846
0.229311
0.266489
0.223652
0.069883
-0.237994
0.194559
-0.529831
0.270627
0.071519
0.222703
0.247502
0.238893
0.134376
0.341301
0.792932
0.975845
0.008419
-0.672821
0.242757
-0.739480
0.225875
0.192044
0.282002
0.259577
0.768293
-0.527809
0.892291
0.231994
0.345591
0.192451
0.211863
-0.568656
0.253159
-0.778940
0.234592
0.651467
1.087490
1.046057
0.178620
0.224301
0.174093
0.268116
0.298485
1.233789
0.023341
0.742387
0.936638
0.248998
0.262451
0.212800
0.110240
1.148900
-0.289544
0.229756
0.246696
0.769497
-0.699090
0.237437
0.148666
0.261771
-0.094893
0.256450
1.073136
-0.655474
0.260315
0.238196
0.227938
0.733750
0.252632
0.247246
1.026588
0.213439
0.256471
0.203717
0.254939
-0.240557
-0.051753
0.234946
0.239464
0.224019
1.104402
0.324884
0.160055
0.162646
0.202008
1.139437
-0.598576
0.768116
0.739553
0.253100
-0.526581
1.127466
0.678640
0.213857
1.055206
-0.526942
0.235640
0.225261
0.722463
-0.768064
0.288654
0.189222
-0.383753
0.225320
0.224323
0.426297
0.198529
-0.492688
0.248181
0.754178
-0.103612
0.237238
0.225344
0.214889
-0.229085
0.326261
0.224676
0.205394
-0.379384
-0.760625
0.022934
-0.691416
0.234686
0.213980
0.139414
0.245947
-0.728631
-0.197149
0.569551
-0.378192
0.228385
0.218572
-0.205603
0.203303
0.258994
0.219766
0.245782
0.216786
-0.299162
0.227404
-0.808293
0.236364
-0.059837
0.146207
-0.448852
0.220680
0.211391
0.209994
0.836461
0.832887
0.458435
0.204627
0.034940
0.250590
1.213207
0.245994
0.178716
0.467159
0.211494
0.230107
-0.704796
-0.637808
0.238478
0.587966
0.253249
-0.614768
-0.596505
0.336424
-0.674008
-0.242487
-0.764648
0.642048
0.218246
0.170671
-0.119010
0.855369
0.809038
0.248785
0.754505
-0.001390
-0.759633
0.211582
0.773320
-0.380065
0.756191
0.228313
0.604191
1.038928
0.405181
-0.636069
-0.234118
0.961710
0.246013
0.882990
0.247633
0.748202
0.246256
0.220735
0.593433
0.243156
0.242995
-0.806247
0.226737
0.212752
-0.390202
-0.486188
0.045380
0.198017
0.288449
0.185989
1.155306
0.402735
1.034229
0.629771
0.783071
0.849809
0.279485
0.252203
0.257702
0.233725
0.219194
-0.522560
0.233403
-0.417412
0.238998
-0.001750
0.234175
0.196286
0.235215
0.231183
0.218664
0.107148
1.231279
1.080911
0.681161
0.168456
0.812511
0.209502
0.167491
0.221877
-0.302705
0.201795
-0.761679
0.231205
0.222988
0.241670
-0.767364
-0.327669
-0.446160
-0.592640
-0.759552
0.238984
0.209246
0.627281
0.242361
0.179451
0.208841
0.630168
-0.079773
0.223126
0.203102
0.227688
0.887649
0.792127
1.199771
-0.780197
0.154607
-0.607308
0.984163
0.230129
0.233570
-0.739228
-0.422054
-0.719178
0.216897
1.044415
0.218381
0.304751
0.218632
-0.437571
0.235169
0.373491
0.148721
0.236107
0.403312
0.447709
0.236862
0.198330
-0.640254
0.195791
0.215961
0.216116
0.233914
-0.145605
1.229653
0.223500
-0.316921
0.232877
0.586735
-0.727069
0.220020
-0.439805
0.252813
0.736879
0.493230
-0.732472
0.231765
-0.432774
0.281754
-0.400877
0.708452
0.628415
0.132098
-0.093549
-0.072180
0.132676
0.243256
0.257046
-0.347875
0.286887
0.092614
0.183715
-0.770936
-0.695396
0.269997
-0.683740
0.207773
0.236171
0.924178
-0.165160
0.224224
-0.298339
0.228772
0.224036
0.703163
0.397049
0.217034
1.089999
0.610706
0.528518
-0.598173
-0.740306
0.365807
0.227153
-0.556809
0.232356
0.209073
0.270978
-0.595936
0.222693
0.248128
-0.529793
0.049548
-0.684814
-0.073045
0.237138
-0.258448
-0.756810
0.251917
0.591558
0.206607
0.233925
0.210663
-0.552773
0.242462
0.208168
0.209008
0.216576
0.087257
0.057663
0.253315
-0.246568
0.234429
0.187942
0.266577
0.224997
0.240955
0.204998
0.245452
1.243181
0.209190
0.375049
0.219798
0.896072
0.072705
-0.643201
0.213416
0.262671
0.228497
0.214269
-0.438238
0.215017
1.223605
0.259780
-0.419027
-0.751619
0.204246
0.240996
0.218798
0.240601
0.985122
0.235269
0.187468
0.199628
0.226687
0.234291
0.803334
-0.044495
0.230937
0.291411
0.196961
0.238597
0.440291
0.985249
0.203545
0.211699
-0.736458
0.922586
-0.689685
0.433158
0.209109
0.205380
-0.494567
1.224522
-0.677923
1.205471
0.187760
-0.684778
-0.725484
0.765674
0.418613
0.234398
-0.673498
0.064222
0.259140
0.225795
1.188203
0.230209
0.284592
0.247205
0.693130
0.236034
0.253165
0.541349
0.202423
0.219943
-0.057340
0.219220
0.229936
0.215609
0.214403
0.303271
0.212195
-0.628818
0.209849
0.205811
-0.394173
0.688120
0.877720
-0.562267
0.965328
0.877952
0.210651
0.691184
0.204855
0.276533
0.232014
0.249803
1.095290
0.241209
0.266589
0.984670
1.007646
-0.720532
-0.689104
0.183264
0.197677
-0.774583
0.228489
0.231632
0.718573
0.232501
0.225348
0.205561
-0.488529
0.921142
0.224452
0.892710
0.234234
0.015225
-0.738181
0.217254
-0.731368
0.233722
0.293358
-0.114820
0.061682
0.196200
0.253337
0.141945
0.214584
-0.523912
0.248870
0.918887
-0.407221
0.226834
1.225259
1.174762
0.803041
0.282595
0.532658
0.277106
-0.628923
-0.520793
0.230728
0.486625
0.208775
0.283116
-0.773060
0.204179
-0.340689
1.022686
0.358737
0.226251
-0.419368
0.246957
-0.053759
-0.645902
0.244415
0.225904
0.064233
0.070392
0.676525
-0.240425
-0.536189
-0.721654
0.185883
0.225203
-0.396390
1.216944
0.202402
-0.400392
0.217972
0.076774
0.161617
-0.358477
0.482259
0.224982
1.153424
0.252632
0.209900
0.231223
0.258118
1.208652
0.204096
0.234034
0.244062
-0.554740
0.045996
0.223946
0.259949
0.235556
-0.492978
0.204418
-0.109917
0.249442
0.569165
0.224261
1.081055
0.234453
0.217951
0.232942
0.155875
1.236628
0.769073
0.761454
-0.656238
0.256897
-0.658796
-0.677048
0.187012
1.062583
0.241882
0.228923
0.259828
0.226887
0.211805
0.093385
0.348659
0.227076
0.428313
0.220696
-0.222995
0.241816
-0.627200
0.885530
0.217710
0.287102
0.228190
0.643656
0.904977
0.212655
-0.616997
0.453136
0.090498
1.204622
0.234479
0.223777
-0.601853
0.117402
0.235189
0.248699
0.226775
-0.460835
-0.539898
0.010706
-0.749774
-0.421163
0.489844
0.540512
0.778179
0.238932
0.341391
0.206472
-0.255474
0.230046
0.198188
-0.571586
0.227720
0.293214
0.224292
0.239874
0.233610
0.812398
0.202171
0.810856
0.902373
-0.222622
-0.731168
0.203575
0.215440
0.214483
0.227260
-0.387032
0.918413
0.499914
0.532987
0.242211
0.879141
0.216633
0.534921
0.047579
-0.667452
0.265196
-0.435155
0.712825
-0.192084
0.267737
0.228144
0.200413
-0.274085
1.094520
0.208906
1.167553
0.257073
0.245678
0.226281
1.117453
-0.431389
-0.763892
0.239553
-0.460460
0.759375
0.184491
0.493603
0.645762
0.230125
0.208641
-0.416690
0.212841
0.223775
0.575118
0.139134
-0.664063
0.154171
0.212546
0.190950
0.181587
0.247905
-0.543731
-0.408354
1.173314
0.236351
0.244059
-0.687632
0.207964
0.219513
0.817628
0.206740
0.704278
-0.164570
-0.720474
0.712658
0.148561
0.241618
0.914693
0.216342
-0.605563
0.212386
-0.181043
-0.341344
-0.764950
0.227422
0.262021
0.236355
0.232949
0.392992
0.199347
0.234901
1.211857
0.206752
0.221361
0.216775
0.220932
0.186562
-0.764065
0.794766
-0.746542
0.236121
1.142356
0.702793
-0.697500
0.233031
0.225077
-0.218702
0.269512
0.227103
1.197543
0.159511
0.203714
0.692658
0.241534
0.760677
0.194939
0.226928
-0.744520
0.222284
0.730146
0.507052
0.237125
0.147649
0.220934
0.455803
-0.580263
0.498223
-0.082785
0.235398
0.229097
1.092983
-0.418496
0.477837
0.215476
-0.063459
0.239326
-0.589709
0.229899
0.235422
0.219943
-0.703082
0.679705
0.150794
1.265296
0.213401
0.649256
-0.352532
1.041492
0.238114
-0.490842
0.245926
-0.508189
0.232701
0.425329
0.247376
0.499859
0.234079
0.179907
0.230367
0.240270
0.202285
0.243218
0.219972
0.228614
-0.133358
-0.753141
0.405164
0.225585
0.210237
-0.655478
0.679975
0.493305
0.192056
0.188628
0.961581
0.236435
0.846398
0.207095
0.253669
0.249828
0.234027
0.547260
1.059756
0.225115
-0.371043
0.520832
0.227056
0.259661
0.222271
0.238381
0.404727
-0.677666
0.083623
0.224528
0.279931
1.012826
0.226028
0.246591
1.211522
0.581488
0.049850
0.524444
1.225471
-0.580237
-0.375504
0.213286
0.278829
0.216727
0.220096
0.240770
0.208790
0.281568
-0.543231
0.444910
-0.003659
0.343154
0.249144
0.237273
0.231173
0.243449
0.278506
0.703138
-0.504508
0.230079
0.210209
0.448350
-0.207772
0.235266
-0.481128
-0.768727
-0.562861
0.231828
0.229748
0.131713
0.233580
-0.668825
0.199196
0.220154
-0.736134
0.251272
0.248639
0.213866
0.272076
0.234062
-0.741910
0.220487
0.472480
0.364351
0.247858
0.237256
0.659499
-0.505117
0.261309
0.268445
-0.748458
1.114705
0.456553
-0.818201
-0.650926
0.904964
0.243032
-0.798866
-0.746766
0.627251
0.258840
0.222294
0.238203
0.307965
0.233124
0.147243
1.214273
0.244590
0.257341
0.570046
0.209705
0.228557
0.215212
0.218571
0.238196
-0.736536
0.242776
-0.605982
-0.746187
0.211420
0.261524
0.234500
0.571371
0.217721
0.215895
-0.658792
0.237347
0.268508
-0.485693
-0.486995
-0.376326
-0.618011
0.250169
0.203546
0.237567
-0.761387
0.043515
0.240926
0.247375
0.240670
-0.673435
-0.090118
0.257386
0.222791
1.159504
-0.578231
0.264364
-0.342424
0.246756
-0.549095
0.175466
-0.646093
0.195900
-0.747610
0.219058
0.830813
0.172580
0.081625
0.178444
-0.480904
0.211083
0.201341
0.233307
-0.557387
0.256921
0.252726
0.240759
0.207575
0.429552
1.159928
0.956957
1.119296
0.199972
0.617504
0.235039
0.233224
-0.617929
-0.561250
-0.622611
0.042362
0.222366
0.411520
0.206864
0.238849
0.603960
-0.291520
-0.648905
0.210708
0.210224
-0.334013
0.837974
0.685350
0.214773
-0.096365
0.553624
0.212929
1.015466
0.205674
0.765670
0.222332
0.251826
0.273913
0.779841
0.611329
0.201359
-0.450588
0.210491
0.561408
0.214614
0.232774
0.979510
-0.744272
0.228887
0.212457
0.219979
0.210298
0.242062
-0.727575
0.193270
0.242012
0.107616
0.273944
0.230219
0.227516
0.239361
0.217245
-0.047547
0.426599
0.239481
1.210692
-0.737076
0.201383
-0.492539
-0.596849
0.213171
0.726640
0.219899
-0.134142
-0.379979
-0.324822
0.219133
0.635607
0.000396
0.904077
-0.392106
0.693403
-0.170249
-0.138402
-0.010039
0.231495
0.263344
0.234770
0.295347
0.231655
-0.376835
1.075293
0.198400
0.241234
0.915040
-0.008918
-0.776110
0.672212
-0.195751
0.201996
0.222323
-0.664976
0.144256
0.244249
-0.757200
0.224857
0.154804
0.239092
0.218951
0.253529
0.278436
0.257787
-0.674226
0.245934
0.216743
0.273354
-0.765024
1.067507
1.016378
1.171114
0.251541
0.255821
0.157750
0.231572
0.224233
0.240713
-0.600706
1.179500
1.078042
-0.225315
-0.678350
0.219266
0.987332
0.237542
0.221221
0.211012
0.593050
0.214656
0.904915
0.224246
1.049317
0.221509
0.209828
-0.707711
0.235508
0.211416
-0.320944
0.215032
0.235813
0.739041
0.226440
0.246999
0.231230
0.071411
0.236620
0.219335
-0.685723
-0.405047
0.261810
0.241650
0.236873
0.226865
0.239015
-0.694378
-0.790387
0.240359
-0.211737
0.274509
1.164821
0.250316
0.221046
-0.759544
0.234561
0.267001
0.244102
0.266708
0.204568
0.790454
0.508397
-0.742901
0.224495
0.230493
0.530869
0.226280
1.188358
0.236651
-0.602118
-0.683597
0.240096
0.222783
0.230927
0.213333
0.247538
0.208546
0.492375
0.913346
-0.288720
0.216371
0.205505
-0.716160
-0.433886
-0.674116
0.276551
0.255509
0.219834
0.531797
0.241829
-0.483080
0.226284
1.246975
0.502998
0.108602
1.270381
0.204689
0.264664
0.713780
0.251611
0.239496
0.229289
-0.667069
0.419913
-0.190938
0.220381
0.231623
0.679252
0.614658
0.250653
0.223623
-0.713519
0.226675
-0.041237
0.198268
0.927352
0.207849
0.238639
0.548988
0.893118
0.252509
0.225002
0.514530
0.229314
0.223536
0.129041
0.158988
0.201809
0.212446
0.975430
0.625090
0.388612
0.297035
-0.581406
0.215358
0.431053
1.234717
0.217376
0.195093
0.676983
0.206591
0.213912
-0.383095
0.218994
0.691544
0.780848
0.494728
1.049224
0.228689
0.250336
0.583889
0.360460
-0.755261
0.214502
0.196630
-0.709198
0.176821
-0.621121
-0.680447
0.924634
0.213953
0.190733
1.092256
0.336550
0.223631
0.841706
0.207280
0.993613
-0.406062
0.260992
0.221011
0.214959
0.230604
0.934571
0.327260
0.158246
0.207097
1.202735
0.232817
0.165050
0.690017
0.233856
-0.169536
0.598156
0.233160
0.202982
0.199462
-0.669887
0.584238
1.176634
0.706673
0.250857
0.089999
0.183676
0.242079
0.244347
-0.671549
0.252152
0.215964
0.207957
0.699494
-0.504680
-0.574035
0.236591
0.251357
0.853338
0.247514
0.232571
0.260863
0.962061
-0.365567
0.812164
0.253766
0.262922
0.260056
0.251584
-0.763919
0.250504
0.233385
0.465700
0.212321
0.672842
0.240871
-0.173896
0.384747
0.215421
-0.566385
-0.663029
0.174816
0.267143
0.224243
0.228363
0.324952
0.223398
0.197383
0.889075
0.214639
-0.010266
0.237087
0.611297
1.160117
0.223030
0.181120
0.975647
1.167575
0.233392
0.237745
0.682663
0.244327
-0.295700
0.221552
1.198733
0.179909
0.655769
0.305316
0.234667
0.243217
0.228273
-0.102492
0.248922
0.222659
0.250439
0.793719
-0.324485
0.216385
0.414123
0.172444
0.041759
0.256442
0.265605
-0.091156
0.234061
0.217131
0.013007
0.870129
-0.436261
0.239991
0.210628
0.201620
-0.705066
-0.004176
0.176353
0.191997
0.224663
-0.512909
-0.217093
0.307177
0.697789
0.173393
1.253102
0.895329
0.777375
-0.253524
0.231471
0.179180
0.229495
0.250597
0.026764
-0.313435
-0.250654
0.229764
0.840220
0.225691
0.207584
0.228315
-0.692855
0.227338
-0.486254
0.003322
0.216364
-0.394746
0.141318
0.199932
0.239875
0.247410
1.068867
-0.056066
0.935394
0.262478
0.242183
-0.779628
0.235864
0.229227
0.218291
0.255273
0.216026
0.796495
0.231136
-0.214277
0.313389
-0.237303
0.691081
0.644242
-0.603094
0.224230
0.227119
-0.703218
0.384017
0.609529
0.227831
0.250324
0.206373
0.250421
0.278822
0.266758
0.245239
0.203076
0.182851
-0.720564
0.001676
0.288491
0.850647
0.195239
0.227969
0.782697
0.780877
-0.603745
-0.745461
-0.548527
0.225690
0.197613
0.231497
-0.725472
1.048244
0.259919
0.258742
-0.540547
0.229683
0.250130
0.746674
0.202464
-0.092206
0.245980
-0.371262
0.227870
0.232394
-0.157023
0.645941
-0.799192
0.261780
-0.752013
0.805617
-0.042354
0.257330
0.074743
0.220996
0.204818
0.223839
0.198872
-0.349417
0.236701
-0.736789
0.990660
0.204646
0.762698
0.213814
-0.334126
0.207581
0.281084
0.228304
-0.154653
-0.240113
0.893319
0.189280
0.240007
-0.674201
0.220913
0.199711
0.215898
0.199612
0.224389
0.199194
0.256453
0.248960
0.214461
0.238170
0.227979
-0.735719
0.572522
0.220064
0.234787
0.228691
0.202182
-0.257187
-0.662301
0.239427
0.222283
0.588775
-0.243470
0.243316
0.232273
-0.805635
0.214504
-0.689193
0.245362
0.170070
0.211128
-0.329603
0.236388
0.833164
0.982085
0.220963
0.243156
0.251015
0.216659
0.238430
0.198668
-0.721530
0.799442
1.239441
0.244942
0.182417
-0.682409
0.226821
0.938701
0.244934
0.226108
-0.766263
-0.221456
0.207710
0.239630
0.995123
1.258700
0.247732
0.212171
0.234833
-0.532149
-0.774275
0.955452
0.204990
0.839086
0.334871
0.233497
0.234696
0.243043
-0.563858
0.961611
0.200628
0.232021
0.217998
0.417804
-0.639196
0.239485
-0.266508
0.207179
0.706122
0.230806
0.230271
0.754099
0.226523
0.240258
-0.740178
-0.659149
0.220064
0.258798
0.317188
0.228358
0.351481
0.226243
-0.054677
0.203638
-0.689213
0.247615
0.816145
0.227855
-0.580012
-0.058400
0.366903
-0.644277
0.235718
0.965784
0.262984
-0.021907
0.228188
0.250069
0.255386
-0.525526
0.481711
0.237846
1.202752
-0.598463
0.247630
0.004795
-0.094420
-0.028644
0.220765
0.255683
0.219351
0.232416
0.837747
-0.654290
0.191568
0.238540
-0.266144
-0.481407
-0.328966
0.336508
0.223663
1.024836
1.193287
0.230221
0.838061
0.216501
0.224691
0.251499
0.400743
0.661694
0.626162
0.005553
-0.310596
0.024842
0.203117
-0.765911
0.204165
0.250771
0.605669
0.224519
0.546468
0.229851
0.232139
0.467147
0.225247
0.209550
-0.603755
-0.636876
0.217294
0.219281
0.957574
0.255923
-0.671634
0.251990
-0.667333
0.055728
1.213162
0.241513
0.217796
-0.295385
0.265336
-0.667970
-0.487271
0.582727
0.215448
0.221839
0.243954
0.190396
0.240901
0.100896
0.239686
0.239350
0.213844
0.231992
0.242559
0.215609
0.855414
0.262927
-0.500383
0.212248
-0.706923
-0.082203
0.687873
0.238258
0.938486
0.218079
-0.792674
0.204725
0.243095
-0.151230
1.233621
0.235708
0.241153
0.255579
0.242833
0.244514
0.230452
0.220633
0.176288
0.715750
0.225303
0.050623
0.259313
0.215265
0.258688
0.229861
0.212715
0.447925
0.244880
0.250108
0.236398
0.212030
-0.729652
-0.692579
-0.663995
0.506086
0.402921
0.205688
0.000382
0.212945
0.240807
0.230585
-0.235494
0.204114
0.252288
-0.734134
0.231356
0.883034
0.229247
0.234041
0.371318
0.195284
0.191202
-0.547652
0.238337
0.275350
1.143083
0.218094
-0.060048
0.744571
-0.051240
0.262639
-0.439101
0.202941
-0.740547
0.229611
0.297932
0.239279
-0.190298
0.466275
0.238491
-0.404794
0.837506
0.173911
-0.351828
0.241134
-0.695852
0.214829
0.300684
-0.520088
0.213657
0.259808
1.160806
1.084203
0.472045
0.175252
0.216878
0.868724
-0.137119
0.225289
0.943362
-0.774469
0.234394
0.231288
0.190197
0.256730
0.250895
0.230937
0.176042
-0.769914
-0.673594
0.234941
0.249507
-0.697607
0.211139
-0.596346
-0.618301
-0.451328
0.423032
0.208380
-0.735030
1.102349
0.821853
0.205292
0.194631
-0.305168
0.227216
1.115166
0.125939
0.425069
-0.451190
-0.355590
-0.699143
-0.099761
-0.612636
0.264697
0.378048
-0.645695
-0.331930
-0.766924
-0.148443
-0.760774
0.388662
-0.747720
0.687151
0.250632
-0.155535
0.214151
0.179210
0.890049
0.376726
0.224296
-0.767253
1.211933
1.208793
-0.724060
1.260896
0.278480
0.229068
0.245486
-0.771225
0.203903
0.161885
0.224111
-0.632769
0.192858
0.738309
0.235707
-0.353850
0.239461
0.227448
-0.693438
0.230443
-0.131283
0.582575
0.251104
0.375876
0.757326
0.246504
1.137134
0.168163
1.153359
1.249223
0.235996
0.250138
0.245710
0.514943
0.203579
0.684115
0.215909
0.760764
0.264144
1.000085
0.201125
-0.151701
0.210913
0.464565
0.145588
0.749376
0.220110
0.210631
0.256233
-0.374575
0.186739
0.244745
0.219580
-0.626886
0.907961
0.248671
0.217933
0.218211
-0.598691
0.846036
-0.811047
-0.758592
-0.708126
-0.184535
1.222666
0.201064
-0.392744
-0.753564
0.215237
0.207001
0.185345
0.236138
0.255765
-0.564486
-0.637636
0.250330
0.243231
0.239202
1.043976
0.213281
0.619320
-0.280240
0.225645
0.248393
0.244209
-0.284358
0.401727
0.191462
0.280729
-0.490751
0.203276
0.241999
0.257512
-0.477767
0.220976
-0.718912
0.217739
0.466371
-0.569007
0.233249
-0.719769
-0.677627
0.210632
0.946862
0.228193
-0.558034
0.247917
-0.531654
-0.748112
0.249522
0.247829
1.188741
0.205334
0.194529
0.377626
-0.750927
0.215287
0.222871
-0.208373
0.279216
0.764429
0.248978
0.226183
0.248372
0.216173
0.421430
0.230434
0.203887
0.246114
-0.613980
0.245862
0.221660
0.234232
-0.236007
-0.504540
0.928945
-0.743318
0.216914
-0.211579
0.214846
0.218657
0.235952
-0.241229
-0.029868
0.821233
0.280184
-0.767049
-0.612142
1.116857
0.227037
0.177168
0.241747
0.721944
0.231368
0.215610
0.231000
0.206924
0.247833
0.177276
0.202948
0.235893
0.246368
0.234728
0.226440
0.752747
0.629548
0.203028
-0.358800
1.198643
0.237293
0.699304
0.194018
-0.112485
0.205951
-0.519830
0.226315
0.422769
-0.699108
0.790610
0.285708
0.230394
0.394483
0.218439
-0.648737
1.248052
0.209040
0.184801
0.169426
0.253602
0.246188
-0.008636
0.150442
-0.156623
0.248155
-0.257552
1.218193
0.226149
0.286844
0.206595
0.838895
0.152349
0.234515
0.217572
0.250234
0.825587
0.214844
0.228838
0.207471
0.465050
-0.385360
-0.599751
1.055202
0.943249
0.218310
-0.416100
-0.479329
0.252642
0.267924
-0.787597
0.236285
0.207994
0.799248
0.234490
0.194855
0.578582
-0.567085
0.813068
1.181390
0.230151
0.252488
0.192297
0.222205
0.217052
-0.039397
0.482498
0.218088
0.226364
0.274434
0.538491
-0.422112
0.247212
-0.074929
0.234224
0.226605
0.216308
0.249504
0.386569
-0.182333
0.928669
0.130406
0.203896
0.219889
1.218579
0.835304
0.075876
-0.685332
1.176952
0.588498
0.223017
1.054888
-0.749742
-0.453269
0.230644
-0.712913
1.060923
0.945479
0.196443
0.258167
-0.578085
0.225792
0.260059
0.204338
0.248826
0.228203
0.231346
0.218651
0.269822
0.266667
0.214524
0.213026
-0.728469
0.238900
0.245843
0.262443
-0.050478
-0.748321
0.259931
0.232025
0.106809
0.273333
-0.130478
-0.062184
-0.123508
-0.264378
0.132505
0.223366
0.204209
0.522019
0.222494
0.161866
0.231530
1.199195
0.243234
0.212298
0.743854
0.245116
0.241955
0.213799
-0.383218
0.231766
0.256665
0.239541
0.329130
0.253333
0.322367
0.287046
-0.766169
0.226687
0.263324
0.221552
-0.483941
0.183133
-0.025251
0.220614
0.206380
0.125296
0.594567
0.265584
0.225091
-0.586828
-0.801967
0.547859
0.751899
-0.731806
-0.752430
0.798361
1.238938
-0.232885
0.230885
0.239218
0.762158
0.322962
-0.744109
0.833404
0.222711
0.223156
-0.294405
0.066627
0.260459
0.216678
-0.216800
0.252489
0.242018
0.235094
0.207819
0.214287
0.499672
0.221908
0.327616
0.530055
0.261723
0.229813
0.249727
0.303025
1.216154
0.178355
0.255924
0.233016
-0.441425
0.505093
0.230945
1.039768
0.441385
0.733174
-0.701801
-0.085188
-0.536621
1.070447
0.736687
0.352724
0.214700
-0.355515
-0.744373
0.468600
0.211103
1.035720
0.639180
0.263480
-0.800060
0.438777
0.684753
0.283567
0.268475
0.183967
0.176432
-0.191501
0.203426
1.161114
-0.537717
0.225454
0.215873
0.212970
0.187863
0.253957
0.167760
-0.738438
-0.311671
0.247258
0.218111
0.244474
1.117218
0.228915
0.225786
0.212072
0.249925
1.093248
0.270534
0.217000
0.285456
0.225710
0.279140
0.227534
0.242676
-0.205235
0.221166
0.415418
0.138522
0.236561
0.951458
-0.347377
0.198579
-0.757344
0.248425
-0.730055
0.223374
0.222261
-0.508126
0.258558
0.209246
-0.686810
0.715692
0.249464
0.215910
-0.484091
0.191361
1.033262
0.032488
0.182558
-0.009675
-0.377881
0.242602
0.228369
1.224752
-0.724554
0.215245
0.220810
0.236738
0.223317
0.216841
0.203759
0.236902
0.672115
0.995328
0.236662
-0.746565
-0.358435
0.236273
0.270479
0.240562
0.191383
0.790352
0.248146
0.283597
0.218347
0.216954
-0.761334
0.230029
0.672860
0.737747
0.269704
0.201112
0.239024
0.198520
0.232350
0.216930
-0.021634
0.673997
0.251757
-0.379833
0.200932
0.326430
-0.246476
-0.401708
0.406287
0.187529
0.298320
0.223165
-0.103446
0.223587
0.189071
-0.302659
0.211884
0.236464
-0.821844
0.219039
0.163447
-0.692081
0.247312
0.204997
0.252981
0.312115
0.135039
-0.778518
0.218924
0.218866
0.221359
0.238459
0.772470
0.255387
0.585838
0.390116
0.319436
0.188754
0.626043
-0.708946
0.246191
0.887490
0.070578
0.218232
0.493612
-0.428058
0.414319
0.658576
0.233109
0.223785
0.248885
1.167551
0.256587
0.223643
0.194406
-0.389434
-0.282055
0.408163
0.232966
0.771746
-0.449922
1.085836
-0.298545
-0.275961
-0.213061
-0.189543
0.209940
0.821324
0.226139
0.197128
-0.201677
0.211870
0.277053
0.221969
-0.333640
0.215761
-0.635240
-0.736291
-0.722368
1.201951
0.206839
0.231720
0.212712
0.192353
0.213994
0.879832
0.230953
0.384776
0.420459
0.224534
-0.722462
-0.478442
1.152175
-0.605035
0.005500
0.792998
0.212146
-0.775243
0.218258
0.231211
0.151267
0.216471
1.162339
0.800971
0.245152
0.239686
-0.671500
-0.154296
-0.783825
-0.037852
-0.352794
-0.720055
0.191583
0.595141
0.234780
0.242494
0.212559
0.248916
0.471380
1.163015
0.263096
-0.521137
0.248114
0.805216
0.238971
0.192410
0.212658
-0.764287
0.227087
-0.184917
-0.784924
1.029055
0.237726
1.197610
0.226756
-0.370225
0.224316
0.250409
0.259575
0.220932
-0.140608
0.197401
0.484693
0.245859
0.245201
0.117799
0.222763
0.267976
0.174428
0.211161
1.256806
0.242072
0.505164
0.184459
0.272142
0.222208
0.264133
-0.575947
0.677158
-0.759835
0.243249
0.214010
0.419307
0.222847
0.325543
0.233113
0.719945
-0.579756
-0.706477
1.152073
0.643829
0.217305
0.258922
0.847582
0.220017
0.695815
0.312708
0.220950
0.247812
1.170646
0.218308
0.226649
-0.365358
0.719494
-0.699705
0.719778
0.303794
0.262636
0.216860
0.230304
-0.577093
0.264459
0.183433
0.186268
0.202426
-0.289707
0.780689
1.164759
0.668996
-0.080689
0.256293
0.230365
0.347531
0.222003
0.615354
0.223457
-0.050306
0.119439
0.235722
0.279671
-0.715238
0.195859
0.878786
-0.752042
0.230205
0.238182
0.232289
0.733941
0.226556
0.235774
0.703490
1.081610
1.084111
-0.201879
0.239625
0.247279
-0.805168
0.774752
-0.683629
0.253958
0.232154
0.264793
0.192101
0.589945
0.221703
0.244115
0.853874
0.224318
0.207549
0.238910
0.161880
0.346453
0.232726
0.267691
0.185395
0.240368
0.440724
0.226022
0.232234
-0.654844
-0.038555
-0.541199
0.233757
0.211764
0.193437
0.626849
0.225157
0.216952
-0.657261
0.257784
0.235321
0.265839
-0.727054
0.206901
0.190821
-0.714619
-0.742379
0.381630
0.215558
0.219309
0.172491
0.239346
0.233153
0.279517
-0.690407
0.262068
0.563303
-0.354222
1.037622
0.239653
0.109757
0.239098
0.243078
0.011389
-0.608710
-0.580958
0.247890
0.765672
0.196214
0.216215
0.250638
0.240387
0.507859
0.277869
0.244574
0.428025
-0.525858
0.093596
0.058434
0.162034
-0.241558
0.210766
0.230523
-0.266050
-0.539743
-0.036978
-0.061836
-0.581070
0.244619
0.492003
1.245629
-0.224127
0.239733
0.764330
0.240403
0.262684
0.241472
-0.556886
0.871161
0.519817
-0.371794
0.709732
0.180856
0.786617
-0.778635
-0.092481
-0.751208
0.230923
0.252653
0.212681
0.256322
0.242509
-0.458295
0.949382
0.252070
-0.691240
0.219640
-0.209991
-0.093214
0.235430
0.222849
0.272028
0.224365
1.213005
0.231020
0.208239
0.190459
0.206354
0.624877
0.265882
-0.694798
0.247638
-0.699119
0.244546
0.169778
0.846552
-0.785208
0.252446
0.218719
0.215707
0.300626
0.195961
0.234127
-0.317710
-0.778107
0.139909
0.212898
0.153287
-0.495827
0.244036
0.217195
0.240916
0.225593
-0.275542
0.236036
0.246924
0.164042
0.230442
-0.249885
0.232413
0.427575
0.237111
0.221140
0.273703
-0.335373
1.225590
-0.560676
0.591684
0.221528
-0.765923
0.224253
0.247725
0.775381
-0.700357
0.251124
0.033559
-0.694485
0.286915
0.250464
0.274217
0.214969
-0.085504
-0.205348
1.102403
0.123423
-0.798241
0.233833
0.253745
-0.571678
0.564188
0.238464
0.228090
0.227821
-0.270065
0.443474
-0.646275
0.434764
1.179456
0.220198
0.884989
-0.653013
0.165060
0.182722
1.165531
-0.746475
0.211074
1.274595
-0.243183
0.223059
0.252421
0.207525
-0.463579
0.506378
0.255948
-0.499654
0.566758
-0.578277
-0.067942
-0.516857
-0.736172
-0.518171
0.246086
0.256583
-0.749350
0.965467
0.205794
0.726010
-0.728316
0.218793
-0.070675
0.571628
0.192247
0.247740
0.237611
-0.272204
-0.165795
0.220442
0.156201
1.002173
0.260861
0.679063
0.241519
0.225654
-0.640881
0.071180
0.221145
0.259521
0.917338
0.584281
0.200898
0.217537
0.232172
-0.658977
-0.357826
-0.299350
0.209172
-0.781959
-0.721237
0.140072
0.240787
0.676882
-0.435898
0.224645
0.252130
0.211695
0.171606
0.215925
-0.631687
0.249763
1.219653
0.125484
0.225283
0.222207
0.195811
0.675761
0.136708
-0.742834
0.197681
0.201099
0.758752
0.235792
-0.696280
0.253215
0.435857
1.020397
-0.375127
0.129336
0.196663
0.353717
-0.704822
-0.392022
0.572771
0.180102
-0.734264
0.244756
0.260536
0.253092
0.410807
0.225801
-0.613583
0.215720
0.231655
0.771744
0.138975
-0.740843
0.233922
0.232156
-0.557810
0.157208
-0.744832
0.213695
0.243321
0.234318
0.219994
0.244477
0.246607
0.916465
1.219011
0.178040
1.214497
0.243376
0.299033
0.234371
0.265744
0.210226
0.256320
0.220972
0.585497
0.190083
-0.468551
0.618706
0.963597
0.075846
0.257592
-0.784650
0.259680
0.210156
-0.411385
0.255818
0.662583
0.250158
0.230089
0.231668
0.235272
-0.132960
0.203977
-0.644942
0.205943
0.219835
0.246331
0.240329
1.221700
0.225643
-0.699535
0.155634
0.194654
-0.430514
-0.225807
1.194738
-0.153243
-0.604213
0.234743
-0.311606
0.957342
-0.396474
0.180955
1.097924
0.020279
0.221336
0.507400
1.053631
0.227298
0.177703
0.472672
-0.682694
0.202827
-0.153471
0.208484
-0.463920
0.217265
-0.713172
0.961247
0.242050
0.171797
0.226059
0.238900
0.218214
-0.453013
0.211087
0.264450
0.167396
-0.338012
0.240519
0.206453
0.702294
-0.301077
0.254887
1.206953
0.129429
0.223293
1.217093
-0.060060
0.203074
0.610146
0.210661
0.236577
0.231316
0.271971
0.247565
-0.081323
0.264834
-0.025990
0.969174
0.231407
0.295031
-0.324389
-0.076947
-0.716511
0.609292
0.251024
-0.189708
0.231142
0.230846
0.191830
0.274412
0.225615
0.191735
1.008529
0.201554
-0.610341
-0.738529
0.270203
0.245008
-0.114572
0.741483
-0.762864
-0.747202
0.214001
0.294637
-0.331168
0.203268
0.235283
-0.277891
-0.091560
0.230189
-0.770781
0.539515
-0.736298
0.240675
1.102911
0.325517
-0.805660
0.221570
-0.573213
0.238532
0.238603
0.197721
0.262076
0.213221
0.229487
0.241726
0.253944
0.218918
-0.333524
0.218657
-0.731011
0.836102
-0.759758
-0.685806
0.553469
0.255086
0.109070
0.209505
0.117117
-0.206481
0.457095
-0.699599
-0.407306
0.267048
0.199076
-0.350228
0.171394
0.229766
0.199463
0.203234
-0.394753
0.242546
-0.426825
0.219745
0.232423
0.206293
-0.803312
0.242282
0.322136
0.816745
0.705761
0.206232
-0.686725
0.295495
0.222373
-0.336481
0.213655
0.012859
0.209624
0.237212
0.230658
0.284987
0.217809
0.776277
0.272221
0.186513
-0.671531
0.230903
0.523154
0.243320
0.010532
0.233000
0.220339
0.227706
0.119993
0.252176
0.239632
0.286718
1.204245
-0.476442
-0.264603
0.395376
0.229310
-0.340507
0.930681
-0.034264
0.238468
0.231653
0.178874
0.185925
0.266038
0.521521
0.249541
0.225313
0.194232
-0.675615
0.253401
0.290828
-0.525583
0.267879
-0.586372
-0.786856
0.227289
0.242454
1.171830
0.091960
0.186516
1.085950
0.198623
0.202451
-0.754406
-0.307138
0.170909
0.260559
0.597354
0.181280
0.205284
0.277103
-0.315031
0.261224
-0.614576
0.231369
-0.549972
-0.743256
1.242939
0.233533
0.273131
-0.246290
0.229129
0.249271
1.214122
0.273474
0.237758
0.219145
0.869097
0.564674
0.799192
0.213494
0.316645
0.242034
-0.051742
0.227456
0.236776
1.098127
0.449517
-0.665151
-0.777603
-0.157392
0.250122
-0.286996
0.268889
-0.718426
0.210697
0.222353
0.556790
-0.543547
-0.746288
0.200780
1.090251
0.235980
-0.509722
0.250141
0.244862
0.218240
0.251637
0.227556
0.235974
0.345238
0.213318
-0.336644
-0.102429
-0.778433
0.204975
1.193519
0.248567
0.193403
0.742154
-0.524136
0.244580
0.237995
0.224856
-0.344428
0.259797
0.221057
-0.017769
-0.543524
0.699963
-0.043161
-0.576370
0.217640
-0.729482
0.323210
0.336582
-0.734452
-0.760713
0.248419
0.796787
-0.576511
0.242294
-0.781368
0.400626
0.218651
1.130339
0.242355
0.220679
0.262005
0.214314
0.233588
0.393002
0.216762
0.230824
0.233480
0.900406
0.231033
-0.745997
0.489838
0.052535
0.226657
0.242607
0.215735
0.202000
0.236479
-0.707975
0.721678
0.184871
0.217758
-0.699005
0.223381
0.184989
0.947891
0.890582
0.218204
0.251741
0.348080
0.253232
0.418634
0.209905
0.766603
0.202402
0.257106
-0.458985
0.249899
0.803638
0.342747
-0.638735
0.255367
0.227681
0.226068
0.191095
0.261132
0.185428
0.161028
0.227838
0.182984
0.813698
0.228392
-0.175939
0.237833
0.263340
0.274508
1.138887
0.722391
0.174412
0.236101
0.222802
0.227725
0.214293
0.226680
0.066892
-0.116626
0.730561
-0.693142
0.241049
-0.759412
0.205317
0.188410
0.948219
0.195959
-0.543398
0.813981
0.224273
0.221610
0.237040
0.231298
0.085836
1.026155
0.225481
0.221250
0.243380
1.020732
0.202092
0.570065
0.214641
0.259380
0.262934
-0.740109
0.236071
0.254937
0.249109
-0.770366
0.240102
0.322582
0.608648
0.254913
0.735213
-0.230128
0.222145
-0.177257
-0.751158
0.241707
0.227157
0.206015
1.081467
1.106942
0.227034
-0.376652
-0.484217
0.708527
-0.617645
0.296631
0.215018
0.226751
0.206229
-0.191874
0.225733
-0.748511
0.273218
0.250586
0.232290
0.223736
0.234409
0.664544
-0.675831
-0.773075
0.954337
0.200798
0.233430
0.232906
0.584177
1.038150
-0.727375
-0.535805
0.202929
0.244833
0.242622
0.260749
0.261636
-0.366060
0.218283
0.199639
0.204396
-0.755059
-0.377498
0.663840
0.069916
-0.700315
-0.512240
-0.716598
0.229223
0.215914
0.105827
0.602779
0.197810
0.206081
0.210039
0.239410
-0.567065
0.352213
0.219582
0.455135
0.206129
-0.132923
-0.730797
0.214385
0.218957
0.616712
0.233418
0.212577
1.129040
-0.371218
0.252334
0.238479
0.243675
-0.697656
0.239944
0.210059
1.213748
0.226574
0.211163
0.270080
0.060326
1.198604
-0.657070
0.234399
0.218447
-0.773940
0.222645
0.225539
-0.749153
0.222854
0.201985
0.230825
-0.198382
0.221380
0.218322
-0.712028
-0.212981
0.072129
-0.228886
0.208226
-0.120402
-0.561766
0.606239
0.244098
0.366578
0.911698
1.196912
0.484298
0.131351
0.229281
-0.737368
0.205581
-0.735522
-0.129968
0.224975
0.842560
-0.049359
1.090951
0.232782
1.130642
-0.150382
0.245338
-0.582288
-0.100354
0.245808
-0.323946
0.463548
0.500627
0.169826
0.260720
0.227104
0.203825
0.226563
0.250122
0.240010
0.230625
0.191319
0.186001
0.134043
-0.780443
0.262876
-0.189206
0.247047
1.003912
0.243049
0.944702
0.206614
-0.612019
0.232078
0.218661
0.234091
0.276090
0.275446
0.800556
1.159068
0.212972
0.276584
0.257825
0.255942
0.216640
0.229068
-0.428090
0.661582
0.916606
0.231949
-0.339275
-0.723283
-0.715380
1.021195
0.276875
0.259389
-0.754293
-0.767569
-0.599057
-0.747193
0.969063
-0.058124
0.259430
-0.597638
0.209219
0.244038
1.214252
0.232048
0.207005
0.247964
0.846071
-0.400771
0.196701
1.181318
0.252930
-0.668757
0.225954
0.252923
0.277163
0.224343
0.244538
0.100670
0.708463
1.189170
0.158775
0.203668
0.214814
-0.189100
0.236004
-0.712623
0.209744
-0.060559
0.260426
0.239236
0.132910
0.242347
0.217496
0.410951
0.236596
0.237958
0.271475
0.575275
0.227513
0.235394
-0.111850
0.984971
0.226536
0.558546
-0.220308
0.202311
-0.560833
-0.202481
0.233068
0.197059
0.209608
-0.622995
0.881272
0.852451
-0.762762
0.187958
0.244341
0.211690
0.224400
0.260795
0.221575
-0.585122
-0.770686
0.275382
0.208476
0.658260
-0.749401
0.253039
1.214937
0.247481
0.793786
-0.641018
0.208821
0.266608
1.175781
0.215378
0.209346
-0.129095
-0.449509
0.226762
-0.605117
0.214901
0.666026
0.205731
0.181008
-0.758471
1.136613
0.211342
0.355400
0.458295
0.225699
-0.046723
0.249174
0.204665
0.461373
0.173659
0.707145
-0.072693
0.220244
-0.612689
-0.767046
0.085970
0.276253
0.254479
0.217846
0.247858
0.237276
0.207731
0.178616
-0.078900
0.222037
-0.262841
0.234439
0.263551
-0.446923
0.225179
0.212513
0.613755
-0.428863
1.038591
-0.621006
0.235450
0.271701
0.217647
0.362944
0.702939
0.152687
0.634610
-0.104926
0.733883
0.746255
0.224160
0.247485
0.182085
1.032186
1.226366
0.198176
-0.537759
0.255506
-0.679420
1.141014
0.207357
0.222954
-0.005797
0.211609
1.189363
0.965818
0.706836
1.273713
0.480427
0.223987
0.581216
0.219069
-0.766981
-0.182806
-0.650537
0.199535
0.270857
-0.633119
0.221923
-0.783025
0.194976
-0.466201
-0.702208
-0.732007
0.255869
0.222948
0.230054
0.164100
0.201490
0.767763
0.226442
0.879379
0.212462
0.803005
-0.697234
0.244707
0.268060
0.252222
0.236804
0.310066
0.241577
0.152428
0.236502
-0.756450
0.523660
0.203574
0.259745
0.707184
-0.182390
0.289965
0.968556
0.203841
0.197128
-0.754406
0.214420
0.236887
-0.197894
0.227987
0.569909
0.262025
0.757641
-0.110097
0.243933
0.209115
0.768342
1.122332
0.455715
0.243440
0.261801
0.754721
0.836733
0.216839
-0.495777
0.258574
0.275692
0.255215
0.577261
0.223538
0.212539
0.231023
0.215185
-0.234237
0.233885
0.207714
0.224607
0.549681
0.234500
0.242815
0.229503
-0.724941
0.194644
0.269037
-0.407576
1.164630
0.263765
0.198389
-0.164640
-0.208370
0.748866
-0.632753
0.351197
-0.755938
0.221731
0.239854
0.204727
0.231594
0.238311
0.842421
0.236551
0.404866
0.255781
0.758003
1.187495
0.232168
0.250380
0.300904
-0.726766
0.210762
0.212761
0.246762
0.213993
0.208862
-0.292816
0.217558
0.151764
-0.586339
0.202957
0.198877
0.011940
-0.760673
0.237913
0.235741
1.097780
-0.716304
-0.571580
-0.155285
-0.505139
0.215984
-0.648055
0.241455
0.867015
-0.502267
0.285250
-0.766552
-0.553855
-0.121542
-0.298511
0.242499
0.179354
1.173828
0.236022
0.603062
0.855445
0.158986
0.227315
-0.443218
0.184873
0.222820
0.235123
0.223301
0.209487
0.515864
0.210531
0.226654
0.222409
0.281690
1.208971
0.225545
-0.638703
0.234408
1.041242
0.225942
1.134385
-0.453802
0.248652
1.230235
0.219548
0.221647
-0.375600
0.779917
-0.552387
0.214333
0.674293
0.226954
0.216989
-0.182723
0.228214
0.230854
0.253093
0.234917
0.238326
-0.502965
0.231712
-0.782190
0.539190
-0.185334
0.194620
-0.523098
0.603057
0.236205
0.223696
0.439155
0.240026
1.134335
-0.332309
0.232191
0.290783
0.632617
0.219032
-0.511151
-0.436545
0.959312
0.174247
-0.678688
0.225169
0.212168
1.052933
0.376814
0.220347
0.221283
0.234078
-0.887185
-0.707407
0.777845
0.223627
0.864994
-0.839332
0.776952
-0.297962
0.200762
-0.804057
0.221604
0.226824
0.045308
0.197285
-0.745899
0.225310
0.211979
0.225745
1.113974
0.242405
0.325066
0.972483
0.579829
0.220317
-0.357135
-0.189639
0.186275
0.252231
0.216426
0.214836
0.231156
0.200692
-0.734529
0.034608
0.226124
-0.781107
0.604512
0.255175
0.706959
0.813153
0.210156
0.215623
0.195525
0.248911
0.236392
1.221971
-0.034603
0.126418
0.245891
0.287477
0.222270
0.026069
0.546331
0.967045
0.215858
-0.639209
-0.538332
0.169560
0.687242
-0.221249
-0.332688
0.229577
0.205565
1.157333
0.220870
0.248688
0.229049
0.227014
0.213379
0.253836
0.200044
0.247836
0.320381
0.211025
-0.532742
-0.794374
0.259033
0.245353
0.904342
0.478323
-0.738250
0.224347
0.350507
0.225674
0.216979
0.230848
0.371008
0.796244
0.249006
0.745933
-0.155141
0.233519
-0.270817
0.488353
0.210483
0.225855
-0.644162
0.091486
0.222451
0.233810
0.253506
0.462912
0.186459
-0.228374
0.207448
0.095537
0.288874
0.201396
0.273851
0.436317
-0.664771
0.243921
-0.692084
0.243322
0.234452
-0.769979
0.904023
1.275390
-0.690007
0.181965
1.212672
0.809653
0.204425
0.217035
-0.719647
1.121213
0.232940
-0.071824
0.241666
-0.495945
0.850927
0.235964
0.244135
0.231775
0.223698
0.028018
0.233376
-0.464738
0.237047
1.129070
-0.407375
0.686194
0.164914
0.219837
0.211417
0.204442
0.243757
-0.663209
0.294410
0.263905
0.216804
0.220263
-0.516341
-0.715603
0.234570
0.261939
0.929366
0.222915
0.216666
0.248429
0.803912
0.241679
-0.296376
0.222661
-0.028377
-0.660500
-0.507615
-0.842413
-0.459724
1.048171
0.244153
0.229465
-0.520286
0.219342
-0.255722
-0.582177
0.232811
-0.563074
0.090763
0.213557
-0.697441
0.435079
0.208615
0.308780
0.700923
0.025636
0.237094
0.246624
0.209918
0.240090
0.726531
0.226813
0.268936
0.239744
0.237125
-0.718414
0.235245
0.233293
-0.261824
0.248252
-0.733034
-0.146595
0.218323
0.227616
0.307750
0.202293
0.380040
0.232702
0.208424
0.213570
0.580774
0.201298
-0.678599
-0.053455
-0.746709
-0.621587
0.280465
0.253935
0.232634
1.066691
0.675497
0.232888
0.515671
0.218621
0.227151
0.352239
0.825594
0.166265
-0.787069
0.238536
0.187225
0.332959
0.226478
0.812246
1.196003
-0.747498
0.248405
-0.492291
-0.423522
0.237789
-0.277721
0.236977
0.275297
0.665343
0.974309
1.215853
0.244161
-0.616130
0.221303
-0.723644
0.625825
-0.705712
0.144427
0.236044
0.189317
-0.570487
0.808836
0.261200
0.373637
-0.706251
1.229794
0.204352
0.214196
0.227616
0.274788
0.248918
0.226191
0.712204
0.227938
0.223875
-0.272522
1.018899
-0.218814
0.183751
0.236005
1.179308
-0.086200
-0.762132
0.607951
0.234266
0.516686
0.248071
0.551454
-0.579951
-0.608099
0.245072
0.624786
1.225887
0.224653
-0.553313
0.213232
0.684283
0.266332
0.246215
1.078666
0.230389
0.222290
0.227706
0.242896
0.215250
0.222584
0.685312
0.247213
0.007445
0.261578
-0.422913
-0.026419
0.253097
0.229597
0.240010
0.240328
0.375335
1.232850
0.231844
0.185704
0.248938
-0.592697
0.207390
0.965587
0.194020
0.241639
-0.168746
-0.729499
-0.596011
0.231394
0.242016
-0.747532
0.229117
0.270265
0.215766
0.197052
0.247447
0.224250
0.185991
0.242306
0.219042
0.204652
0.216432
0.642894
-0.538140
0.134474
-0.322445
0.212239
0.592012
-0.707176
0.232774
0.745136
-0.215653
0.237075
1.208035
0.971659
0.226656
-0.569534
0.190426
0.242019
-0.687946
0.219828
0.221943
0.214975
0.206642
-0.336576
1.117359
0.206871
-0.655853
-0.370557
-0.249930
-0.256375
0.607213
0.190219
1.086916
0.220523
0.246515
-0.020397
-0.239161
-0.196192
-0.198722
0.241703
-0.658140
-0.729795
0.171254
0.257243
0.448646
1.048924
0.261581
0.769050
-0.483067
-0.487010
0.223811
0.241756
-0.731019
-0.430812
0.746786
0.339521
-0.281801
0.037740
0.211951
-0.420269
-0.475936
0.217720
-0.424034
0.246218
0.418185
0.459483
0.771888
0.896158
0.245410
0.207819
-0.084073
0.232102
0.145014
0.249972
0.221811
-0.752514
0.234107
-0.273155
-0.009656
-0.430879
0.237522
0.430736
-0.086269
0.238593
0.215249
-0.705549
0.232225
0.721751
0.312774
0.217375
0.226616
0.550916
0.906764
0.663656
0.239598
0.664345
0.630412
0.811302
0.283174
0.228356
0.218617
0.205799
-0.752021
0.240121
0.710194
0.223077
0.765160
0.159658
0.180577
0.223189
0.657236
0.237789
0.191900
-0.132411
0.247706
-0.109766
0.228565
0.240139
0.219309
0.217058
0.298640
0.275185
-0.445651
0.869795
0.258648
0.354432
0.753845
-0.342758
1.256081
1.102494
0.228980
-0.752686
-0.752922
0.418728
-0.137438
-0.642330
0.177158
0.152577
0.644302
-0.671981
0.224499
-0.545245
0.215718
-0.273443
0.194979
-0.703856
0.199753
-0.593740
-0.363988
-0.689104
0.219799
-0.568918
0.239598
-0.550703
0.280977
-0.149521
-0.355304
0.586217
-0.685057
0.244622
1.033464
0.246611
0.227229
-0.145751
0.793538
0.217148
0.266371
0.224916
0.243472
-0.444919
-0.505007
0.254713
0.232689
-0.721973
0.173932
-0.551224
0.261110
-0.592987
-0.255494
0.723013
0.225116
0.279823
0.899823
0.232835
1.121136
0.234250
1.187273
0.224987
0.636935
-0.175449
-0.289813
0.817247
0.846190
0.500059
-0.192157
0.220098
0.247583
0.209224
0.216888
0.424468
0.198205
0.777524
-0.638208
0.215147
-0.395416
0.801125
0.229990
1.011711
0.244362
0.223948
-0.410978
-0.205240
-0.769049
-0.012094
0.220590
0.227511
0.456541
0.234629
0.240799
0.236825
-0.785096
0.248104
0.545765
0.109093
0.254327
-0.173700
0.539372
0.182030
1.002145
0.268339
0.951125
0.854057
0.998080
-0.755014
0.244312
1.195798
0.237322
0.204382
0.133521
0.226718
-0.519192
0.251224
0.246037
0.232149
0.245974
-0.464580
1.126029
0.214520
1.209725
0.395893
-0.108867
-0.397504
0.552181
0.219211
-0.582294
0.217302
0.366057
0.243393
0.203275
0.964038
-0.266520
-0.707766
-0.584437
0.622087
0.231907
0.226442
1.146564
0.219300
-0.653299
-0.689393
0.244589
0.207893
0.239578
0.226315
0.242217
0.221985
0.242921
-0.384232
0.210116
0.201664
-0.801227
0.222039
0.194358
-0.489972
0.199822
0.630289
0.226825
0.655599
0.221250
0.241679
-0.699877
0.232626
0.246841
0.195143
-0.770347
0.240036
1.019935
-0.750324
-0.723500
-0.664237
-0.079311
0.273080
0.222936
0.222600
0.243706
-0.311186
0.090762
0.804774
0.215213
-0.394129
-0.363791
0.228192
-0.569849
0.195214
0.220903
0.243488
0.214013
0.230643
0.216461
0.231603
0.230593
0.237418
0.276744
0.196885
0.234017
0.265389
0.239517
1.237612
0.216276
0.580960
1.074957
0.236839
-0.705709
-0.168945
0.226086
0.189161
0.242902
0.195380
-0.625693
0.234467
0.270052
0.200666
0.250001
0.856540
1.100671
0.270226
0.424255
-0.638444
0.231891
0.222524
1.216128
-0.158359
-0.763493
0.248031
-0.308794
0.235928
0.155522
-0.765382
0.239593
0.250936
1.187072
0.191284
0.195199
-0.653689
0.216883
0.823159
0.652063
0.257203
0.247138
0.213860
-0.592928
0.565743
0.239375
0.526266
-0.091682
-0.204365
0.244131
0.208285
-0.697807
-0.297625
-0.593539
0.798241
0.215950
0.226071
0.526181
0.219604
0.728135
-0.600616
-0.595450
0.252632
0.211819
0.241298
0.788098
-0.668140
0.231519
0.182406
0.193572
0.057005
0.273563
0.237625
0.206478
0.245291
0.216382
0.843853
0.783950
-0.756186
-0.144199
1.116501
0.420680
0.978692
0.201413
0.240931
0.244078
0.225649
0.192313
-0.009960
0.218495
-0.732419
1.004618
0.228217
0.256620
0.284058
0.225537
0.557042
-0.754127
0.883578
0.253174
1.173772
0.209714
0.217756
0.267287
-0.762655
-0.017685
0.239121
-0.775861
1.229106
0.225085
0.209659
0.947192
-0.721160
-0.745372
0.200075
0.227817
0.238917
0.195371
0.255015
0.097703
0.865773
-0.764021
0.962005
0.242375
0.188555
0.240780
1.145014
0.245472
-0.730331
0.145142
0.196640
0.234190
0.237715
0.199467
0.237021
0.219555
-0.032946
0.233433
0.204916
0.754173
1.062190
-0.527175
0.233395
-0.672300
0.241347
-0.303431
0.202862
0.618520
0.508543
0.225819
1.200118
0.201762
0.438271
0.418249
-0.621114
0.244579
0.371830
-0.573020
1.228019
0.211760
0.956220
0.238398
0.173995
0.819100
0.250029
0.853341
0.873305
0.211650
0.225635
0.586359
0.367660
0.353877
0.266971
1.050856
0.245685
-0.094961
0.411574
1.113544
0.247080
0.227855
0.238077
0.014141
-0.701846
0.645978
0.724899
-0.552636
1.161464
1.068967
0.225147
-0.707148
0.197659
1.042985
0.887291
-0.620730
-0.668832
-0.767419
-0.451789
0.244570
0.054902
0.453957
0.222933
0.226727
0.436709
0.254082
-0.550417
0.666496
0.229706
-0.767490
0.230653
-0.554732
0.199145
-0.546033
-0.525717
0.220238
0.253024
0.629127
0.582678
-0.769077
-0.658498
0.274283
-0.790295
-0.204047
0.601405
-0.467427
-0.554358
-0.429460
0.226745
0.237320
0.480379
0.699229
-0.710736
0.243360
0.233609
0.724800
-0.397092
0.255220
0.205290
-0.481242
0.201232
0.243643
0.161708
-0.500318
0.236159
-0.479089
-0.758411
0.219138
-0.115921
0.238607
0.329257
0.190544
-0.793862
0.231256
-0.694096
-0.463783
0.218797
-0.643639
0.229635
0.256078
0.046621
0.215030
1.121106
0.228718
0.179781
0.222068
-0.401272
0.216266
0.413822
0.242229
0.247322
0.243633
0.649682
0.355162
-0.680800
0.510326
0.412249
0.430318
0.654542
0.275378
-0.501776
1.144406
0.246361
0.232700
0.580007
0.096660
-0.723557
0.237143
-0.659450
0.240526
0.191866
-0.570618
0.229449
0.837705
0.210176
0.200285
0.233323
-0.681311
0.245808
0.217268
0.241375
0.255997
0.824550
-0.001750
0.233880
0.240866
0.101282
0.212864
0.187273
0.274772
0.249991
0.246324
0.220157
0.217797
0.220429
-0.620819
0.229443
0.498429
-0.749034
0.204619
1.197384
0.223463
0.225299
0.216095
-0.759969
0.222873
-0.255443
0.258362
-0.012884
0.208175
0.219754
0.216312
-0.579404
-0.519942
0.266420
1.167094
0.233660
-0.760322
0.247449
0.197478
0.674552
0.858170
0.609726
0.241125
0.231407
-0.316830
0.227908
0.224921
-0.768737
0.303352
0.260627
0.230851
-0.551787
0.216813
0.186812
0.223228
0.218136
0.234212
0.229403
0.896047
1.202922
0.582967
0.229023
0.202637
0.458291
0.232247
0.206681
0.450214
0.844693
-0.413471
0.277464
0.207896
0.688451
-0.678183
0.235192
0.232535
0.269548
0.364705
0.242935
0.245463
0.199998
0.230069
-0.394921
0.237046
0.266068
0.217873
0.692830
0.626118
-0.519621
0.240312
0.196172
0.211167
0.165765
0.232880
0.277972
0.390750
0.789920
0.222150
0.062802
-0.808657
-0.731243
0.245992
0.050213
0.241874
-0.383597
0.225185
0.787471
-0.400111
0.216622
0.699603
-0.001402
0.218496
-0.769498
0.248337
0.234338
0.397151
0.228772
0.237934
0.211058
-0.617542
0.229505
0.236305
0.217141
0.500630
0.508983
0.233197
0.214938
0.215906
0.216487
0.236111
1.051201
0.245663
-0.486565
0.226876
0.242437
0.243346
-0.556393
0.178861
1.103320
0.217306
0.044971
-0.713204
0.618611
0.217685
1.030597
0.176624
0.221759
-0.733326
-0.739592
0.249683
0.817975
0.519562
0.858561
0.243880
0.717037
0.244292
0.784881
0.222952
0.621891
0.226416
0.260172
0.235411
0.650686
0.232566
0.248551
0.155663
0.238087
0.230679
0.544599
0.072888
0.226779
0.956121
0.190348
0.363562
0.975622
0.232070
0.225338
0.217247
0.650466
0.689127
0.226310
-0.213711
0.241051
0.719096
0.223058
0.235567
0.896346
0.937204
-0.030518
-0.493377
0.210946
-0.738028
0.207669
0.235671
0.270270
-0.222266
0.880985
0.243926
0.201128
-0.300624
-0.428387
0.243012
0.201812
0.220271
0.219766
0.709265
-0.619138
0.308584
0.063281
0.946481
0.237512
-0.145160
0.260478
0.172049
-0.710972
-0.662224
-0.526960
0.233659
0.181438
0.467271
0.538721
0.232104
0.231881
0.232166
0.225106
0.225208
-0.721315
0.202312
0.236395
-0.791231
0.224732
-0.611258
-0.378869
0.439126
0.238989
0.224422
0.240598
0.245069
0.186344
-0.323878
0.474403
0.196042
0.211737
0.272675
-0.615149
0.210324
0.225123
1.188888
0.217435
0.235290
0.944923
-0.529552
-0.169065
0.279836
0.237202
0.209922
-0.033493
-0.764399
0.223430
0.226148
0.837469
0.242665
0.206426
1.238991
0.239662
-0.673225
0.254236
0.222929
0.510795
0.223725
0.203412
0.220351
0.730803
0.196748
0.178944
0.261968
-0.794621
1.144108
0.624255
0.227347
0.234520
-0.151009
0.230757
1.050802
0.222846
1.238688
0.660474
-0.736844
-0.449907
0.224298
0.575517
0.206069
0.195892
0.231236
-0.504280
0.243084
0.223205
0.221465
0.244079
0.181254
0.185280
0.231208
0.625671
-0.490737
0.216117
-0.269134
-0.734261
0.228824
1.060675
-0.014941
0.245029
0.781788
0.049792
-0.520777
0.523588
0.205462
0.236067
0.974950
0.928138
0.234988
-0.416898
1.037741
0.615574
0.216962
-0.051849
0.228112
0.220814
-0.730742
0.992743
0.208744
-0.772945
0.264739
0.200822
0.498563
-0.086660
0.251972
0.341552
-0.249638
0.225882
0.248402
0.215518
0.223270
0.216542
-0.589395
0.231694
0.229180
0.217256
0.274166
0.233884
0.232388
-0.300342
0.237730
1.204793
-0.734548
-0.047096
0.190241
0.592549
0.202919
0.204531
0.201437
0.215140
0.211078
-0.539169
0.257607
-0.512410
0.245721
0.250069
0.217969
-0.678629
0.224654
0.743062
-0.384208
-0.682698
0.227257
0.219449
0.221779
0.078679
-0.300921
0.237384
0.238241
0.500063
0.222086
0.223708
0.219811
0.185819
-0.680156
-0.635626
0.224897
0.219901
0.221996
0.230851
1.177331
1.134410
0.224723
0.600200
0.215502
1.146875
-0.687930
0.191281
0.232820
0.221028
-0.642466
0.257713
0.216024
-0.104505
0.243951
-0.097349
0.216726
0.223924
0.218224
-0.371215
1.214250
-0.498885
0.228035
1.155494
0.277600
-0.353644
0.722434
-0.798751
-0.268767
0.232195
0.254212
0.210852
0.202061
0.230669
0.234128
0.264983
0.204267
0.274647
0.223498
-0.392892
0.257116
-0.041130
-0.099938
0.236604
1.265548
0.228152
0.195911
0.274403
0.230502
-0.620461
0.212942
0.225136
-0.215761
0.176481
-0.256296
0.233322
0.653245
1.096157
1.059890
0.231660
1.219083
0.212421
0.203662
-0.707386
0.221511
0.117518
-0.735847
0.285417
-0.024214
-0.281220
-0.511240
0.255613
0.808811
1.121964
-0.143290
0.254856
-0.622706
-0.048335
0.381039
-0.050305
0.223158
0.313722
0.647221
0.304149
0.218389
0.616286
1.007204
0.217742
0.246885
0.195390
0.227997
0.402593
-0.750827
0.210159
-0.528829
0.242095
0.320861
-0.354715
0.207785
0.223138
0.213430
0.248421
-0.073279
0.229924
0.225712
0.245433
0.250058
-0.399468
0.302824
0.056282
0.236372
0.191595
-0.779745
0.215977
-0.544721
0.229268
-0.286289
0.241063
0.422510
0.226684
-0.711978
0.185326
0.219810
0.259523
0.223958
-0.097382
0.259704
0.243782
0.229163
0.226647
-0.203662
0.194388
-0.703680
0.231454
0.216695
0.952139
-0.698100
-0.581218
-0.138931
0.057851
-0.766414
0.218024
0.513442
0.254486
0.234491
0.195935
0.235326
0.238586
0.702983
0.221925
0.782070
-0.676721
0.682889
0.237034
0.403092
0.782156
-0.198871
0.251147
-0.208210
0.243238
0.237990
-0.134731
0.235458
0.236271
0.879636
0.221984
0.232982
0.072729
0.278822
0.200969
0.260407
0.237379
0.253851
0.216489
0.785166
0.946181
-0.331171
0.877794
0.199288
0.211719
-0.146543
0.265935
0.376687
-0.731571
0.208551
-0.104073
-0.308954
0.222338
0.250685
0.974613
0.198118
-0.246851
0.241253
0.230215
0.094355
0.214716
0.254395
1.204937
-0.714771
-0.003226
0.754451
0.208012
-0.634739
1.225265
0.537858
0.234647
0.353835
0.223226
-0.491232
0.197508
0.203047
0.222123
0.197552
-0.333232
0.212172
0.623272
-0.783683
0.234532
0.208279
-0.676985
0.533001
-0.713125
0.357206
0.563312
0.214053
0.263782
0.212034
-0.575515
0.220093
0.240065
0.228050
-0.572460
0.240148
0.238191
0.232749
0.773322
0.209166
1.078650
0.966223
-0.524266
-0.483800
0.216310
0.616672
-0.408296
0.235964
0.047064
0.217446
0.270959
0.502589
0.197158
0.250826
0.227495
0.264139
-0.563442
0.968920
0.225202
0.688147
-0.032924
0.267265
-0.337914
0.066138
0.182699
-0.604521
0.201882
0.208902
-0.198978
0.239568
0.462994
0.222970
-0.170485
0.228909
-0.196129
0.448759
-0.373946
-0.398382
0.880607
-0.747480
0.215760
1.061754
0.189028
0.190417
0.273018
0.227266
0.428321
0.240168
0.665014
0.808295
1.061396
0.201463
0.260817
0.208669
0.228599
0.222264
0.798253
0.210597
0.235969
0.898800
1.245894
0.237099
0.342350
0.220954
0.194393
0.236005
0.215070
-0.418616
0.901070
-0.536441
0.385253
0.263845
0.243647
1.099055
0.231571
-0.056088
0.022976
0.201080
0.235590
0.236649
0.687379
1.185191
0.190637
0.177965
0.276375
1.187781
-0.268621
-0.668782
0.207087
0.223165
0.464518
0.202718
0.017242
0.243320
0.222794
0.503092
-0.641982
0.594764
0.211952
0.260708
0.210154
0.227399
0.216840
0.825290
0.236365
-0.378753
-0.756155
0.264649
0.233390
1.146179
0.228932
0.236136
0.205489
0.237364
0.223235
0.455365
0.228797
1.096857
0.226531
1.224620
0.204024
0.220098
-0.790458
0.203102
0.218634
0.218084
0.992952
0.166101
-0.074122
0.686327
0.237747
-0.743990
-0.664963
-0.124596
0.784655
0.260065
0.327780
0.420270
0.198054
1.134819
-0.460708
0.798111
-0.336185
0.244558
0.281642
0.222500
0.670439
-0.481887
0.937843
0.214693
0.755201
0.260210
-0.390121
-0.610559
0.217137
-0.245464
0.225744
0.211362
0.220794
-0.717217
0.186798
0.229705
0.185858
-0.635699
-0.646421
0.264875
0.364945
-0.767023
0.220107
0.249888
-0.768160
0.217420
0.230734
0.909868
0.248776
0.611231
0.221244
1.010256
-0.377755
0.202132
0.386369
0.201434
0.222707
-0.001388
0.189104
1.162806
0.411241
0.186901
0.177683
0.611346
-0.616906
0.788037
-0.096888
0.199314
-0.466536
1.115631
-0.387001
-0.164946
0.233116
0.221137
-0.145417
0.215110
-0.765899
0.229026
0.171441
0.212202
1.032899
0.243911
0.227969
-0.676278
1.050078
-0.674040
-0.477317
-0.473068
-0.726279
0.223925
0.690660
0.191292
0.662433
0.259915
0.242909
0.221229
0.217036
0.576949
-0.363885
0.238882
0.963149
0.199318
0.227508
-0.582577
-0.657545
0.312358
0.734212
0.250424
0.223297
-0.745266
0.168844
0.078867
0.214749
0.036670
1.066632
0.230415
0.224975
0.536281
0.185003
0.231829
0.226597
-0.466457
0.688141
-0.390546
1.026201
-0.510433
0.227685
0.211493
0.241859
0.923602
0.084700
-0.082077
-0.301518
0.231180
-0.232982
-0.335712
0.216090
0.433636
0.249677
0.766852
0.248016
0.324998
-0.251211
-0.543801
0.249415
0.390530
0.217536
0.261892
-0.312684
0.684049
0.226524
0.222213
-0.231926
1.127410
0.262443
0.718618
0.868137
0.213596
0.233107
0.090297
-0.628364
-0.618649
0.238411
-0.392196
0.222203
-0.351965
1.013316
0.349940
0.221207
0.265489
0.207741
1.202224
-0.456023
0.232430
-0.109831
-0.747457
0.217623
0.054385
0.196775
0.985364
-0.435521
-0.764348
-0.174327
0.233831
0.219922
-0.506739
0.233802
-0.134267
0.212522
0.236303
0.239711
0.223472
-0.692522
0.568482
0.554311
-0.361116
0.238972
0.240681
0.205957
0.249127
0.242815
0.196974
-0.039072
0.213741
0.235036
0.190042
0.470291
-0.762185
1.188586
-0.687606
0.237115
0.219711
-0.724401
0.271839
1.009178
0.227930
0.071240
1.234791
-0.358773
-0.487640
-0.647448
0.240848
0.229704
0.191206
0.245545
-0.191187
0.194749
1.023886
0.225223
0.254392
-0.682989
0.231271
0.927009
-0.068200
0.355195
0.237292
0.269441
0.292101
0.225584
0.236717
0.221122
-0.638095
0.155988
-0.549068
0.261418
0.224688
0.213857
0.198788
0.191164
0.719371
0.296107
-0.230259
0.176812
-0.352456
0.249837
-0.586936
0.221985
-0.346518
-0.685621
0.987838
0.868170
-0.768023
0.226908
0.191713
-0.566483
0.225908
0.202817
1.157407
-0.075086
0.830468
0.244356
0.221302
0.189472
-0.644393
0.245264
1.015840
0.199601
-0.725587
0.707852
0.211976
0.310361
0.219303
0.242378
0.119066
0.640546
0.505042
0.214156
0.337809
0.104938
-0.685398
0.226056
0.516476
0.193579
0.245269
0.250667
1.152185
-0.250175
0.164859
0.711922
0.218396
0.230314
0.219790
0.223681
0.231888
0.756954
0.225574
0.223349
0.099050
0.807119
0.206979
0.532998
0.222830
0.316162
0.206010
-0.034964
0.684590
-0.663333
0.961503
0.262619
0.269841
0.731226
0.259499
0.286973
0.203679
0.211107
0.237543
0.875836
0.246256
0.188898
0.319024
0.702960
0.194945
0.242684
-0.445692
-0.770900
0.213803
0.250560
0.229348
-0.098459
0.689094
0.226388
-0.381080
0.215050
0.227196
0.585462
1.181752
-0.114287
0.242706
0.913977
1.136289
-0.047416
0.253714
0.220097
0.246401
0.914507
0.248445
0.550041
1.227474
0.176413
0.779156
0.196145
-0.326967
0.231719
0.469528
-0.175685
0.685157
1.004587
0.251455
0.180030
1.175922
0.253133
0.222918
0.178447
0.299846
0.177566
-0.210952
0.797040
0.487330
0.244378
0.218695
1.076630
1.105971
0.217300
0.862312
-0.333108
0.229546
0.230056
0.502573
0.221986
0.480790
0.773724
0.715579
0.268211
0.237705
-0.648019
-0.123042
0.256089
-0.068259
0.203751
0.209849
0.438664
0.217934
0.225907
0.836291
-0.574427
0.872386
0.376709
-0.582954
0.648378
0.240655
0.258523
0.205673
-0.634936
0.225316
0.460703
0.215731
0.252451
0.253521
0.232414
