-0.678259
2.111042
-0.857963
2.078401
-0.339214
-0.559407
-0.512859
-0.314485
0.331800
-0.169099
2.174940
-0.161534
-0.124892
-0.236699
2.097255
-0.258279
2.091279
2.114733
2.128018
2.069574
-0.811201
-0.645534
-0.861372
2.109052
0.004269
0.099572
2.088441
-0.673281
-0.508530
2.097568
2.065691
0.740939
-0.254587
2.137694
-0.051469
-0.365720
-0.826734
-0.641811
2.131019
-0.830564
-0.444794
0.348216
2.096875
-0.243123
-0.129922
-0.423756
-0.610410
0.151728
-0.236166
2.074735
-0.595814
-0.081196
0.149462
2.072843
0.760310
-0.651624
2.119576
-0.690253
2.148285
0.077117
0.489438
0.510220
0.503775
-0.563454
2.080943
-0.130531
2.122100
-0.239077
-0.410603
2.067566
0.727313
-0.241713
-0.671082
2.093836
-0.010616
-0.486657
2.108857
2.086832
2.140479
-0.603339
0.265300
-0.395694
0.213975
-0.892165
-0.482115
-0.162778
0.046630
-0.407353
-0.361381
-0.387716
-0.765991
-0.212548
0.078153
2.100127
0.377507
-0.287009
-0.805989
2.069702
0.638872
2.106149
2.126063
0.075967
0.058423
2.096710
-0.427461
2.121106
2.096160
2.074729
-0.690617
2.119400
2.089935
-0.916399
2.148311
2.070059
-0.415157
-0.549685
-0.794260
-0.272027
-0.389945
2.083443
0.080388
0.144013
-0.838803
-0.269718
0.450490
-0.233236
2.090903
0.966659
-0.449728
0.095749
0.087915
-0.683336
2.098048
2.076967
2.055534
2.093880
-0.664451
-0.075904
2.108676
-0.543598
2.078376
2.100477
0.119498
2.097813
0.169877
-0.758179
-0.800203
2.140407
-0.531500
-0.236721
0.549271
0.393360
0.350548
-0.175724
0.382472
0.048373
2.100642
-0.807204
-0.056342
-0.263190
2.071725
2.111080
-0.304782
-0.580142
2.126134
0.000708
0.518339
-0.768674
2.076510
2.097656
-0.606032
0.244032
-0.525434
-0.444312
2.097121
-0.565291
-0.451336
-0.385935
-0.629476
0.487344
-0.044613
-0.330055
-0.334631
-0.259392
-0.056352
0.442527
0.661384
2.104605
0.143799
0.232309
2.096867
-0.899654
0.143284
0.007528
0.450789
0.139852
2.097315
2.091468
2.152841
-0.311937
2.096191
2.090146
-0.645922
-0.595657
-0.511004
0.019606
0.189780
-0.368107
2.092344
2.109633
-0.720597
2.098177
2.085600
-0.811447
-0.098172
0.623982
-0.033481
-0.681447
0.385562
-0.168802
-0.905952
-0.123200
-0.136683
0.243491
2.088311
2.120890
2.100082
0.576293
0.351533
-0.612276
2.125863
-0.160212
-0.497114
-0.407595
2.129543
2.099091
2.110516
2.118518
0.709561
0.480081
2.126748
2.026346
-0.637937
0.053523
2.075316
-0.013050
-0.883717
2.110341
-0.256740
-0.387190
0.536914
0.556976
-0.867423
2.136091
2.057875
2.062959
-0.153003
2.050070
2.092868
-0.517282
2.081165
-0.416107
2.047052
-0.524282
2.095040
0.308617
-0.384349
0.152805
2.085049
2.083369
-0.252439
-0.318716
2.117001
0.815019
2.085663
0.369477
-0.197849
2.123403
2.109446
2.061652
-0.585503
-0.800295
2.154797
2.086059
-0.452436
2.101399
2.107090
2.084081
-0.430499
2.097903
0.484731
2.123723
-0.201137
-0.087126
0.298900
2.133461
0.046012
2.098384
0.016843
-0.177621
-0.026596
-0.167903
-0.796711
-0.442934
2.069430
0.411247
2.127515
2.100281
-0.433199
-0.378317
-0.002879
-0.698934
2.091528
0.040477
0.294207
-0.685999
0.764129
0.250895
-0.675443
2.113096
0.028404
0.094166
0.282194
0.506500
2.121978
2.086472
2.116218
-0.834164
-0.329579
2.218611
-0.537951
2.086592
0.014573
2.122440
2.115198
-0.651451
-0.177730
-0.257135
-0.262662
2.149721
-0.091707
0.587257
-0.119121
0.024948
0.089281
-0.146487
0.245328
-0.394734
2.088612
-0.746048
-0.887565
-0.408668
2.091480
-0.154088
2.087643
-0.671979
-0.671515
-0.158566
2.081599
-0.592970
-0.844861
2.091556
-0.184458
0.184786
-0.515647
0.450507
-0.408438
-0.217965
-0.025720
2.087325
-0.848053
2.122388
-0.527287
2.147570
2.088129
2.093426
-0.584587
2.126866
0.148323
2.133480
0.536970
2.114601
2.124190
2.142812
2.088699
-0.021402
2.066744
2.094181
2.133515
-0.501890
2.115889
2.094727
2.060086
-0.062476
2.096553
2.114959
-0.634428
2.089718
-0.388957
2.142588
2.099110
2.112282
-0.816901
0.679790
-0.688330
-0.117074
-0.013291
2.103542
0.639938
-0.380258
-0.884284
-0.354436
2.130253
-0.042933
2.096683
-0.277676
2.086113
-0.874048
0.472938
2.094958
-0.839782
-0.905695
0.191301
2.088446
0.282540
-0.607499
2.065766
0.803915
2.115385
0.100403
2.074411
0.087186
2.087216
2.078275
2.096992
-0.874156
2.140985
-0.334968
0.070138
2.115910
0.848098
2.127524
-0.189894
0.689870
0.298195
0.089697
-0.105114
2.100753
2.061907
-0.556208
-0.594820
-0.138442
-0.279001
-0.427816
2.121443
2.075014
-0.276955
-0.350563
-0.332674
-0.768446
2.115694
2.086419
0.626886
2.110146
2.137779
2.076005
0.788473
2.109772
2.156105
-0.712523
2.037122
0.024613
-0.873806
-0.049550
0.122564
-0.539790
-0.143937
-0.362948
2.096501
0.349732
2.084393
-0.775655
2.056291
-0.559758
0.362851
2.116900
2.112917
-0.213050
0.008726
2.062586
-0.151187
2.074415
-0.567500
-0.363400
0.003430
-0.650851
2.101968
2.065511
2.127899
2.072250
2.060219
2.077532
-0.157396
2.087766
-0.635162
2.042446
-0.489637
-0.617117
2.108907
-0.577363
2.084443
-0.010610
2.107528
2.096404
-0.757950
2.112638
0.864869
2.101835
2.102781
2.110883
-0.196303
2.117798
2.114133
2.092951
2.058113
-0.468701
0.614481
-0.441036
2.085347
-0.519600
-0.184361
-0.146638
-0.254263
2.066852
-0.600110
2.082663
-0.407181
2.106281
2.127047
2.087561
-0.520048
-0.450618
2.127000
-0.496879
-0.207372
-0.103758
2.127653
0.077838
2.093095
-0.306066
-0.070169
2.093211
-0.453750
2.101445
2.053653
-0.418328
2.069567
0.235049
0.204838
2.089731
-0.407720
0.401531
2.106716
2.105429
2.065457
2.088186
-0.060482
-0.278865
0.383560
2.104274
0.094627
-0.261801
-0.161828
2.108773
2.093331
-0.794195
2.084502
-0.066615
-0.886752
2.070062
-0.501097
-0.833192
-0.127254
2.110068
2.072384
0.045733
2.141485
-0.218416
2.102977
-0.744447
2.058319
-0.621761
-0.567615
-0.485365
2.122146
0.251251
-0.826740
-0.419765
2.102619
2.082498
-0.163902
0.230532
-0.015923
-0.203708
-0.062689
2.091638
-0.590192
-0.512021
-0.495642
2.082472
-0.132800
2.058701
-0.163411
-0.896261
-0.085247
2.106986
-0.457815
2.114352
0.327459
2.052659
-0.360424
0.379874
-0.685132
2.106327
2.051652
2.094803
-0.808427
2.086360
-0.336581
0.305520
0.002611
2.119895
-0.268757
2.108524
-0.770948
0.124703
-0.318957
-0.641604
2.073908
-0.778530
2.091042
2.116373
0.395598
0.346473
0.264831
-0.885707
2.073865
-0.130493
-0.771464
2.071910
2.105749
0.171209
2.090527
0.476926
2.174884
-0.510250
0.149329
0.686668
-0.714492
-0.866541
-0.539488
-0.144069
-0.572853
0.186523
0.366333
0.134900
2.112426
-0.860157
-0.539571
2.135292
0.301470
0.013670
-0.591731
2.111755
-0.704800
2.081410
0.176438
0.030632
0.394392
2.017371
-0.713542
-0.096218
0.172910
-0.779159
2.118737
-0.897499
-0.716192
-0.336656
2.096228
2.093177
-0.184873
0.822918
-0.040736
-0.539675
2.086593
2.062545
2.073438
-0.680836
-0.242267
2.088159
-0.190258
-0.292930
2.096283
-0.022146
2.108840
-0.534945
2.081079
-0.111306
-0.436637
2.098692
-0.818178
-0.416762
0.162079
-0.470902
-0.271496
-0.752392
2.089773
-0.533997
-0.752361
-0.695576
0.459544
2.146943
0.045827
-0.043671
2.074998
-0.878597
2.085619
-0.540364
-0.444836
-0.326420
-0.571391
-0.431761
0.377292
2.085494
2.087158
-0.096973
2.124777
0.250253
2.081509
-0.330355
2.079862
2.085176
2.075623
-0.312215
2.061905
0.864605
0.216057
-0.293453
0.213680
2.095804
-0.044699
2.062068
2.088172
0.547682
-0.391154
2.081866
2.123482
-0.606184
2.118976
0.276127
0.850054
-0.684199
-0.231190
2.073678
-0.217853
-0.483556
2.097914
0.107353
2.119905
-0.032394
2.091209
0.062645
2.102092
0.014516
2.101460
0.015492
-0.666284
-0.871828
2.092517
0.174283
-0.594274
-0.556946
2.115524
2.097903
2.038645
0.021921
0.267196
2.068429
-0.292032
-0.597127
2.069674
2.095891
0.062475
2.114800
0.066624
2.071257
-0.322836
2.076616
-0.501588
0.152027
-0.683252
0.449537
2.065161
-0.759099
2.118688
-0.346838
-0.008597
-0.378358
0.100880
-0.101691
2.139304
2.095597
-0.880003
2.097024
-0.341178
2.099695
-0.668467
-0.210024
0.523839
-0.392433
-0.025772
2.083436
-0.873078
2.133393
-0.833703
2.109113
-0.518697
2.149902
2.102146
-0.550286
2.103897
2.083563
-0.572091
-0.066522
2.104765
-0.427607
2.097646
0.317819
2.102662
0.855757
0.274804
2.077550
-0.777590
2.125821
2.112789
2.136607
-0.888149
0.259010
-0.744572
2.084405
-0.645790
0.869924
0.267429
2.089359
0.128943
2.090280
-0.224466
-0.669293
2.105192
-0.435926
2.087947
-0.570689
2.109419
2.087093
0.582581
-0.405527
-0.626791
0.378072
2.093858
2.136864
2.059088
2.101108
-0.921685
2.112731
-0.521678
2.096132
-0.081569
2.078955
2.083633
-0.140801
-0.662052
2.086671
2.095874
2.133241
2.127411
0.707964
2.126365
2.096356
-0.202229
0.488626
0.109006
0.507592
-0.250687
2.078225
2.088155
2.089421
-0.876044
2.075489
-0.360471
2.067867
0.087479
2.039122
2.103711
2.095799
0.929517
0.093507
2.084870
-0.833054
-0.233967
-0.604153
2.134559
-0.500828
-0.443368
2.095820
-0.619470
-0.771524
2.115145
2.082400
-0.434394
2.063719
2.088202
2.104383
-0.510094
-0.593956
-0.232481
-0.492880
-0.754231
-0.029515
-0.147981
2.094300
2.134046
2.091215
-0.251280
0.214525
-0.813795
2.089145
0.702171
2.094615
2.087998
-0.055795
-0.146621
-0.185266
2.096247
2.104001
-0.647210
-0.545116
0.103254
-0.351707
2.108701
2.096959
2.118455
-0.029602
2.114670
2.112601
-0.108261
0.254757
-0.118203
2.072868
-0.446574
0.031239
-0.062482
-0.516612
-0.572119
-0.660020
2.083754
0.161593
2.027545
-0.249547
-0.075995
2.081511
-0.259126
-0.587206
2.071074
-0.522188
2.089854
0.158950
0.378994
0.373064
2.082091
2.055776
-0.854638
2.097717
2.125474
-0.462022
-0.822775
-0.458404
2.107039
2.113841
-0.861817
-0.389200
2.101296
-0.245409
2.071044
2.095331
-0.473666
2.032293
-0.133648
0.063116
-0.175361
-0.177330
-0.511483
-0.353925
2.103410
-0.296317
0.222088
0.581042
0.035082
-0.502266
0.292010
-0.765917
2.142647
2.079418
2.081959
-0.139692
2.100779
-0.189907
2.167399
0.376644
2.122265
2.091394
-0.154593
0.222344
-0.529817
-0.490709
-0.598962
2.096867
2.040764
-0.679725
0.228572
2.108184
-0.410760
-0.725761
2.119293
-0.308526
2.096781
0.060391
2.078296
-0.759965
2.129547
0.786824
0.206972
2.099660
2.089264
-0.724038
-0.644985
-0.024242
-0.304586
2.132679
2.087916
-0.236369
2.105577
-0.815985
-0.385216
2.102980
-0.725543
-0.894188
2.078388
0.546630
0.381467
2.104346
-0.648269
2.090452
-0.751971
-0.273162
2.116019
0.511413
0.386124
-0.642947
0.425089
2.109905
2.077329
2.072753
-0.792478
-0.240866
2.076558
0.176372
0.274943
2.056025
2.121257
2.117907
2.121580
-0.084258
2.068818
-0.472252
-0.441984
-0.052087
-0.413234
2.082778
0.014174
2.106298
-0.576292
2.106315
-0.061957
0.418321
-0.338171
2.059106
2.112759
-0.462344
0.105680
0.022026
0.601153
-0.367753
-0.095127
2.096064
2.087560
2.128252
-0.312521
-0.281827
0.125248
2.075659
-0.510850
-0.105246
2.155242
-0.830294
-0.864603
2.116431
2.103864
-0.433730
-0.747851
0.032748
-0.692960
0.035681
-0.325434
-0.397625
-0.401374
-0.415668
2.082391
2.087219
-0.327908
-0.003566
-0.827358
2.118984
-0.610562
2.095597
2.181715
0.731533
2.099997
2.075340
2.078074
-0.751312
0.261745
2.104303
2.113459
2.133887
2.101804
1.053466
2.084493
-0.533862
2.078958
-0.486694
0.334268
-0.303856
-0.790837
-0.751029
-0.155867
-0.185251
2.086781
-0.756717
-0.675122
2.109191
2.105169
-0.504975
2.078161
2.123397
-0.862639
-0.217646
-0.700140
0.008410
0.069594
2.043145
-0.243656
0.759674
0.001958
2.096751
-0.357445
-0.538504
-0.644505
2.145594
-0.368875
-0.866791
-0.040224
-0.429539
-0.205278
2.107048
-0.243177
-0.361148
-0.137452
0.577205
0.589390
0.199606
-0.108623
-0.256781
2.123229
0.028979
-0.496500
-0.075978
-0.527556
0.113092
-0.248630
0.124121
0.058291
-0.689811
-0.788202
0.214779
0.871573
0.494220
2.080284
-0.956969
-0.315202
-0.874510
-0.790574
-0.704092
2.094547
2.108106
2.084795
2.100842
0.338747
-0.630566
-0.466914
-0.567150
2.095192
-0.136422
-0.053116
-0.229407
0.089036
2.083159
2.131205
2.080587
-0.334590
2.102617
-0.491401
2.121483
-0.255863
-0.628228
-0.857805
2.123718
2.084533
2.112646
-0.000344
-0.372286
2.075272
2.104148
-0.511713
2.134148
0.392720
2.088189
-0.423293
2.116286
-0.888288
2.122386
-0.096967
2.111867
-0.277486
-0.465063
0.295887
2.110870
-0.550039
0.291606
-0.061916
2.089020
2.113646
0.711388
-0.262308
-0.449408
2.082298
2.084535
-0.794975
2.115529
-0.632445
2.069089
-0.517666
-0.813555
2.048560
2.126194
-0.725907
2.081030
-0.249106
2.081490
-0.218116
2.104036
-0.010811
0.618335
2.104205
-0.659818
2.092520
0.575588
-0.680670
-0.008589
-0.016374
-0.342645
0.905956
2.091186
-0.626404
0.756562
-0.826502
0.604452
0.240897
-0.393877
2.069278
-0.758679
2.124753
2.076592
2.095921
-0.426787
0.172801
-0.270781
-0.327608
-0.631487
2.070836
-0.085355
0.595800
-0.338891
-0.302016
0.750496
2.071892
0.357540
-0.651703
-0.023405
2.073985
2.113663
-0.771094
-0.839627
-0.425444
-0.200436
-0.584352
-0.518564
0.636695
-0.875463
-0.484617
2.134540
2.092916
-0.395429
2.074512
2.097704
2.094021
2.128430
2.099329
2.077310
-0.526207
2.074667
2.097006
0.501510
2.071782
2.112606
0.202847
2.073604
2.091813
-0.358139
0.456253
2.083661
0.629164
-0.800093
2.100866
-0.770105
1.988108
2.109160
0.250459
2.093672
0.198910
0.342644
2.083533
2.131869
-0.147618
2.096507
-0.527188
-0.661396
-0.762177
-0.208879
2.147269
-0.629409
0.535716
-0.341231
2.124102
0.031287
-0.242392
-0.090777
2.138953
2.071092
2.140577
-0.362353
2.062688
-0.053317
2.100455
0.669356
0.160902
2.159063
-0.636781
0.318077
2.128300
-0.429836
-0.497688
0.735385
-0.228810
0.034859
2.083018
2.100528
2.100168
2.123365
0.503364
-0.073058
2.118294
-0.238343
2.061066
-0.232251
-0.262748
-0.372337
0.370050
-0.886453
2.048117
0.685307
2.089166
2.099889
2.115449
-0.564958
-0.306360
2.137110
-0.079702
-0.480050
0.321366
-0.289874
2.118913
0.070314
-0.707774
2.091797
-0.627950
-0.622002
-0.388483
-0.763876
-0.554082
-0.833195
-0.503591
0.658306
2.127736
-0.178572
2.123398
-0.609837
2.127364
2.086978
2.099044
-0.688467
2.074274
2.101735
2.148939
2.149393
-0.324064
2.080184
-0.229154
2.081305
0.255229
-0.680941
-0.178187
-0.512541
2.122662
-0.537194
-0.857434
2.081993
2.080195
-0.394807
2.089549
0.069965
-0.818617
-0.657085
-0.302551
-0.207541
0.066443
-0.610240
-0.314016
2.089069
-0.573619
2.067311
0.453320
0.241464
-0.508503
-0.284661
2.156444
-0.185733
-0.707446
-0.118010
-0.068171
2.100740
2.096715
-0.401380
2.101156
-0.769035
0.461240
2.112584
2.090090
-0.231718
2.076312
0.030350
-0.557235
-0.001646
-0.866253
2.065221
0.780625
0.603823
-0.656284
2.142516
2.130947
2.085436
0.271188
-0.132446
2.108677
-0.271713
0.555171
2.074599
-0.667070
-0.619013
2.063267
-0.118271
2.112974
-0.255645
-0.688790
-0.492365
-0.440762
2.104170
2.079946
2.056443
-0.593700
-0.779933
-0.153401
-0.023806
2.103576
-0.117869
-0.761966
2.139324
2.097533
2.097036
2.071928
2.135268
0.218637
-0.304766
2.048764
2.061576
-0.823053
2.111189
2.073635
-0.240436
-0.389065
-0.364350
-0.036981
-0.552493
-0.818749
-0.809593
-0.004593
-0.461372
2.078867
2.145801
-0.494236
2.103348
2.140733
-0.567364
-0.583870
2.093770
-0.560356
-0.364838
2.075704
-0.095416
0.216190
2.022122
-0.176479
2.119649
2.103182
2.078877
-0.370236
-0.297678
2.096712
2.085677
-0.547158
-0.607303
0.462447
-0.497849
0.314535
2.117222
0.552827
0.933975
0.033890
-0.231787
2.100099
2.115931
-0.287382
2.103620
-0.138637
2.055232
2.100447
2.077965
0.712360
2.071120
2.101819
2.106851
0.003562
-0.319546
0.192299
2.151428
-0.798625
-0.898123
2.104211
-0.823742
2.119858
-0.359933
-0.022767
2.145266
-0.331140
0.225215
2.113906
0.173486
-0.243420
-0.565600
2.121609
2.108782
2.112151
-0.289570
2.077595
-0.103472
2.085251
-0.468051
-0.183191
-0.101567
0.419487
0.925178
-0.796572
0.502450
2.078114
-0.876025
0.088718
-0.668728
2.081120
2.084581
-0.818172
2.060755
-0.105234
2.098360
-0.746163
-0.345231
0.517392
2.138540
2.106473
-0.667822
0.074675
0.707016
-0.022649
2.118214
2.113295
0.022972
-0.045007
2.094579
-0.715312
2.084079
-0.247030
2.112527
-0.546281
2.086112
2.077853
2.112510
2.091340
0.234870
2.061435
0.140861
2.101728
2.106497
-0.270065
-0.298680
0.254834
2.088802
2.121664
0.065925
-0.697065
0.458779
2.076027
2.115573
0.077137
2.093582
0.886167
0.055376
2.063239
-0.743850
-0.569703
-0.327080
2.089601
2.115704
-0.740620
-0.087465
0.571414
-0.896125
0.102391
2.088527
-0.147845
0.247147
-0.560110
-0.775003
-0.360163
2.054959
2.085360
2.066181
-0.063400
2.084382
0.217467
-0.341519
-0.412530
2.117597
0.423816
2.113765
-0.315845
2.117882
-0.643622
0.500605
2.095492
-0.262419
-0.026393
0.084507
2.087450
0.284991
2.071470
2.110672
2.112385
2.071811
2.105706
-0.037972
2.098798
2.133496
2.104201
2.078065
2.071540
2.106624
2.074569
2.074993
-0.401225
0.123549
-0.683322
2.093878
0.420011
-0.089708
0.368868
2.105111
-0.916342
2.092455
-0.386778
0.226979
2.080220
-0.452379
-0.144787
-0.628856
2.133433
2.062189
0.712374
-0.466945
-0.447080
-0.015609
-0.472179
2.125795
-0.552573
-0.500963
2.053334
-0.010220
2.122666
-0.152829
-0.206969
-0.529636
0.259721
2.090165
0.717570
-0.098588
-0.866513
2.098734
2.030691
0.577696
0.068111
2.128579
-0.279174
2.079109
-0.022472
-0.279011
0.775305
-0.888078
-0.694751
0.180533
-0.173598
2.081323
-0.237565
-0.778395
0.435560
-0.268579
-0.362132
-0.356039
-0.346318
-0.160934
0.454648
-0.305947
2.060357
2.088049
2.090315
-0.090515
0.878584
2.102072
2.109944
0.668045
-0.068058
-0.042988
2.145417
-0.734708
2.110096
0.833426
-0.230970
-0.627369
2.090961
0.647504
2.063029
-0.789080
-0.190567
-0.510537
0.075437
-0.174930
0.008681
0.154732
-0.546731
2.043243
2.097386
-0.685835
-0.689211
0.537195
2.120790
0.064815
2.107835
2.101407
-0.184305
2.072889
0.342129
-0.835644
2.121664
2.081604
0.077423
2.078122
-0.104733
2.130962
0.000437
2.077982
0.232221
0.473312
-0.294983
-0.750555
-0.426653
-0.450998
2.098722
-0.343215
2.070597
-0.664025
-0.290442
-0.275375
-0.392519
-0.000737
2.101113
2.149929
0.758840
0.004818
-0.418641
2.094840
-0.364377
0.234234
2.108706
2.118304
0.003480
2.110336
-0.525099
2.067066
-0.184618
2.078998
0.153625
2.110526
-0.533778
-0.084582
-0.654937
-0.139162
2.083661
2.110786
-0.577213
2.124112
-0.284428
2.104728
-0.333415
2.082579
-0.221107
2.079632
-0.019367
2.105728
-0.809168
-0.275259
2.162034
-0.463246
2.078856
-0.387915
2.064899
0.244145
-0.631286
2.082601
-0.789097
-0.244681
-0.731253
-0.605216
-0.178592
-0.034935
2.095460
0.363236
2.095927
2.084648
-0.186284
2.092955
2.122395
2.060654
-0.092832
-0.220618
-0.749479
2.124734
2.131343
2.120968
-0.038319
2.102247
2.074983
2.102139
0.139346
-0.883441
2.086274
0.051491
2.139599
-0.110844
2.064946
-0.913619
2.061510
2.102517
0.752928
2.090628
-0.619833
-0.764208
2.092966
0.110859
0.185688
-0.418897
0.163837
2.076985
2.070567
-0.163737
-0.373375
2.125363
-0.208954
-0.037824
-0.486017
-0.455843
0.131469
0.181262
-0.410526
-0.403664
2.104884
-0.526350
-0.661897
2.095703
2.079128
2.113700
2.101428
2.049662
2.097981
0.085501
-0.282946
-0.838195
0.143153
0.067932
0.365008
0.443071
-0.703841
-0.550774
-0.021204
-0.655029
-0.430479
2.094488
0.403584
0.139180
2.127676
2.131960
2.103512
0.047751
2.084443
-0.317070
0.425214
2.076568
-0.184035
2.156312
2.108624
-0.355246
-0.745117
-0.724349
2.133449
-0.802212
-0.325757
0.962989
2.093092
-0.334794
2.110924
-0.908469
2.113231
-0.865449
-0.368945
-0.241023
-0.171116
-0.758888
2.085043
2.095624
2.140313
2.108315
-0.670508
2.116063
-0.373524
2.097023
2.126657
-0.828000
-0.416439
2.090126
-0.721973
0.202643
2.090703
0.242394
2.068402
2.083571
2.112969
0.475714
2.060805
2.085750
-0.251778
-0.012488
0.184605
-0.847812
2.109724
-0.666549
2.100058
-0.029799
2.088584
2.065823
0.483070
-0.430535
2.103151
0.390622
0.206993
2.108412
-0.537144
-0.763160
2.131770
2.125076
-0.045356
0.751697
2.026503
0.450146
2.063629
2.105264
0.108668
0.137461
-0.847769
-0.894258
2.108075
2.101704
-0.185976
2.095856
0.702206
0.105799
2.101597
-0.410486
-0.840862
2.080816
-0.558807
2.126799
2.103101
2.123012
2.083776
-0.621849
-0.128045
2.079307
-0.761842
-0.835563
2.110418
-0.809006
-0.728007
-0.067314
2.090156
2.085522
0.305103
-0.751004
2.110780
-0.520152
-0.362455
-0.309200
2.075748
2.040878
-0.177428
2.108607
-0.315716
2.095475
2.139054
-0.070252
2.126119
2.098437
2.086010
0.977857
-0.412008
0.445326
-0.679831
2.115040
2.105747
-0.133216
-0.338895
-0.233456
-0.158306
-0.263315
0.026586
2.095040
2.099833
2.087745
0.094200
2.078594
-0.259553
-0.596080
-0.064981
2.107071
2.108643
2.136441
-0.546294
-0.835820
-0.138856
-0.608348
-0.366965
-0.597384
-0.789244
2.126753
-0.851693
-0.915330
-0.665184
2.097877
-0.604406
2.070180
2.107439
0.160798
0.017615
2.138137
0.408987
-0.539046
2.114879
2.085309
0.085973
0.259426
2.068229
2.064479
-0.254993
0.243364
-0.476548
-0.726469
2.122027
2.095116
-0.169107
-0.123302
0.083156
-0.134750
-0.255949
2.068551
0.108115
-0.078407
0.271107
-0.871064
2.080915
0.348620
2.141692
2.077523
-0.198467
2.069572
-0.261914
2.121737
-0.482626
0.174284
2.113913
2.040271
2.124578
-0.512074
2.093577
0.306555
-0.331409
-0.538001
-0.411820
0.034829
-0.206574
0.134714
0.678582
-0.393977
-0.599829
-0.433664
2.136545
2.109609
2.101251
0.221018
-0.146678
-0.457452
2.128199
-0.317456
0.570746
-0.220886
2.107811
-0.264832
-0.877717
0.766084
2.129636
-0.720439
2.090231
2.106690
2.116530
2.104049
-0.759618
2.084643
0.249797
2.104780
2.126115
0.320651
-0.120127
-0.374785
0.920611
0.552017
-0.448729
0.860679
2.091644
0.638001
2.067088
2.077818
0.966685
-0.472401
-0.180804
-0.409297
0.448103
2.084283
-0.310311
2.070679
2.080860
-0.328988
-0.610568
-0.879413
-0.419690
2.111300
0.099340
2.139769
2.071373
2.086376
-0.278207
2.095754
0.894828
2.096216
-0.790242
2.044436
0.518533
-0.055136
2.114247
-0.098837
0.125102
-0.133087
-0.582102
-0.039226
2.107565
2.085398
0.546587
-0.111041
-0.643692
0.028679
-0.585929
-0.227698
2.086191
2.127174
2.094577
2.099670
-0.521620
2.110886
-0.152790
2.106813
-0.304220
-0.443954
-0.454471
0.036947
-0.482970
0.372918
-0.262594
2.088534
2.004826
2.112627
0.002399
0.705312
-0.200608
-0.580566
-0.618582
2.100403
2.096735
-0.396759
2.104601
2.098130
2.110949
-0.537191
2.094057
2.095417
0.538714
2.133998
-0.784336
2.092958
0.152363
-0.261614
0.115520
2.102798
-0.132639
2.051262
0.446142
2.069554
-0.717586
2.097390
-0.487858
-0.203167
2.075456
-0.318528
-0.018580
0.133294
2.094708
2.087955
2.084058
-0.611502
-0.547776
2.090164
0.158124
-0.403444
-0.709771
2.167543
0.329212
2.090073
-0.882428
0.576085
2.111236
2.080534
-0.544098
2.082314
-0.835808
2.089614
2.105270
0.148548
2.038712
2.132124
-0.606149
0.369835
0.357269
0.858203
-0.272016
2.064967
0.093861
2.098646
-0.254350
2.103941
2.074144
-0.106801
-0.272253
2.054492
2.137773
2.022873
-0.488521
-0.227863
0.027256
2.116729
2.073324
-0.453439
-0.473364
0.182636
-0.612037
2.087496
-0.737426
2.127263
0.046360
-0.749994
-0.052858
-0.390073
2.061478
-0.580437
-0.481719
-0.014741
2.146761
-0.803943
-0.358732
2.107752
-0.638543
-0.381209
-0.105198
-0.326877
2.110231
-0.708158
0.297448
2.092597
2.097925
-0.180400
-0.309701
-0.436464
-0.869961
2.075889
-0.006972
-0.724195
2.088251
-0.351224
2.123777
2.079459
2.092875
0.065856
-0.625877
-0.107428
2.069527
2.085113
0.009654
2.083848
2.125019
2.126113
-0.372698
-0.288647
2.129326
0.035338
2.097233
0.224511
2.104452
-0.570705
-0.820553
-0.517237
0.130998
-0.480999
2.070527
2.107574
2.149062
-0.778713
0.357359
0.146969
0.389245
-0.271635
2.097325
-0.689892
0.271501
-0.085064
0.085914
2.111520
-0.442904
2.124114
0.491625
-0.184175
-0.080662
2.098984
2.146835
2.090210
-0.804436
0.723576
2.093569
2.114781
-0.477367
-0.196608
-0.618623
-0.052199
2.072831
-0.093238
2.089428
-0.108847
0.541616
2.086462
-0.176712
2.074164
0.126928
0.806802
2.107945
2.065269
-0.424741
-0.306013
-0.073064
-0.237771
-0.123890
0.147208
0.674197
2.119609
2.089395
-0.732617
2.145770
2.088221
-0.429674
-0.532840
-0.224858
2.089000
0.576680
2.101668
2.073682
2.139615
1.026837
2.085510
2.086812
2.104484
2.121198
2.070417
2.144448
-0.403118
-0.100147
-0.319803
-0.157946
-0.102810
2.040768
2.101023
2.082531
0.528518
2.098625
0.547109
2.052610
2.101776
-0.860897
-0.439480
-0.481993
-0.318222
-0.427648
2.094996
2.114668
0.235779
-0.818803
-0.728449
2.097804
2.093086
-0.598574
-0.040420
2.063380
2.075111
-0.587099
2.060198
0.203814
2.088449
2.033285
2.093133
-0.557149
2.062328
2.098945
2.094748
2.080868
-0.519906
2.107044
2.139167
2.083974
2.095879
-0.306399
0.276063
0.421288
-0.344206
0.026029
-0.150095
0.486246
2.052945
-0.013054
2.085213
2.059670
-0.439516
2.146098
-0.203115
-0.215570
2.060966
2.141485
0.436437
0.545440
-0.258770
-0.711808
-0.146547
-0.103751
-0.654496
2.058314
-0.651934
2.137110
-0.394310
-0.296020
2.120210
2.099777
-0.323604
-0.840446
0.356893
2.066539
-0.015854
-0.138166
-0.254858
0.798111
0.249490
0.300849
-0.722180
2.073864
2.089740
-0.064426
0.120860
-0.305194
-0.367658
-0.103383
0.167294
2.081249
0.585439
-0.575694
2.124356
-0.082900
0.745545
-0.709184
-0.629309
0.420590
2.082340
2.113966
-0.528773
2.070852
-0.788734
2.079099
2.084789
-0.178379
0.016712
2.062378
2.104024
2.093440
2.059482
2.113312
-0.421952
2.128943
2.042396
2.057926
2.082992
-0.021044
-0.425126
-0.679877
-0.351272
2.116418
-0.642476
-0.533340
-0.626114
-0.612150
2.143035
-0.483052
-0.110168
2.104322
-0.204846
-0.425181
-0.887916
2.103443
-0.696281
0.155671
2.105727
2.085111
2.077101
-0.851141
-0.799490
2.094864
-0.457470
0.252857
-0.548519
2.106083
0.243507
-0.468862
-0.138145
0.009265
2.083099
-0.796282
2.058780
2.143946
-0.345312
-0.850102
2.089300
-0.171344
-0.053647
0.025849
0.150240
-0.704123
0.094118
-0.201198
-0.343382
-0.754405
2.101303
-0.382217
0.211758
2.073686
2.105696
2.060816
2.072600
2.097678
-0.763783
-0.314246
0.787313
2.084245
0.932607
-0.340585
2.078180
-0.555932
0.008006
-0.163710
2.101004
-0.782307
-0.406369
-0.726281
-0.001995
-0.245372
-0.876947
2.062264
-0.012381
0.622236
2.082348
2.129032
2.097810
2.091388
-0.445909
2.089459
2.093613
0.262837
-0.305579
-0.712911
-0.711147
2.124252
2.136631
-0.443630
2.098561
0.186836
0.079908
-0.310339
-0.103975
-0.471639
-0.124560
2.061544
2.087545
2.146827
-0.160578
2.111690
0.033607
-0.162724
2.111900
2.082512
-0.210440
-0.574315
2.043127
-0.929096
-0.827981
2.103302
2.113564
2.102502
-0.855705
0.121333
-0.302662
2.084089
0.710479
2.139534
-0.589813
2.115192
2.132464
2.064595
-0.014095
-0.595093
0.560346
-0.762745
2.126925
2.099517
-0.857995
0.063535
2.119549
-0.537217
2.086124
2.085545
2.047573
0.300523
2.093950
2.109025
-0.339901
-0.147610
-0.102668
-0.352046
-0.381491
-0.639502
0.393492
-0.684496
0.200681
-0.452181
2.114484
2.052351
-0.479207
-0.134172
-0.119696
-0.823557
2.112302
-0.470693
-0.312788
2.077611
2.093305
0.005040
-0.056945
-0.065929
2.120920
2.094174
2.108374
2.069179
-0.612574
0.466478
-0.883014
-0.454294
0.037138
2.055964
-0.825650
0.303521
-0.397715
0.014893
0.449465
-0.133663
-0.531419
-0.145166
-0.635063
-0.635545
-0.488360
2.041832
-0.093640
2.118806
-0.693710
-0.411592
2.121735
-0.599459
2.091127
-0.508904
-0.090124
0.154156
0.108380
-0.254275
-0.435286
2.084390
0.020130
-0.030182
2.142981
-0.620229
-0.435058
-0.817302
2.049715
2.052397
-0.095057
-0.033598
2.081892
0.150825
2.110749
2.120065
0.024751
2.062401
0.204611
0.003557
-0.227344
2.129719
-0.239980
-0.775983
0.232109
-0.860586
2.111540
-0.334727
-0.818750
2.071997
-0.780603
2.103172
2.099707
-0.367220
-0.623769
-0.777754
2.063918
-0.528713
-0.480788
2.082111
2.078653
-0.284854
2.099390
2.078272
-0.227906
-0.637883
-0.525139
2.113249
0.179469
2.044077
-0.452097
2.069690
-0.194253
2.081935
2.089400
0.246497
2.022928
0.220326
-0.035655
-0.636221
-0.030296
2.134935
-0.256570
-0.205432
0.310804
-0.616297
2.145084
2.047621
2.122470
-0.668383
-0.174802
2.063770
0.696109
-0.543437
-0.415849
-0.105520
-0.266984
0.016013
2.050449
-0.159568
2.111295
0.335600
2.088815
0.618035
-0.440538
2.098858
2.088489
-0.390032
-0.788919
-0.612405
-0.299047
2.098946
0.132633
-0.082797
-0.369801
2.119384
-0.711602
-0.572115
-0.000286
0.226398
-0.904805
-0.402894
2.085528
-0.071256
-0.875434
2.074008
2.036709
2.098121
-0.198715
-0.271233
-0.672067
2.053507
2.106485
2.083263
-0.302974
0.217449
2.129516
-0.270033
2.073976
-0.033324
-0.236220
2.084902
2.096312
0.580727
-0.358481
-0.193905
-0.061548
2.066034
0.864613
-0.189463
2.114584
-0.849868
0.377275
-0.108886
2.075321
0.456850
2.085932
0.500576
-0.548203
-0.181545
0.412497
-0.694550
0.385837
-0.036378
-0.595653
0.642434
-0.108503
0.612132
0.142024
2.059135
2.071314
-0.695457
2.083283
2.064386
-0.007215
2.071936
2.080976
-0.383835
2.093731
-0.183819
0.515298
2.093170
-0.086679
-0.774000
-0.631046
2.121571
-0.496952
-0.574078
-0.158080
0.358958
-0.003226
2.089711
0.273307
-0.862614
0.126062
2.078262
2.045185
-0.433620
-0.106515
2.082456
-0.118680
-0.513209
-0.321106
-0.730381
-0.240677
-0.087543
2.115121
0.135049
-0.313109
2.090611
-0.533940
-0.475626
2.069037
-0.556588
2.082683
0.104697
-0.070195
2.108218
2.085015
2.084604
0.370908
-0.023469
2.112808
2.123092
-0.505369
-0.655041
0.268120
-0.856738
2.070883
-0.734798
2.121106
2.099792
-0.677810
-0.114627
-0.501703
2.111068
-0.074117
2.099810
2.178279
-0.811789
-0.251832
-0.308599
2.049609
2.114364
-0.471910
0.338989
2.080856
0.277485
2.112291
2.069084
0.051357
0.162007
-0.294888
-0.752109
2.080037
-0.297360
-0.839922
2.099873
0.823776
-0.365565
-0.792456
2.081940
2.122489
2.086725
-0.399179
-0.663986
-0.197412
2.081905
2.071197
-0.470321
-0.082307
2.095066
-0.856587
2.113710
-0.470471
-0.438502
2.077757
-0.116047
2.153418
-0.484798
0.099484
-0.575115
-0.257247
2.114837
-0.274516
2.108664
2.076321
2.144774
2.108337
0.335983
-0.870614
2.109917
-0.788491
-0.438312
2.093623
-0.354041
-0.052754
2.064001
0.355666
2.077458
-0.228681
-0.241201
-0.464233
2.081630
0.698081
-0.259856
2.122229
-0.209245
-0.453984
0.330148
-0.401119
2.130569
2.092989
0.305601
2.102194
2.092460
2.082838
0.194224
-0.462323
-0.539870
2.066354
0.494047
2.108061
-0.646739
0.885475
2.084564
0.217047
0.050223
-0.096723
2.104728
-0.875860
-0.504078
0.148432
2.120229
-0.267412
2.094829
-0.336057
2.089955
2.066552
0.105972
2.114659
2.099568
2.101816
-0.623762
0.309151
2.132702
2.048429
-0.203719
2.093696
2.102694
-0.684986
-0.604814
2.113194
2.084451
0.222271
0.160292
2.102044
2.111490
0.236539
2.080145
2.117832
2.080200
2.107214
2.074449
-0.816862
0.343836
2.094429
-0.707643
2.099287
2.137832
0.197411
-0.543730
-0.392551
-0.753998
-0.924669
-0.720264
2.084994
0.596154
2.073758
2.084666
0.125518
0.031369
-0.887403
2.123826
2.094590
2.097473
-0.378738
-0.589014
2.100593
-0.253740
-0.714649
-0.662579
0.361564
0.033551
2.044794
2.038912
-0.032092
-0.274530
-0.760399
2.095407
2.086478
-0.600365
-0.798945
2.116631
-0.316563
-0.455441
2.085451
-0.327009
2.108160
-0.721008
-0.885238
2.109103
2.105638
0.183360
2.091166
-0.476470
-0.245850
2.093478
2.138333
2.104992
-0.718726
0.613118
-0.168575
2.122077
2.062762
-0.243144
-0.009035
2.072028
2.103990
-0.052727
2.100170
-0.661672
-0.302571
2.114610
-0.674801
-0.343332
2.098817
2.086829
0.085297
-0.898133
2.037108
-0.443327
0.800859
2.074730
-0.810079
-0.554377
-0.046548
0.053759
-0.654211
-0.330939
-0.463163
-0.206392
2.053214
-0.161587
2.091974
-0.766096
2.120641
2.073073
-0.573626
0.064212
-0.291875
0.006534
2.079167
0.054923
0.561889
2.122994
2.143907
-0.625385
-0.190456
2.112324
-0.088951
-0.194621
-0.456016
2.096625
-0.669602
2.091701
-0.750433
-0.203375
2.120012
2.092853
2.083919
-0.694388
-0.269526
2.118571
2.086471
2.088977
-0.048154
-0.801423
2.147779
2.096814
-0.301462
-0.890929
2.096670
-0.239938
0.084986
2.108917
-0.390402
-0.221211
-0.180992
2.107299
2.118912
2.095814
-0.024753
2.059416
2.065789
-0.452203
0.355650
0.370017
-0.260959
-0.106839
0.442520
0.574485
-0.157401
-0.790779
-0.821250
0.696965
2.071978
0.223013
-0.773732
2.097631
-0.070098
2.123031
2.105187
0.160431
2.133008
2.092324
-0.773569
2.085197
-0.064926
2.075852
-0.657424
-0.487655
-0.503082
-0.527991
-0.383051
2.096464
-0.530252
-0.059808
-0.597290
0.286026
2.111934
0.021252
0.100379
2.077895
0.390780
2.143557
2.069450
-0.269761
2.119444
2.077868
0.188510
2.105552
-0.433839
0.017033
2.087729
-0.162174
2.050775
0.066791
2.090769
-0.350529
0.003585
2.075022
2.078267
2.079624
2.086150
2.089577
-0.531386
-0.557564
0.736569
-0.124897
2.082236
2.107048
-0.452492
-0.573332
2.142878
-0.513838
0.401455
2.077565
-0.278709
2.123415
0.051894
-0.214776
-0.549738
-0.227188
-0.457283
-0.363501
-0.625092
0.054507
-0.246022
-0.655172
-0.399413
2.085708
2.109725
-0.848505
-0.029981
2.072849
2.110038
0.195322
-0.659495
-0.232025
-0.194206
-0.283154
-0.262125
2.092011
2.097461
0.756737
-0.200472
0.515336
2.104941
-0.582185
2.076270
2.042975
-0.471898
2.094856
2.060570
2.122878
2.136369
0.125979
-0.167068
0.370545
2.104532
-0.546613
2.085348
2.113836
0.643120
2.085923
-0.290349
-0.653036
2.118299
0.811110
-0.646554
2.068831
0.183908
2.113968
2.103123
2.062173
-0.293317
2.089747
0.137156
2.106512
-0.693648
2.077528
0.137787
0.785895
0.504855
2.095494
0.035570
2.091627
2.088497
2.068298
2.081137
0.483338
-0.185089
-0.525047
0.376188
0.014202
0.053715
2.071458
2.133248
-0.072945
2.099659
2.101902
-0.105967
-0.347287
2.169015
-0.319845
2.120254
-0.526867
0.008291
2.129072
2.138095
2.091088
2.089850
0.396785
2.090751
-0.753735
0.395795
-0.388917
-0.161193
2.101681
2.134590
-0.191316
0.011711
2.120008
2.100496
-0.361336
2.113313
-0.837115
-0.514695
-0.523671
-0.680933
0.123545
0.468917
-0.837635
0.077847
2.083582
-0.295447
-0.049338
-0.433895
2.086145
-0.339792
2.145355
-0.534671
-0.319425
-0.343918
-0.037326
2.110780
-0.146936
-0.002661
-0.460916
2.075931
-0.061465
-0.555957
2.110317
2.060610
-0.142199
-0.747260
-0.754814
-0.856183
2.098905
2.104550
0.345904
2.099977
0.186660
0.050221
2.138433
-0.496526
0.141429
2.070224
-0.785325
2.114124
-0.626979
2.072911
-0.555823
-0.440255
2.083696
2.072937
-0.361448
0.570634
-0.613499
0.013337
-0.575000
2.115486
-0.880897
2.085037
2.225314
-0.427683
0.859649
-0.551814
-0.848330
-0.023497
0.286908
0.005969
2.122301
-0.207893
0.639836
2.116470
2.133373
-0.110560
-0.564031
2.066925
0.208850
-0.415880
-0.061381
2.132312
2.087091
0.095876
-0.322727
2.093097
0.172204
-0.409132
2.114508
2.101990
-0.632871
0.481652
2.093321
0.817867
2.140110
2.124330
-0.539904
2.090154
0.264762
-0.002020
-0.151890
-0.387996
2.120635
-0.518107
0.343507
-0.874640
2.098194
2.118037
2.065479
2.119173
-0.864405
2.114799
2.116344
2.061485
0.244248
-0.429991
-0.618564
-0.208553
2.125247
0.239319
2.104288
-0.408368
2.074848
-0.145882
-0.722627
-0.654591
0.446225
0.282865
-0.875289
2.084593
2.115799
2.091901
2.104785
0.527333
2.105098
2.123109
-0.609745
2.057420
-0.435816
2.121080
0.849021
2.060049
2.128586
-0.347677
2.087253
-0.385922
2.122837
2.054204
2.093526
2.092334
-0.622715
-0.754802
-0.729973
2.099693
0.423879
2.084685
0.093188
0.234397
2.107226
2.094487
-0.053913
2.091932
2.076539
2.104186
2.097616
-0.583883
-0.321225
2.089896
-0.525586
2.109336
-0.523847
-0.696995
-0.418656
-0.763068
-0.004970
0.248822
2.064528
-0.460916
2.111308
-0.233482
0.376038
2.092110
2.098369
-0.431085
0.311064
0.177558
-0.410129
2.079728
-0.115532
-0.774004
-0.280995
2.135496
-0.334093
-0.524418
-0.546604
-0.252444
2.097185
0.036640
2.081306
-0.218771
2.074600
2.083499
-0.402650
0.257403
2.049971
2.092302
2.115362
-0.392843
-0.406565
2.093833
0.268591
-0.755029
-0.290264
0.226192
0.602805
-0.708072
2.089141
0.155869
2.025186
-0.303362
-0.048416
-0.258117
2.129220
2.064226
2.097071
-0.706660
2.101026
2.091536
0.079467
-0.441643
-0.657786
-0.399329
2.135422
0.407039
-0.455723
2.089296
2.079087
-0.124416
0.627261
2.077244
-0.382061
0.058286
-0.380762
-0.607811
2.114193
-0.644239
-0.321570
-0.346593
2.086981
2.083774
-0.449231
-0.894835
2.070584
2.117431
2.069732
-0.362461
0.150855
-0.304728
-0.689504
-0.749934
-0.260693
0.072998
-0.085457
-0.782808
2.062442
0.726222
2.092060
-0.614577
0.429366
2.075591
2.069816
2.157138
2.111208
2.088330
2.124037
-0.389059
-0.440595
-0.580282
2.101247
-0.172844
-0.654972
0.016657
-0.624896
0.588297
2.092679
0.275085
-0.266958
0.180564
2.024948
2.035957
0.778062
-0.201986
0.337501
2.119796
2.139161
2.131542
2.102847
-0.614572
2.093381
2.139453
0.171475
-0.197069
-0.179265
2.134996
-0.073036
-0.705924
2.095903
2.059234
0.649928
-0.743171
2.096371
-0.275255
2.082808
0.302444
-0.016284
-0.129981
-0.196168
-0.351750
-0.649854
2.191638
2.035356
-0.567271
-0.171287
2.089555
2.089251
2.028595
2.095948
-0.587914
2.093601
-0.227079
-0.375172
-0.805126
2.082745
2.093424
2.108056
2.094800
0.282538
2.098712
0.238009
-0.494504
2.089246
2.091731
2.090056
0.852615
2.131223
-0.573144
2.115638
2.061039
2.101268
-0.841761
-0.674107
-0.473351
-0.367218
-0.701138
2.098100
0.174894
-0.536184
-0.807411
-0.572931
-0.850277
0.334883
2.082380
2.082037
-0.291732
-0.202746
2.099194
2.053729
0.139200
0.122805
-0.329106
-0.213739
-0.609551
-0.239500
-0.160696
0.507460
2.120005
2.083714
0.433572
0.011238
-0.203148
-0.619913
0.095404
2.152020
0.107229
0.165461
-0.599253
-0.553358
-0.380126
-0.063182
2.111004
-0.606946
0.795541
-0.437553
0.695532
2.169065
-0.858037
0.396773
2.081270
-0.194528
-0.331922
2.058772
-0.382209
-0.094520
2.058078
0.333576
2.092503
-0.346186
-0.569106
2.087771
2.122446
-0.531322
0.249860
0.015824
0.239911
2.104523
2.081890
2.111284
-0.258537
0.380919
2.108534
-0.293098
2.102442
0.066912
-0.455288
2.096072
2.034937
0.209755
-0.040686
2.148539
0.203365
-0.548504
2.086835
0.626295
2.093421
2.120587
-0.407501
2.043602
-0.649792
2.096864
2.091437
2.098539
2.046655
-0.302148
-0.704469
2.112468
-0.452976
2.109125
-0.255179
0.568714
-0.868231
0.232383
-0.564330
2.108429
-0.891227
0.182958
0.584212
-0.859755
2.106429
2.066819
2.077867
0.093274
2.114106
2.129258
-0.632829
2.105158
0.145022
2.112761
-0.571490
-0.448541
-0.723671
2.043366
2.054931
2.141683
-0.317311
2.084250
2.109618
2.102078
-0.584412
0.645846
-0.592494
2.078096
2.089190
0.419072
2.099240
2.063231
-0.590412
2.096383
0.244931
-0.070652
2.089811
0.158525
0.207248
-0.751300
2.123999
-0.645713
2.157956
2.074779
2.092113
-0.733923
-0.786511
-0.615746
0.106763
2.076447
-0.413908
2.111429
2.102853
-0.463332
-0.109303
-0.896587
2.108655
2.117755
2.130457
-0.596639
0.367399
2.143122
2.076139
-0.393801
2.128990
-0.225928
0.384066
2.063094
-0.353064
0.185838
-0.619448
0.117555
2.113933
-0.265981
2.121101
2.090345
2.098529
0.068586
-0.342613
0.862974
2.097129
0.788374
2.074657
2.017242
-0.492166
0.361419
0.145207
-0.367466
-0.742806
2.128461
2.109946
2.112973
2.063582
2.105925
0.099258
2.125886
0.167314
2.087079
-0.268049
2.078038
0.180769
-0.296462
2.113719
2.092482
2.088890
-0.246101
-0.044177
-0.543926
-0.230622
0.398290
-0.700563
-0.823814
0.507071
2.086198
0.412144
2.133372
-0.397096
-0.466724
2.109554
2.120489
-0.146374
0.155350
2.086059
2.065328
-0.711335
2.088758
-0.012285
2.091811
2.105798
-0.919919
2.135157
2.080529
2.123564
2.084813
-0.643143
2.051749
0.547002
2.141538
-0.562069
2.107490
2.122882
0.724279
-0.123688
-0.607438
-0.043707
2.096491
2.065159
-0.825792
2.093335
2.136004
-0.207923
-0.135084
0.827478
0.241318
0.736714
0.006852
0.219312
-0.458329
-0.671109
0.023040
-0.280114
-0.553175
2.084590
0.013922
-0.409314
-0.845401
0.178448
0.572992
2.098028
2.098123
-0.715430
-0.251292
-0.218624
-0.185917
-0.863704
-0.370434
-0.666491
2.063791
-0.681466
2.095284
2.129486
2.035206
0.415723
0.240975
2.054676
-0.769414
-0.412468
-0.174368
-0.218129
-0.393118
-0.645704
-0.356025
-0.442557
-0.675436
2.090150
2.080096
0.086918
2.079207
2.118358
0.449008
-0.071418
-0.202194
0.092381
-0.450716
0.166386
-0.405187
0.196774
2.090136
-0.141754
2.102046
-0.174465
-0.501833
2.136177
2.096194
-0.028866
2.072556
0.045371
-0.702704
-0.448802
0.524746
0.331715
0.020558
0.660368
2.061353
2.164430
2.059545
2.110129
-0.378922
-0.838754
2.089591
2.100828
0.387290
-0.777151
2.094672
-0.345870
2.075044
0.040064
2.118201
2.091355
2.070724
2.109389
0.636589
2.082532
-0.719572
-0.454948
2.105215
-0.395545
2.119675
-0.162167
-0.027826
2.097115
-0.240086
2.085050
2.087477
-0.426839
0.014146
-0.824579
-0.634964
-0.034427
2.104382
2.083411
-0.277677
-0.029447
0.010926
-0.663003
-0.731833
-0.139756
2.135695
2.063848
-0.160971
0.125886
-0.452067
2.097541
2.078107
-0.162787
-0.029713
-0.761718
-0.155910
2.111983
-0.421196
2.075425
-0.683529
-0.429748
-0.681403
-0.600419
2.072974
-0.333869
2.105241
0.305190
-0.048567
0.776128
-0.114654
-0.400546
2.070977
-0.365899
-0.867033
0.328109
-0.815330
-0.227077
0.017146
2.079712
2.048829
-0.613568
-0.510549
2.082944
-0.488876
2.107106
0.713394
2.112506
0.016983
2.097179
-0.785842
2.091903
0.222093
2.101109
-0.088251
2.082281
-0.769993
-0.150039
0.190102
-0.735391
2.127096
-0.581284
-0.089707
2.101223
-0.740271
-0.534719
2.086976
-0.413298
2.111398
-0.220947
-0.348387
0.003992
-0.693017
2.063683
-0.533975
2.156457
2.093202
-0.287773
0.578597
-0.220491
-0.705322
-0.814152
2.143789
2.087160
-0.042418
2.096111
-0.186250
-0.357583
0.735982
0.280049
2.071386
-0.365366
-0.647869
-0.935189
-0.627541
-0.445888
-0.417446
0.416658
-0.201079
-0.506478
2.077229
2.097747
-0.077065
2.096984
2.080931
-0.753861
-0.479897
-0.397223
2.091941
0.271424
-0.603039
-0.236216
2.092263
-0.452377
0.012022
-0.416711
2.100653
2.056358
2.052446
0.095812
-0.764495
2.118460
0.254469
-0.768139
0.935281
-0.180384
-0.300935
-0.218128
-0.677273
2.064578
2.112681
-0.880506
-0.835402
0.389972
0.289179
2.105935
-0.332681
-0.576811
0.052717
-0.626745
2.092030
2.077880
-0.815247
2.088392
-0.070621
-0.130304
-0.507127
2.117708
2.108722
-0.232500
2.094279
-0.233836
0.249809
2.091520
-0.483117
-0.471921
-0.302367
0.137141
-0.867353
2.078679
2.082428
0.210320
0.320191
2.082482
0.488622
2.124398
0.129625
2.085332
2.053956
-0.349374
2.097510
2.133852
-0.587675
2.118536
2.080536
-0.427902
0.132827
-0.664645
2.109003
-0.641234
2.129383
-0.819632
0.640243
2.102824
-0.809446
-0.001337
0.116729
-0.098663
2.097731
0.191757
-0.009016
2.109043
2.086502
2.101023
-0.606229
2.086970
-0.197866
-0.606758
2.105860
-0.470230
-0.403762
2.143184
2.088673
2.103189
2.099766
0.093948
0.062960
-0.787456
-0.508279
-0.883117
2.108530
2.090125
-0.314184
-0.107269
-0.582337
-0.513790
2.086889
-0.476098
-0.408548
2.079907
2.081328
2.113775
-0.668435
2.098254
2.194419
1.006513
-0.302414
2.065223
0.695844
2.096277
0.033164
-0.343194
-0.557490
-0.792651
-0.562320
-0.383749
2.090610
2.127720
-0.806027
-0.635499
-0.593797
-0.821774
-0.381120
0.273235
-0.387430
0.325822
-0.386001
-0.878488
2.112804
-0.058247
-0.845876
2.097653
-0.656084
-0.684797
-0.336907
0.223287
-0.088825
-0.141817
2.071257
2.073306
-0.668711
0.477944
2.070517
2.042843
2.124928
-0.475499
2.124955
2.055830
-0.390894
2.102558
0.291879
-0.666227
2.094541
0.404422
-0.878361
-0.685052
-0.933000
-0.886288
0.280029
-0.832249
2.078824
2.102635
0.092121
0.016701
0.401353
2.082638
2.113558
-0.006799
2.081503
2.100762
-0.071308
0.526949
2.146041
0.269864
0.045155
-0.891319
-0.664400
-0.722996
0.090486
-0.372272
-0.888961
-0.106517
2.048875
2.051996
-0.153994
2.122902
2.119276
2.086748
-0.672602
2.113700
2.077977
0.233452
-0.438311
-0.601356
-0.192734
-0.165403
2.073499
-0.191713
-0.217643
2.091953
2.118453
-0.067708
-0.566048
2.139469
-0.036369
-0.699939
-0.891243
-0.651787
2.112189
2.087499
-0.727081
2.106200
2.089307
-0.742456
-0.716260
2.080753
2.092816
-0.544989
2.074314
2.021608
-0.899100
2.099156
0.050503
-0.189192
-0.730537
0.044739
-0.079095
2.084174
-0.595302
0.197020
-0.600880
-0.382231
0.815159
-0.126831
-0.156144
0.006904
2.124617
2.115758
2.099961
2.120023
-0.647360
2.120160
-0.762505
2.077109
-0.615816
2.091267
-0.101542
2.127726
2.100822
0.362701
-0.013778
-0.104386
-0.191219
2.102184
-0.822658
0.336163
-0.777462
-0.770487
2.087834
-0.678329
-0.156053
2.083633
-0.855088
0.405319
-0.055405
2.093652
0.253795
2.165732
-0.724784
0.540460
-0.439071
2.093659
2.078695
0.131638
0.542050
-0.138344
-0.700146
-0.826082
2.119753
0.309264
-0.309320
-0.365373
-0.855558
-0.873059
2.094648
-0.870176
2.072711
2.136449
2.026398
2.093710
-0.022463
2.102344
2.075386
-0.492563
2.116063
0.299572
0.624055
-0.031400
2.100510
-0.574165
0.153255
2.110810
0.696094
2.125624
-0.142992
0.208438
0.169499
2.138566
2.104752
-0.103008
2.106985
2.100417
-0.707436
-0.193225
2.103887
0.269395
2.095872
2.143279
2.083370
2.090239
2.107082
2.095870
2.129116
-0.056626
-0.356396
2.109309
-0.222473
-0.897175
2.102705
2.113979
2.056934
2.078713
2.091042
2.079823
-0.109359
-0.616244
-0.276717
2.083312
2.157538
0.883685
-0.260771
-0.401941
-0.596136
0.533595
2.098778
-0.625759
2.097174
-0.183360
-0.214138
-0.670538
2.105508
-0.549051
2.111203
2.091126
2.127279
-0.894692
0.883585
2.059569
-0.770485
2.148601
-0.476779
2.081357
2.097062
-0.213159
-0.119286
-0.548555
-0.521257
-0.657023
2.162700
-0.883760
0.158056
-0.348535
2.088550
2.076356
0.636075
-0.653772
0.034387
2.041745
0.516735
2.106666
2.112304
0.847736
-0.332863
2.087405
-0.056478
2.120244
0.010734
-0.805822
2.096325
0.078188
2.091344
0.484570
2.118970
2.102963
-0.255834
-0.206112
2.097585
-0.333051
-0.717715
-0.456156
0.310171
2.080228
-0.191026
-0.851354
-0.592346
2.145662
0.020002
-0.016875
0.244397
-0.234439
2.148680
0.563306
-0.895138
2.064123
-0.629526
-0.459385
2.121278
2.109424
-0.638911
0.593144
2.133430
-0.392729
2.116291
-0.674724
-0.301663
2.090408
2.090583
2.100600
-0.090336
2.096908
-0.766165
2.111214
-0.092631
2.121642
2.030033
2.081803
0.139123
-0.899605
2.113911
2.111966
2.087783
0.110742
2.175000
2.104815
-0.433319
2.102385
2.076115
-0.159911
-0.701502
2.094268
-0.153285
-0.713028
-0.406816
-0.884534
2.093443
-0.295802
-0.768734
0.106722
-0.185791
-0.267684
2.106449
2.090678
0.234752
2.091433
2.131961
-0.533526
-0.119615
-0.523675
-0.246856
2.117255
2.100645
2.091461
-0.557960
-0.906649
-0.793422
2.147183
-0.546959
2.094440
2.098670
2.103954
2.079073
-0.873145
-0.160629
2.126622
2.093366
-0.873760
-0.859632
0.554157
0.508989
-0.657060
2.042185
-0.387956
-0.253706
2.117124
2.112542
-0.377933
2.120035
-0.346526
2.110731
2.068379
2.054075
2.086620
2.079844
2.127451
-0.504824
2.130701
2.069148
2.092362
-0.408088
-0.714971
0.339491
-0.288410
-0.505537
0.831548
2.095461
-0.023670
2.087051
2.088039
0.325230
-0.053087
-0.883557
-0.394182
-0.445034
2.074104
2.093220
-0.578191
2.107140
0.544739
2.087839
-0.714725
2.065627
2.106281
-0.343378
2.128026
0.488058
-0.756039
-0.040045
2.088794
-0.271331
-0.779494
0.505426
-0.784231
-0.840332
2.126284
0.759200
-0.766706
-0.855698
0.148170
2.092925
2.080456
0.573393
2.071893
-0.387120
2.094702
2.104664
2.131270
-0.565145
2.077038
-0.815709
-0.848041
2.114825
-0.253496
2.085027
-0.492907
-0.859779
-0.781481
2.100921
0.666046
-0.315149
2.053472
-0.501308
2.091707
2.091496
2.118392
2.091169
-0.235491
-0.282732
-0.225194
-0.220129
-0.232101
0.249212
2.102164
2.073230
0.152388
2.106682
2.101043
2.089654
2.141369
-0.203162
-0.601410
-0.555263
0.134258
-0.000879
2.080532
2.074088
-0.032610
-0.032296
2.132399
2.065062
-0.451121
2.071414
0.273393
0.409569
2.097648
0.670336
-0.897730
2.046450
-0.135940
-0.078362
2.090284
2.075663
2.084117
-0.227062
-0.120021
-0.050843
-0.681969
2.087313
-0.335431
2.088487
2.114356
2.090197
2.083106
-0.781934
-0.290949
2.079947
0.156846
-0.512325
-0.727901
0.204544
-0.466919
-0.037354
-0.259653
2.110073
0.442873
0.297787
2.128635
0.113117
0.669859
-0.246489
-0.046668
2.113846
-0.367885
2.128315
2.084311
-0.359306
2.131790
-0.157234
2.063779
0.013626
-0.243317
-0.256866
2.069010
-0.534865
-0.038341
0.335172
-0.295726
2.115651
2.097435
-0.547831
-0.056298
2.104423
0.271106
-0.462407
-0.162260
-0.479017
2.072203
0.160441
2.048613
2.049232
2.075100
2.111094
0.299897
2.122757
2.057883
2.092988
-0.421225
-0.735523
0.096295
2.116369
2.094672
0.023281
2.096049
-0.495038
-0.123148
0.538049
2.103514
0.384476
-0.255314
-0.468473
-0.901598
2.100709
2.075399
-0.065649
0.257585
2.090345
0.364776
0.240604
-0.260776
-0.843595
2.091982
0.128107
-0.529389
-0.294848
-0.034901
2.095466
2.079565
-0.608930
0.585286
-0.828953
-0.379699
-0.192234
2.040492
0.063977
2.096793
-0.627593
0.006089
2.086698
0.145153
-0.100593
0.963763
2.100880
-0.171112
2.078508
-0.180009
0.735978
0.148092
0.153910
2.088713
0.256670
2.076472
2.088799
0.851898
2.125378
-0.609236
0.428669
-0.133500
-0.342934
-0.646313
0.123978
0.039806
-0.093697
-0.796760
-0.686218
2.078425
0.706254
0.385074
-0.053598
-0.230194
-0.328417
2.125203
2.112224
-0.065969
2.081998
2.133779
0.426585
2.090997
2.082565
2.084468
-0.868565
2.092305
-0.614554
-0.043314
-0.571553
-0.006316
0.731701
-0.489765
-0.206366
-0.560205
-0.582310
2.103227
2.079054
-0.510188
-0.687441
2.081123
-0.554535
0.323114
0.137772
0.220528
0.332146
2.071466
-0.131750
-0.549673
2.068608
-0.368620
2.086234
2.074376
0.082849
-0.559824
-0.194504
-0.323113
-0.794180
0.332099
2.088842
2.047781
-0.305135
2.039009
-0.511043
0.059266
2.080479
2.100327
2.106996
2.133674
2.120324
-0.192051
-0.562490
2.094972
2.105523
-0.637363
2.051522
0.524890
-0.558571
2.097828
0.404027
2.123783
2.118301
2.100839
2.076995
2.102906
-0.911957
2.099751
2.118066
2.071515
2.082585
2.080930
0.102107
-0.012055
-0.312927
0.172796
0.193655
0.261919
-0.582383
2.080692
-0.422555
2.106917
0.137276
0.286348
-0.240685
0.069598
-0.896207
-0.251374
0.165934
0.962019
2.101444
-0.106473
-0.839014
0.478683
2.125093
2.115131
2.065895
2.066684
2.142479
-0.220351
2.078200
-0.757387
-0.206029
0.376816
-0.083663
2.102167
2.138137
2.082694
-0.351270
2.085160
2.104263
2.055634
-0.741277
0.080873
2.092559
2.103796
-0.803529
0.002097
2.098054
2.085910
2.082618
0.144495
2.107892
-0.794824
2.077311
0.762892
0.385248
2.113728
2.055648
2.131538
2.092819
2.112190
-0.310199
2.058856
2.015518
-0.662035
0.354781
0.092649
2.112440
-0.351397
2.104307
2.109614
-0.312704
0.105265
0.227505
-0.340774
-0.122140
2.081575
2.121851
0.160835
2.085539
2.106031
2.128640
-0.604607
-0.388250
-0.841403
-0.648820
-0.069330
-0.581280
-0.145000
-0.307486
2.084929
2.096105
0.574320
-0.732919
-0.158434
2.098002
2.079175
2.103869
-0.259681
2.140264
-0.422134
2.090443
0.148686
-0.630969
-0.664288
0.135866
2.118280
-0.797281
0.314505
-0.114597
-0.849002
2.107777
-0.398970
-0.823504
2.061397
2.092709
-0.559012
-0.249532
-0.438894
-0.411099
2.099715
0.472870
-0.037836
2.092377
2.090507
2.079891
0.075366
-0.441294
-0.241025
2.118678
-0.605962
2.057193
-0.221168
-0.075243
2.093793
2.082109
2.076199
-0.354461
2.107302
2.064206
-0.448265
2.119710
2.063165
-0.112156
0.722879
2.111335
-0.370874
-0.306496
-0.626373
-0.224826
2.080291
2.094024
-0.017251
-0.169250
-0.175986
-0.247807
2.093896
2.096948
-0.296900
-0.831499
2.076666
-0.885925
2.105478
-0.304206
0.002439
-0.518597
2.093477
2.097906
2.076878
2.119998
-0.608910
2.111426
2.074260
-0.307057
-0.716824
2.120087
-0.841926
2.105289
2.108773
-0.340912
2.093096
-0.164257
2.112609
2.137452
2.087930
2.106854
2.095443
2.091945
2.132566
2.117370
2.095238
2.141866
-0.170246
2.056971
-0.321627
-0.528673
-0.111240
-0.782421
-0.716569
2.080401
-0.534960
2.060567
2.091934
0.477101
2.090085
-0.129294
0.039648
2.115176
-0.592998
-0.615857
-0.871118
-0.614789
2.073682
2.116659
2.106579
-0.570406
-0.640028
0.724908
2.117607
-0.756971
0.371495
-0.363505
0.070041
0.124419
-0.852923
2.104044
2.140382
2.065528
-0.137964
2.114694
2.089493
2.106579
0.144563
-0.388550
0.745233
0.483566
-0.520305
2.100982
2.123540
0.736793
-0.502283
2.092845
2.083383
2.077366
0.201694
2.108970
0.489801
-0.509946
-0.368527
-0.194439
-0.390663
2.096729
2.099665
0.189269
-0.036767
0.728249
2.066132
0.098641
-0.734249
2.034257
-0.195861
2.099586
2.097364
-0.429157
-0.485094
2.089598
0.495092
2.047256
-0.201685
2.077255
2.105448
2.114841
0.770259
-0.612540
2.086911
-0.065185
0.794000
-0.597734
2.084860
2.057940
2.108863
-0.274604
2.098463
-0.457567
-0.288100
-0.763756
-0.409246
-0.315214
-0.582383
2.096753
-0.622960
0.372432
2.056125
-0.555663
0.008223
0.596708
2.068934
-0.676690
-0.234054
2.085617
-0.442479
0.076835
2.101643
0.583527
-0.266154
-0.404320
0.104351
-0.488778
-0.661453
2.097789
2.092129
-0.493918
-0.072187
0.177738
-0.676773
2.133728
0.293797
-0.284744
-0.189178
-0.597174
-0.072226
-0.235293
0.387033
0.253397
-0.130044
0.679154
0.654504
0.738493
2.098224
-0.403226
-0.181371
-0.366706
-0.446425
2.053435
2.093244
-0.738762
2.116811
2.120431
-0.337086
0.173802
0.149325
-0.415219
0.251757
-0.792152
0.344031
-0.314185
-0.459749
-0.804016
2.080874
2.089998
2.079936
-0.757964
2.095833
-0.612886
2.112965
0.615942
2.137914
-0.823963
2.095704
2.096043
2.064188
-0.178971
-0.675909
2.110914
-0.154408
-0.144530
-0.383744
2.079111
2.095858
2.110086
-0.748897
-0.512056
2.102485
-0.593190
-0.832746
-0.502866
0.712012
0.067895
-0.379766
0.026440
-0.377947
-0.427480
-0.104289
-0.236355
2.113027
-0.400176
-0.219586
2.085631
-0.914678
0.101365
-0.042818
2.100841
-0.116431
-0.658415
-0.270755
0.081422
2.085891
2.148187
2.099079
-0.218207
2.103833
-0.091530
0.472942
2.105715
0.056686
2.111594
-0.081047
-0.685640
-0.117975
0.307328
0.505136
2.104856
0.151068
-0.013712
0.354559
0.458098
-0.410073
-0.268885
2.113216
-0.744733
2.095830
2.085519
2.102361
0.204161
2.127221
2.098049
2.108260
-0.809854
-0.288099
0.127918
-0.612384
-0.546099
2.082666
2.070528
2.074166
-0.788569
2.085212
0.463695
-0.325277
0.373097
0.156346
-0.082558
-0.213203
-0.054832
-0.367413
-0.211838
2.094473
0.123800
-0.731485
-0.364834
-0.129124
0.800603
-0.081861
-0.661129
2.069984
-0.165616
-0.028152
2.089482
-0.269695
0.006560
2.131171
-0.261190
2.090581
-0.452074
2.069545
-0.068280
0.873308
2.065485
-0.769314
2.084266
0.255471
0.054233
-0.161435
-0.458049
2.099431
0.570581
0.605231
0.039807
0.341467
0.289945
0.870210
2.082731
0.348720
2.139362
0.033518
2.117590
0.400161
2.115890
2.095198
0.235447
-0.834258
-0.112121
-0.687986
-0.888649
-0.275150
2.093819
-0.522049
-0.437870
2.114175
-0.181452
0.282673
2.090769
-0.690196
2.094623
2.121895
-0.302711
-0.526906
-0.013139
0.126808
-0.156407
2.112422
2.063142
0.089692
2.081065
0.398996
2.106607
2.121899
2.083806
0.527153
0.572160
-0.818771
0.064595
2.103479
-0.807208
2.070158
2.088308
0.304611
0.504503
0.373465
2.039654
-0.517790
-0.164819
-0.108459
-0.560340
-0.397303
0.834635
2.075460
-0.897110
-0.291519
2.077087
2.099644
2.106104
-0.008799
2.071288
2.099998
2.070382
2.056675
0.191215
2.084715
-0.887877
2.071152
2.098173
-0.587618
-0.622774
-0.449651
0.901159
0.054753
-0.109069
-0.561657
-0.350421
-0.418550
-0.229280
-0.470778
2.076163
2.102983
-0.076752
0.332565
0.645123
2.093320
-0.231748
2.097099
-0.643445
2.062875
2.106380
2.092033
-0.124952
0.096881
-0.295677
-0.077197
2.091551
-0.357398
0.201042
-0.246648
-0.453725
2.102709
-0.251857
0.357434
2.102027
0.646623
-0.403529
2.080139
2.114672
-0.153034
-0.196482
0.779541
0.020033
-0.406711
2.106036
2.076941
2.094641
2.095394
2.080262
-0.664130
0.207028
-0.755588
-0.094430
-0.070376
2.101249
2.112477
1.997777
2.097843
2.089405
-0.288240
-0.025865
-0.605174
2.107523
-0.126857
-0.525923
0.095426
2.126518
2.130496
2.128550
-0.007673
0.291282
0.623439
0.287275
2.118211
2.067695
2.103667
-0.747687
0.138592
-0.620508
2.095340
2.079069
2.083948
2.085963
2.095347
-0.692788
0.074943
0.022347
2.084497
-0.094271
2.111440
2.107010
-0.676065
2.161600
2.058979
2.098928
2.144162
-0.116542
-0.380710
-0.442063
2.111509
0.584080
0.594593
2.094382
0.264049
-0.045724
2.133229
2.092600
-0.698609
-0.135722
-0.742083
-0.588641
2.086568
2.114571
-0.003264
0.263998
-0.782907
-0.216030
2.153216
2.100811
-0.362688
2.120480
0.513126
-0.477967
-0.109757
-0.923852
2.088973
-0.546868
0.358925
2.089942
2.092374
2.147859
-0.567491
2.104981
-0.736021
0.310130
-0.651583
2.100146
-0.162693
0.411623
0.053607
-0.926896
-0.808575
2.102802
0.157001
2.094901
-0.844928
-0.491514
0.283254
2.117377
-0.392427
-0.113204
0.335099
2.077491
-0.029590
-0.415968
-0.310647
0.134804
0.609812
-0.354512
-0.317705
2.083135
0.054568
2.084311
0.488278
2.117980
2.094086
2.032927
2.049081
2.124823
-0.003930
-0.882439
0.229840
-0.715402
2.082600
-0.130996
0.239198
-0.406140
2.101757
-0.412939
-0.351405
0.566123
0.426996
-0.191840
-0.532819
2.087857
2.077302
0.698219
-0.395291
2.123050
0.065939
2.067633
2.130731
0.470581
0.028974
-0.565490
2.104880
0.289531
2.102998
-0.491984
-0.886919
-0.319207
2.095712
-0.835735
0.552118
2.085727
0.426370
-0.177252
-0.345002
-0.288367
-0.363807
-0.751236
2.128208
-0.770743
2.112393
-0.206632
2.137846
2.099941
2.091795
-0.289936
2.085459
2.123495
-0.191372
-0.224960
-0.160526
2.115583
0.000481
0.005225
2.093384
2.083202
0.755153
0.240709
2.133876
-0.020624
-0.723880
2.060663
2.091065
0.262509
-0.373700
-0.603065
0.419567
-0.341261
2.054445
-0.847213
2.134006
2.106291
2.118802
0.695928
2.072926
0.169415
-0.222969
0.019634
2.060066
-0.375481
2.100729
2.093736
-0.428922
2.048014
2.083689
2.044959
0.053026
-0.357200
2.097298
2.111420
-0.590013
-0.494497
2.111697
2.131995
-0.798650
0.229739
2.068699
0.129697
2.096102
2.103594
2.101398
-0.605908
-0.637796
0.029630
-0.168069
2.104729
2.076679
2.100767
2.109327
-0.207610
-0.247662
0.229728
-0.203471
2.048479
2.084612
2.071899
2.100230
2.095203
0.113766
-0.780721
0.049391
-0.197351
-0.385627
0.292485
-0.531461
0.216792
2.093927
2.089252
2.093543
2.109191
-0.147063
-0.383143
2.112571
-0.602942
-0.294656
2.107522
2.115028
2.114108
-0.549371
2.142739
-0.824429
2.072228
2.089386
-0.349458
0.373023
-0.748626
-0.137373
-0.864357
-0.467514
2.101647
2.096647
2.156253
0.548052
2.065699
0.000806
2.080424
0.185424
2.109409
-0.494820
-0.355996
-0.056759
2.095807
-0.632585
2.086435
-0.359430
-0.438178
-0.296287
2.107734
2.123024
2.084634
-0.114864
0.005004
-0.115537
-0.322588
-0.453781
0.144731
2.069963
-0.135371
-0.563541
-0.820441
-0.903998
2.141454
-0.007716
0.004456
2.105544
-0.155548
2.099743
-0.408889
2.102086
2.092931
2.095287
2.074824
2.006245
-0.463679
2.061345
2.108383
-0.274660
-0.225442
2.105581
-0.410968
2.084605
2.081257
-0.721378
0.132530
2.090904
0.454591
-0.523522
-0.548587
2.108648
-0.121803
2.081073
-0.032789
2.088771
-0.572626
2.078407
2.103188
-0.328245
-0.797888
-0.720224
0.322145
0.954345
0.484806
-0.088618
2.125955
2.085879
2.100696
-0.108033
0.382796
-0.734012
-0.234051
-0.475887
2.151765
-0.428185
-0.659033
-0.177700
2.147683
-0.683560
2.101209
2.063294
-0.636766
-0.510839
-0.245005
-0.813049
-0.589138
2.098465
-0.818212
-0.371844
2.088022
0.413141
0.410890
2.091168
-0.014321
-0.658089
2.120910
-0.195019
2.090917
-0.044782
2.115003
-0.137645
2.087998
2.138315
2.081800
2.111773
-0.377271
-0.326512
-0.371772
0.010402
2.109106
-0.429466
2.076948
0.354716
2.113628
-0.497676
-0.533633
0.200739
-0.452794
2.069263
-0.888088
-0.026704
2.102311
-0.357462
-0.719449
-0.715488
2.074128
0.539096
0.603717
2.123791
2.100510
0.565114
-0.287281
-0.357990
0.507601
-0.796794
-0.819253
-0.541299
2.077592
-0.303607
2.104417
2.064360
-0.846985
2.104956
-0.059976
0.143183
-0.805014
0.133791
2.104448
2.084833
2.063457
2.130753
-0.615301
2.111916
2.121083
2.102900
-0.629693
0.763978
2.086724
-0.873318
-0.690406
2.151568
-0.766547
0.945776
0.471478
0.381520
-0.252701
2.067821
2.078346
2.070371
0.255010
-0.080532
0.240315
2.093468
-0.464294
2.076847
-0.213819
2.089743
2.117644
2.140128
-0.568679
-0.494304
-0.251024
2.129438
2.073574
2.084934
-0.210377
-0.360193
2.100213
0.182969
2.089294
2.085723
-0.411825
-0.373793
2.120082
2.099877
-0.683718
1.991628
-0.364861
0.638989
2.090427
-0.530758
-0.256612
-0.794518
2.139833
-0.566399
2.078436
-0.390770
2.016225
0.467914
-0.585470
-0.028437
0.495222
2.088021
-0.139852
2.098377
2.119480
-0.008307
2.079043
-0.203670
2.081650
2.086500
2.094408
0.268483
-0.465661
-0.948901
-0.577288
2.078282
0.475321
-0.109318
2.123566
-0.530564
0.007530
0.264999
2.156974
0.429502
-0.357251
2.097824
0.437654
0.411074
2.102136
2.082443
2.073722
2.070030
-0.392186
-0.591225
2.079847
0.250607
-0.461377
2.099175
-0.053107
0.099294
0.448863
2.085139
-0.085605
-0.597528
2.068281
-0.494135
-0.086778
2.108851
-0.157894
0.417843
-0.033920
-0.321090
2.087742
-0.235761
0.330582
2.052535
-0.379348
-0.530975
-0.421840
2.115242
-0.208466
-0.612216
-0.728505
2.122051
-0.367473
2.077764
2.085243
2.122890
-0.553168
-0.013150
-0.517003
2.069142
-0.330580
0.536404
-0.974480
0.420497
2.084589
2.075916
0.082407
-0.480288
0.027619
2.105727
-0.273435
-0.620335
0.097813
2.095603
2.092797
-0.015868
0.522636
2.084112
-0.400846
-0.901874
2.113382
2.093776
2.079144
2.098439
0.239980
2.092984
2.094928
0.249795
2.138818
-0.243891
-0.009862
-0.115336
2.067071
-0.755308
-0.307647
-0.177410
-0.676739
-0.623908
2.096817
2.066340
2.086140
2.066932
0.313728
2.137013
2.074067
2.089095
2.091982
-0.639259
-0.335204
0.491232
2.083503
-0.768034
-0.459719
2.088192
2.091133
2.111705
-0.161358
-0.019310
0.066585
0.008281
-0.864562
0.018348
2.099200
-0.553688
-0.782735
-0.642801
2.074132
-0.692146
-0.821093
0.305553
-0.410539
2.090306
-0.701677
2.106325
-0.043177
-0.828904
-0.525118
2.126417
0.176443
2.112901
2.086821
-0.477832
-0.202540
2.089158
2.108376
-0.324488
2.080562
-0.510513
-0.398736
2.078278
0.038478
2.030849
0.148738
0.124502
2.109539
2.093484
-0.300566
2.096252
2.143939
0.147380
2.081569
0.569198
2.077759
0.439749
-0.722254
-0.142237
-0.732068
0.245063
-0.106867
2.106380
-0.403743
-0.391301
-0.042271
2.094953
-0.358662
2.108190
0.342176
-0.480239
-0.743551
2.086100
0.348225
-0.023377
-0.580485
2.053108
2.095609
2.063258
2.063238
0.053008
2.077604
0.114078
2.079816
-0.608954
2.098652
-0.650204
2.108190
-0.011445
-0.491066
2.082694
2.125872
2.097165
2.076245
2.081962
2.063711
-0.086988
-0.167139
-0.657143
0.024538
2.057014
2.098316
2.125609
-0.347806
0.038882
-0.456580
-0.829191
2.092404
2.104175
-0.691080
-0.455728
-0.595087
2.071987
2.087532
0.479328
-0.761344
2.080246
-0.832951
2.103367
0.262680
2.141210
2.050942
2.069273
0.585291
2.096756
2.088437
-0.720340
0.008920
0.073009
-0.533157
-0.480793
0.290540
2.120892
-0.195123
2.064037
-0.422898
-0.433471
2.113231
-0.091168
2.094945
2.099628
2.100649
-0.737493
-0.553641
2.082558
-0.689347
-0.202291
-0.718458
-0.648465
-0.143925
2.109786
-0.403824
-0.598226
-0.790458
-0.554378
-0.060976
-0.669107
2.107458
-0.056406
-0.439468
2.007769
-0.808130
0.742243
-0.430285
-0.243745
-0.419465
2.094497
2.120659
-0.516029
-0.507855
-0.096460
2.107558
0.125220
0.176309
2.091448
0.258426
-0.630435
2.103974
-0.396536
2.089923
0.093580
2.128760
2.102199
2.107611
2.102104
2.067354
2.116588
2.072417
2.079514
-0.716103
-0.461540
2.098792
2.107237
2.056894
0.007368
-0.559770
-0.105443
2.082001
-0.241495
2.098800
-0.477240
-0.706620
2.088395
0.097330
-0.044251
2.098430
0.041214
2.087124
2.065957
2.080691
-0.280098
-0.578694
2.127891
2.128226
2.130062
2.099298
2.101310
2.093258
-0.642184
-0.406889
0.117149
0.035303
-0.556123
0.890739
2.056144
0.117864
-0.390602
2.079198
0.024664
2.118705
2.137060
0.067505
2.109743
0.045099
2.088333
-0.635699
0.589927
-0.431289
-0.473398
2.112436
0.057182
2.113379
2.052720
-0.174338
0.606455
-0.309047
2.092548
2.104222
2.099000
-0.476014
-0.153657
0.432052
2.122138
-0.855771
0.172415
-0.649332
-0.632664
-0.008895
0.640109
2.084282
2.141946
-0.012608
-0.469857
2.115858
-0.299818
-0.690051
0.022567
0.419681
-0.397506
-0.315939
-0.215168
2.093439
0.168449
2.136789
2.101240
0.424875
-0.116386
2.109987
2.064686
2.110320
2.062682
0.037945
-0.193917
0.346304
0.399432
-0.666320
2.124627
0.810085
0.974579
-0.471933
0.160849
-0.800135
-0.000332
2.094526
-0.498326
0.164495
-0.018323
0.546708
-0.608009
-0.651477
0.828803
2.054190
-0.695243
0.668434
-0.473656
-0.314461
0.618442
-0.668384
2.086124
0.412086
0.078601
2.128987
2.119846
0.273361
-0.262270
-0.387170
0.178735
2.137183
-0.637922
-0.430634
0.707890
-0.838634
2.108947
-0.841056
-0.575813
2.085350
2.079986
2.116390
-0.848663
0.006695
-0.284274
2.094995
0.241635
0.333863
-0.066597
-0.262107
-0.177402
0.320522
-0.509207
2.102431
2.080657
0.112834
-0.513600
2.071738
2.040309
-0.838181
-0.773035
2.123050
-0.742407
-0.297908
2.103801
2.090441
2.074279
-0.106060
2.097799
2.090974
-0.691066
-0.712069
2.069657
2.089620
2.098931
0.279368
0.527520
0.012005
-0.452784
-0.022281
-0.444741
2.082465
2.122947
2.099254
2.079336
-0.151552
-0.163324
-0.755657
2.074403
2.100255
0.138656
-0.291704
2.093805
-0.526476
-0.527422
-0.266528
2.083632
2.137483
2.128990
2.106521
2.091140
-0.795278
2.109423
-0.177458
-0.129279
-0.407221
-0.099125
0.289324
2.056512
-0.029081
0.130489
-0.381926
2.115434
0.008602
0.031559
0.181233
0.713394
2.107104
2.061084
0.069452
-0.307081
-0.387140
2.112422
-0.462832
-0.150534
0.745133
2.087112
0.300870
2.059655
-0.019616
2.082371
-0.697992
-0.078780
2.097309
0.080503
0.336198
2.109540
-0.032555
0.391665
2.128626
2.117683
-0.402074
-0.724077
0.056898
0.947206
-0.379114
-0.624238
-0.862535
0.453846
0.243730
-0.374272
2.124392
2.072167
-0.743885
-0.755037
2.100577
-0.853902
2.069774
-0.046266
2.117530
2.097365
-0.580838
-0.235649
2.137112
-0.393947
2.134643
-0.226060
2.102985
-0.377391
-0.581498
0.219548
0.037433
-0.332880
0.610065
-0.867306
2.074444
2.095032
-0.188718
2.049703
0.060134
-0.599513
0.267187
-0.397731
2.112034
0.438534
2.097196
0.229478
-0.021309
0.048074
2.112927
-0.300773
-0.860930
-0.188244
0.364988
2.083609
-0.184229
-0.472153
0.138285
-0.272830
-0.449811
2.059730
-0.441080
-0.834046
0.559236
2.094048
-0.371864
-0.809172
0.266028
-0.650666
-0.456670
-0.509021
2.065403
2.131823
-0.200663
0.225751
-0.152586
2.086018
2.120044
0.270377
2.111807
0.738560
2.103279
-0.192337
-0.613954
0.492167
2.109583
2.100632
-0.489484
0.008176
2.123519
2.101703
-0.762709
-0.008310
0.654358
0.054627
2.087051
-0.255713
-0.654693
2.107665
2.151901
2.067541
-0.156215
0.276185
0.368029
2.069179
2.091815
2.145671
2.107867
-0.488079
-0.577953
2.093253
2.098753
-0.121291
2.080688
0.634169
-0.311748
2.146508
2.116296
2.119626
0.218664
-0.245944
-0.009372
-0.054619
2.075644
0.505321
0.294717
-0.302575
0.537331
0.640091
-0.319668
2.092381
0.005491
2.104180
0.378875
-0.751747
2.090345
2.077596
0.740795
-0.378893
-0.603440
-0.187581
-0.735996
-0.146112
-0.437388
2.023265
-0.235372
-0.124193
-0.847566
0.156180
-0.772123
-0.236815
-0.491696
0.139781
-0.237772
2.109553
-0.170780
2.104399
2.116410
-0.215812
2.099341
2.066998
2.072040
-0.026025
-0.286470
2.093564
-0.557974
2.081813
0.271560
2.091691
0.523935
2.130430
0.170164
2.097125
-0.636545
2.021645
2.100728
2.053278
0.717397
2.109648
0.001567
2.086339
0.226044
-0.158899
-0.560469
2.096486
0.748187
0.412362
2.127257
2.125956
-0.654719
0.575421
2.083442
0.264563
2.092273
2.102016
2.050012
2.084116
0.185845
2.057645
2.059153
-0.336550
2.093195
2.094820
-0.326676
2.091645
-0.281056
2.092271
0.386438
-0.283959
-0.467193
0.253471
2.095177
0.788125
-0.240556
-0.492946
-0.835330
0.412637
2.085327
2.051818
2.121807
-0.063626
2.042009
-0.587703
0.743474
2.098649
0.331702
2.065802
-0.312252
0.012638
-0.459844
2.103283
-0.639275
2.101861
-0.801215
2.063569
2.096008
0.220556
-0.376575
-0.526225
2.087256
-0.883192
0.277988
-0.257085
-0.459635
-0.308279
2.128257
-0.619161
-0.180566
2.100852
-0.018273
2.102208
0.036622
-0.276502
-0.431269
2.105166
2.073183
2.063268
-0.260296
0.142635
-0.098899
-0.012105
2.090055
2.095604
-0.716593
2.090520
-0.220480
2.095295
-0.098077
2.091858
-0.026894
2.135117
-0.815364
-0.709391
2.059174
0.533024
-0.737167
-0.100661
2.099499
-0.889328
-0.564306
2.088527
2.119297
2.115637
0.247188
-0.134408
2.068832
-0.747462
-0.777346
-0.732798
-0.063488
2.108094
0.371907
2.070770
0.551192
-0.660914
2.125355
2.041466
2.117724
-0.405192
2.106683
0.473105
2.085181
-0.072581
2.093233
0.394211
-0.621334
2.069099
2.081000
2.058051
-0.196528
2.145179
2.134220
0.185812
2.140303
0.116184
0.224940
-0.053748
-0.310400
-0.141430
0.755020
2.124413
-0.153296
-0.762971
0.424290
-0.142984
2.098725
-0.219133
-0.037452
-0.535025
-0.834922
2.102218
-0.635068
2.039740
-0.598457
-0.374379
0.173396
2.100334
2.082821
-0.707834
0.608554
0.386422
-0.334508
0.376482
-0.368291
0.206178
-0.409361
-0.559547
2.108530
2.122853
-0.733031
0.594823
2.107650
2.125583
-0.232136
2.103685
2.078737
0.221809
0.343543
-0.367657
2.114427
-0.629180
-0.834019
-0.656656
-0.854097
-0.531630
-0.468727
2.107017
-0.557620
0.133856
2.200327
0.317690
0.394230
-0.153863
2.105349
2.099459
-0.876108
-0.882601
-0.541575
2.121685
2.067681
2.108460
-0.383119
-0.454959
0.569332
2.133062
2.097803
-0.674843
-0.095673
2.093698
2.108308
2.082576
0.370859
-0.678280
2.111282
-0.728314
-0.815792
2.045562
-0.453323
-0.352738
2.106540
2.078247
-0.508397
-0.751549
2.112095
-0.623665
2.078013
2.109226
2.100272
-0.799377
-0.028377
-0.613665
2.118525
0.443295
-0.200297
-0.910274
0.330989
-0.296615
-0.651187
-0.526687
0.394819
-0.406893
0.219775
-0.681378
2.070336
-0.851897
2.075739
2.093861
2.088977
0.048238
2.088059
0.217115
2.099727
-0.388442
-0.471604
-0.571054
0.282100
2.100854
2.083167
0.395931
2.041633
-0.463185
-0.319470
2.106530
2.096386
-0.134611
2.109413
2.100554
-0.103460
2.069733
-0.380260
0.232802
0.336243
-0.162900
-0.641944
-0.854324
-0.428075
-0.853575
2.048808
2.087580
0.040554
2.123431
2.061979
2.043866
2.097417
2.048479
2.112692
2.130520
2.088932
2.062741
-0.618754
2.054371
0.621964
-0.370193
0.494635
-0.031352
-0.162109
2.087147
2.097480
2.082713
0.689885
-0.016847
-0.344634
2.113636
2.099828
2.108385
2.086580
2.127512
2.132420
-0.305086
-0.683565
2.103989
2.114813
2.116610
-0.447293
-0.800249
-0.770353
2.136706
2.117733
0.157317
2.083650
-0.097367
-0.392857
2.100196
2.134773
2.075647
2.076611
2.080761
2.102914
2.056652
-0.480896
2.115184
-0.800558
-0.598131
2.116008
2.110494
0.105973
-0.526588
0.319979
-0.574441
2.098891
-0.159160
2.119330
-0.416138
-0.488491
2.088511
-0.868388
0.387274
0.260968
2.084095
2.069218
2.098162
2.166674
2.097052
2.114241
-0.627494
0.397708
2.130312
-0.465096
0.598726
2.093330
2.082947
-0.399683
2.064325
-0.121564
2.035464
0.139357
-0.275242
-0.319417
-0.062957
-0.318739
-0.581469
-0.446264
2.103733
0.825321
2.107133
2.016064
2.140762
2.113755
-0.365287
2.126910
2.080627
-0.201787
2.100347
-0.707670
2.122526
2.090531
2.082206
2.159568
2.103834
0.416527
-0.156321
2.120017
-0.391934
0.458593
0.113027
0.627545
2.123746
0.588073
2.071481
-0.366647
0.058121
0.445454
-0.497009
0.005581
-0.152810
2.098726
-0.829749
0.668315
2.093286
2.084644
2.118768
-0.652677
-0.141310
0.839868
-0.283669
-0.223551
2.078817
2.093063
2.084599
-0.600243
2.053242
2.056441
2.116058
-0.051317
0.220153
-0.642692
2.091179
2.104515
-0.446194
2.121913
2.089654
2.009943
2.069388
0.756961
0.013703
2.110505
2.041257
0.124227
-0.446854
2.104512
2.045984
2.084955
2.130094
2.108277
-0.703578
-0.251411
2.101694
2.095541
2.065774
-0.254609
0.214370
-0.020204
-0.701351
-0.084822
2.116403
-0.503815
0.300987
-0.754269
-0.065442
-0.345374
0.469486
-0.154097
-0.429101
2.105602
2.102203
-0.279541
2.107918
0.321541
2.119741
2.048224
2.077195
-0.243775
0.145550
-0.405531
2.096959
2.100343
2.084610
2.092708
0.116827
2.100790
2.082441
-0.212518
2.087608
-0.168473
-0.247235
2.108156
-0.031596
2.100958
-0.889067
-0.302463
0.600249
-0.261716
2.065205
-0.305637
-0.529140
-0.126646
2.092644
0.818825
0.446666
2.102464
-0.094773
-0.503957
-0.494370
-0.237612
0.706775
2.140035
-0.562245
-0.690703
2.068952
-0.491914
-0.256379
2.106471
2.089515
2.119169
-0.789422
-0.423402
2.039924
2.079164
-0.694271
0.322328
2.066377
-0.082440
-0.519450
2.070996
2.086989
-0.378645
2.115684
2.089300
2.071063
2.106875
2.107253
2.035572
2.100717
2.080785
-0.566133
2.120966
-0.360000
-0.782696
-0.136326
2.140287
0.391690
-0.046224
-0.137776
2.157049
-0.719265
-0.140087
2.067563
0.009048
-0.549280
0.072395
2.045800
2.120494
0.088538
2.069995
2.081991
-0.827276
0.814174
2.091718
-0.553927
0.363497
-0.075094
2.092807
2.082586
2.076328
-0.062385
-0.392637
2.093155
0.689281
-0.880297
-0.639502
2.087519
2.095445
0.513023
2.094779
-0.322518
-0.855660
-0.137910
-0.652277
2.084155
-0.023691
2.082531
-0.003192
2.123357
2.102654
2.149048
-0.247099
-0.794033
2.119676
2.094243
-0.588957
-0.611624
0.326968
0.467958
-0.843616
2.151227
-0.726008
2.110984
-0.615027
-0.342186
-0.604280
0.077717
2.071272
-0.629627
2.068177
2.129503
2.060406
2.049838
2.041236
0.303806
-0.826045
2.069640
2.099194
2.052345
0.471616
2.092743
0.467251
-0.843668
0.557939
-0.431645
2.113493
2.070169
-0.318341
2.092090
-0.295733
-0.639333
0.466314
0.855445
2.095817
-0.218611
-0.398032
0.085360
2.041785
-0.019030
2.069700
2.109297
-0.085081
0.393842
-0.167603
-0.128815
2.112817
-0.293493
2.171603
2.094474
-0.203724
0.394528
2.111113
2.076426
0.066655
-0.414895
2.078955
-0.187162
2.109886
-0.081884
-0.823619
2.072355
2.094035
-0.643269
2.088440
0.218097
0.036501
2.154052
2.109013
2.086184
-0.548454
0.310212
2.101992
0.276611
0.015237
-0.464649
2.056012
0.255887
2.104937
-0.613576
0.535523
2.048566
0.398680
2.127947
-0.820917
0.404647
2.044310
-0.164851
-0.177696
-0.122058
0.181478
2.115264
2.129152
0.304414
2.111561
0.475473
2.111155
2.072714
2.109313
-0.070862
-0.874921
2.103134
2.096520
-0.098186
-0.453121
-0.858302
-0.286935
-0.522910
-0.250944
-0.238495
-0.748567
2.066614
2.108129
0.496962
-0.309072
-0.003991
-0.605045
-0.368992
2.105060
-0.178043
0.474756
2.104182
-0.401825
-0.141807
-0.263028
2.077116
-0.345031
2.110505
2.091705
2.117338
2.071896
0.694274
-0.209474
0.762723
-0.620227
2.126768
2.082015
0.256292
-0.542259
0.239947
-0.705836
2.135069
2.082878
-0.198324
2.091805
2.089184
-0.378584
-0.167208
2.096173
2.079848
2.062904
-0.204921
-0.157042
-0.645202
-0.227967
-0.142360
2.098547
2.115266
2.082556
2.077953
-0.350487
-0.318040
-0.579571
-0.107268
2.104205
2.080042
0.348377
2.133020
2.039155
2.082337
-0.570147
2.094627
2.107476
0.889679
1.046040
-0.377307
-0.704977
2.055408
2.133299
-0.273068
-0.266841
-0.741839
-0.376994
2.088290
0.171307
-0.805418
-0.334608
2.097354
-0.193331
-0.262292
2.078912
-0.454174
0.795885
0.430107
2.100010
-0.124971
-0.706234
-0.344616
-0.876744
0.708091
0.331882
2.153512
0.046761
2.056598
-0.258601
2.081194
2.099091
-0.080276
0.194878
0.505104
-0.242649
0.171145
-0.709004
2.101897
-0.429630
2.067510
0.325792
-0.674606
1.063162
-0.260124
2.090720
2.092642
-0.373926
2.180425
2.106698
-0.390290
-0.062128
-0.184880
-0.339636
2.105645
2.122540
2.108272
0.412107
2.091464
-0.097066
2.119329
2.066203
-0.410315
2.091604
0.446287
-0.301984
-0.291217
-0.732832
-0.128461
0.130733
-0.325050
2.120799
-0.035517
2.084576
-0.383152
0.607780
2.109102
2.110643
-0.052497
0.121993
2.116112
-0.618398
2.113399
-0.455779
2.110349
2.074700
-0.367863
2.123070
-0.426855
-0.787086
-0.499660
2.096352
0.675590
0.092676
-0.059252
-0.129033
2.101408
-0.407980
2.100922
2.106128
-0.592114
-0.456814
2.090858
-0.830002
-0.349277
-0.439592
-0.134938
2.100637
2.078861
-0.376004
2.045587
2.089331
2.072136
-0.400195
2.107291
2.168361
2.076269
0.416480
2.070831
0.526054
2.091540
-0.410896
2.079441
-0.454288
0.045105
2.079531
2.059898
-0.038635
0.022943
2.116508
-0.382453
-0.453508
0.270910
-0.119827
0.080294
2.064746
-0.057106
-0.316626
-0.605327
2.087176
-0.211498
0.236005
2.086163
-0.779655
-0.274042
-0.312696
-0.693354
-0.239419
-0.109632
2.097424
2.079548
2.138497
-0.535374
-0.527068
-0.064535
-0.861626
-0.402828
2.103224
-0.721242
2.090041
2.008261
-0.335570
2.110403
-0.209679
-0.108895
2.115459
0.153448
-0.328014
-0.823706
-0.032218
-0.360620
-0.089163
-0.582132
-0.472536
-0.227613
-0.033593
-0.820794
2.093789
2.119498
-0.500533
2.127299
-0.507127
2.117988
-0.181747
2.093231
2.093318
-0.298239
2.104503
2.106403
0.054224
2.077487
2.185620
-0.326496
-0.593657
0.266765
-0.181746
0.073145
-0.581119
2.085907
-0.638958
2.087608
-0.195891
2.150909
2.081623
2.067709
0.216469
2.100200
2.104341
-0.441694
2.091451
-0.545228
-0.264152
-0.175864
0.921066
-0.546931
-0.218753
-0.597135
0.287417
2.100915
2.105087
2.047957
2.089000
2.093255
2.076362
-0.039902
0.290959
-0.419229
2.113966
2.102822
-0.007597
-0.793052
-0.352659
2.098840
2.134266
-0.367991
-0.160493
-0.444410
-0.414149
2.108340
2.098409
2.099982
2.124125
-0.015610
0.315522
0.389467
-0.138614
-0.287563
0.827552
-0.463618
2.095529
2.098003
2.123198
2.112663
2.121526
-0.264983
-0.340546
2.082175
2.084625
-0.011448
0.384945
-0.454431
0.497388
2.082521
-0.583505
-0.317606
-0.202055
2.086400
2.103983
-0.343594
0.397517
-0.026571
-0.123134
0.797066
0.238997
2.083402
2.118382
0.039829
-0.365542
-0.205149
0.272262
-0.183170
-0.067024
-0.478050
-0.837956
2.078036
-0.350101
0.070874
2.109078
2.085770
0.019145
2.129786
2.080826
-0.533544
2.110041
2.112276
2.188837
0.260263
-0.587126
0.041119
2.101062
-0.210821
0.641074
-0.608262
2.071647
0.473071
2.092132
-0.240804
0.617548
2.087421
-0.570933
-0.627247
0.084233
0.149110
2.049816
-0.482912
-0.068673
0.543901
2.085712
2.111976
-0.213767
2.097863
0.561356
2.105380
-0.039590
0.421579
-0.361461
2.108498
2.098094
2.131086
0.481840
2.099667
2.086930
2.105560
2.075209
2.125619
-0.282078
-0.602063
0.004693
2.099047
-0.520997
2.082066
-0.138539
0.213208
-0.745049
-0.676586
-0.067626
2.106590
-0.374076
0.073917
0.613565
2.079780
2.111798
2.096237
2.115060
2.140284
-0.706308
-0.275745
-0.670553
0.353457
2.101288
-0.625893
2.090819
-0.763651
2.083811
0.142331
-0.312387
2.077282
-0.358645
2.102896
-0.273662
2.100334
-0.410730
2.044081
-0.799500
-0.311939
-0.358154
2.131295
-0.439709
0.506838
0.091205
-0.805119
2.102501
-0.266124
-0.414975
2.103724
2.076235
2.194830
-0.332554
-0.391581
2.105469
2.125040
-0.707676
-0.619291
-0.347400
2.116601
-0.461331
2.110375
-0.764079
0.719035
2.096459
2.095849
-0.264922
2.118905
0.008008
2.106870
-0.454424
2.105184
-0.029854
-0.412045
2.103792
2.122299
-0.420093
-0.018943
2.154427
-0.415934
-0.419995
2.108470
2.106987
2.098437
-0.042875
0.937289
2.127202
2.090763
0.241369
2.047282
-0.437437
-0.830162
2.074544
2.089489
-0.744703
2.071173
-0.429142
-0.204731
-0.328595
-0.254567
0.013974
-0.417207
-0.174913
0.459371
-0.270931
0.729425
0.183898
0.032872
-0.894320
-0.355714
2.099724
0.061354
2.053587
-0.253445
0.290409
-0.849487
-0.142865
2.093504
-0.411127
-0.643926
2.113516
-0.823373
2.136894
-0.556145
2.093597
2.069983
2.131245
2.103266
2.131644
2.118531
-0.487448
-0.497193
2.092505
2.107025
2.060445
2.116366
-0.481076
-0.125661
2.092930
-0.881730
0.086471
-0.485008
0.513597
0.349101
2.099841
-0.579845
-0.673185
2.107225
-0.700131
-0.542490
2.139382
-0.451966
0.064550
-0.045101
0.250767
-0.696535
2.108548
0.167998
2.071185
2.069068
2.122258
0.130377
2.070852
0.011291
0.063210
-0.671622
-0.626489
2.112177
2.045637
2.078881
-0.721805
0.714715
0.472860
0.170622
-0.898904
-0.385131
2.100654
2.068073
2.103552
-0.475121
-0.733067
2.098134
-0.295887
2.062854
-0.538598
-0.002025
2.106266
-0.095636
0.192439
-0.192514
2.108869
2.079944
-0.319758
2.112035
-0.207463
-0.304088
0.136501
0.440291
-0.423548
2.076192
-0.507305
2.085078
0.449396
2.129952
-0.147083
2.084319
2.113491
-0.173415
-0.623244
2.149908
-0.530561
0.178153
-0.180879
-0.798198
-0.795157
2.121026
2.065540
2.089181
2.101099
-0.288217
2.104758
2.130331
-0.790060
-0.203431
2.100346
-0.165868
0.562170
0.729620
2.106380
2.134980
2.138618
-0.807257
-0.709257
-0.243698
-0.335506
0.233380
2.093855
-0.146219
2.108333
2.075494
2.093487
0.130544
0.564979
-0.398091
-0.528430
0.119731
2.078110
2.082643
0.385375
2.107098
2.098782
0.046717
2.116240
-0.307416
2.119695
2.109422
0.058203
-0.204280
2.055363
-0.039526
2.098234
2.092027
2.091578
0.829378
-0.710862
2.096665
0.637399
-0.731980
-0.130134
-0.468184
-0.357457
-0.253849
2.132169
-0.012567
0.123684
2.110401
-0.359271
-0.261951
-0.270873
2.067036
2.097729
2.106809
-0.499802
-0.283156
2.070225
2.051023
-0.287572
2.087934
0.187571
0.690909
-0.777499
-0.660521
2.056788
-0.270570
2.093141
2.101034
-0.423458
-0.181898
-0.283250
-0.624571
-0.663791
2.069024
-0.399542
-0.502473
0.215984
2.083291
2.098843
2.089963
-0.287950
0.100655
2.095811
-0.473364
-0.259746
-0.207487
-0.315517
-0.548146
2.124773
2.107715
-0.163631
2.118034
0.111501
2.066368
2.087335
2.069082
0.283617
-0.040655
-0.480900
0.017993
0.014066
2.118705
-0.601347
-0.427066
2.115590
-0.495095
-0.380916
0.496265
-0.191739
-0.604172
-0.585882
-0.016282
2.094087
-0.290888
2.119530
0.121165
0.382586
2.096136
-0.496253
2.088060
2.086398
-0.268520
-0.452453
0.087384
2.065126
-0.255937
-0.509517
0.690311
2.108657
2.114805
-0.345435
-0.514439
2.075320
0.425714
2.104085
-0.151622
2.063070
2.103167
0.042496
-0.298944
-0.392218
0.362664
0.157611
2.016929
0.030180
2.098132
-0.115958
-0.565958
2.069619
2.100494
2.083498
-0.885898
0.081431
-0.285792
2.108897
2.097275
2.103919
2.080043
-0.661214
-0.248589
2.159727
2.104155
-0.415997
2.082045
2.110629
2.094820
-0.099622
0.586775
2.080318
2.103567
-0.073997
0.073935
0.605065
2.143375
2.083018
2.109081
2.105264
0.492409
-0.281788
2.082829
0.151289
0.235081
-0.710675
-0.205398
-0.553141
-0.694739
-0.388052
2.116201
-0.756663
2.082237
2.112374
2.102469
-0.724299
0.043631
2.057068
-0.094427
-0.214617
2.088931
0.805244
0.255554
0.089828
-0.212442
-0.126000
-0.127344
2.100121
-0.186990
0.027961
2.124441
2.065634
2.109308
-0.845277
0.210840
2.091463
0.104144
-0.596416
-0.412050
2.062654
-0.769171
-0.864289
2.090350
2.108512
0.418038
-0.783940
-0.431050
2.112855
-0.269260
-0.667704
0.081518
0.008904
-0.379172
-0.722675
-0.350018
-0.503231
2.081312
2.104575
2.088882
-0.665468
2.068336
-0.282942
-0.168828
-0.215917
2.063693
-0.465741
0.183178
-0.138292
2.083737
0.295277
-0.492919
2.088850
-0.543576
-0.093939
0.529469
-0.053805
-0.751218
-0.472295
-0.064544
-0.066203
0.210272
-0.864198
-0.872470
-0.409266
2.074634
-0.620943
0.156183
0.757026
0.640005
2.139460
-0.214258
0.091816
-0.314592
2.125245
0.827448
-0.326606
-0.353867
-0.163453
-0.005192
0.271493
2.095928
2.095091
-0.626625
2.099529
-0.300496
-0.446401
-0.813278
-0.608379
2.109007
2.096012
-0.736391
-0.368683
0.513199
-0.687491
-0.400368
-0.667156
-0.386414
2.089678
2.073283
0.700745
-0.476606
0.313836
2.096720
0.036557
0.249613
-0.250517
2.103271
-0.323298
-0.527204
2.076082
-0.543330
2.115107
2.091401
2.090661
2.142793
2.101588
2.071949
2.087620
-0.801950
2.082909
2.070051
-0.322901
-0.647963
0.041285
2.107462
-0.648473
0.481114
-0.609177
2.079689
2.081172
-0.851681
0.515052
0.537616
2.136138
2.057267
2.121771
2.100641
-0.465029
2.064628
0.507314
2.126945
0.018338
2.139453
-0.670412
0.424697
0.074353
-0.565183
-0.400086
0.571260
2.086024
-0.056008
-0.382734
2.076319
2.106737
-0.257261
-0.539251
2.101282
-0.165067
-0.615709
-0.800643
-0.203214
-0.880374
-0.472963
-0.110844
0.463004
-0.407337
2.105829
2.050597
2.125777
2.145812
2.100393
-0.536778
2.117644
-0.310815
-0.665039
-0.385788
2.089995
-0.665508
-0.256160
0.340771
-0.121266
0.202504
-0.407370
2.103711
-0.620344
0.715392
0.116949
2.081339
-0.466616
2.111087
0.204203
0.086739
-0.746204
0.967349
-0.496138
2.108396
2.114940
-0.035266
-0.222315
2.098159
2.098847
-0.109578
-0.596960
-0.632312
-0.437788
0.815819
-0.536187
-0.394870
-0.310295
-0.699857
-0.247873
0.231242
2.062295
-0.517409
2.093007
2.060131
-0.367849
0.080693
2.075816
-0.236166
0.646881
2.211534
2.109761
2.090856
2.083552
2.104376
-0.734230
-0.431109
0.073423
-0.662546
2.097233
2.084101
2.113783
0.356337
-0.545218
2.109125
0.381399
-0.120777
2.099869
-0.240609
-0.343080
0.694613
2.120768
-0.453981
2.096663
-0.874392
-0.675585
0.652141
0.493723
2.106637
-0.760940
2.082422
2.126067
2.088018
-0.316123
-0.421369
2.070329
2.071709
2.106344
2.137019
0.843402
0.208442
2.085438
2.092747
2.079755
-0.314189
0.022327
-0.034735
-0.063000
2.116197
0.234450
-0.404466
-0.324901
-0.355327
-0.192042
2.083088
2.136801
-0.497624
2.099518
2.102367
-0.466375
1.013204
2.087051
2.109778
2.092052
2.092350
2.074565
-0.770221
-0.804809
-0.221885
-0.237678
0.145636
-0.811343
0.141645
-0.194552
0.572856
2.112861
0.029949
2.075032
2.109346
2.095386
2.107460
2.124734
2.068499
2.100261
-0.048038
0.464078
2.160774
-0.673860
-0.201623
0.436896
2.110019
2.095680
2.091439
-0.380407
-0.055205
2.089044
-0.199492
-0.162722
-0.624036
-0.584311
-0.229674
2.100777
2.088935
-0.536600
2.113181
2.044878
0.212338
2.102800
-0.095054
2.107126
2.086149
-0.507775
-0.672802
-0.246636
-0.188365
2.109701
2.102300
2.102151
-0.751632
-0.092050
0.224915
-0.734873
2.090486
2.103905
-0.186064
-0.340591
2.092200
-0.118279
2.087625
-0.703799
-0.262706
-0.502742
2.100962
-0.703756
0.279151
0.267425
-0.389630
2.098062
0.448354
2.091718
-0.607598
-0.460612
2.141562
-0.517076
0.093517
-0.326703
2.096537
0.530909
0.629164
-0.483329
-0.191419
2.109803
2.102449
2.104812
2.151908
2.062409
0.550654
-0.540982
0.586666
0.681543
0.243441
-0.050366
-0.565679
0.069343
2.107551
-0.343482
-0.895632
-0.846188
-0.534968
2.115100
-0.171035
2.107669
0.962406
-0.324123
2.129869
2.157245
-0.824643
2.060215
-0.822156
-0.149350
-0.729437
0.502565
-0.676909
-0.160545
2.107887
2.079312
2.108641
-0.553474
-0.169699
2.122236
-0.638980
-0.366214
2.094760
2.114919
-0.243899
2.095362
2.082403
2.094467
2.097286
0.636325
2.092562
-0.141600
-0.115337
-0.440973
2.098106
-0.850720
-0.337859
2.084636
2.143953
0.112825
2.096527
2.109920
-0.820376
-0.362634
2.078321
-0.218167
2.120392
-0.652593
2.101000
0.754325
2.084029
2.076259
2.091247
-0.380013
2.080108
0.593333
-0.447201
-0.674207
2.074120
-0.023289
2.096761
2.070216
-0.588829
-0.357629
-0.013378
2.110734
2.087033
-0.259899
-0.670440
0.419748
-0.291947
-0.534908
-0.276188
2.105730
-0.118789
-0.207115
2.121928
-0.687997
-0.428443
2.058677
-0.155710
-0.713928
0.223474
-0.467307
2.122209
2.103364
-0.541133
-0.355982
2.149131
-0.241084
-0.094609
-0.231272
-0.523287
-0.869197
2.089086
0.079971
2.097748
-0.354264
-0.342636
-0.274556
-0.043246
-0.688988
-0.111490
-0.809401
2.079658
2.092392
0.491954
-0.348198
-0.038905
-0.329573
-0.192935
-0.625379
-0.633428
-0.750833
2.093569
2.110532
2.073313
-0.028900
0.278040
-0.602369
-0.553000
2.080640
-0.195377
-0.245944
2.129992
2.127162
2.108375
2.070368
2.110866
-0.588539
2.118134
-0.302979
-0.857462
0.058268
2.067932
2.072161
2.098353
-0.307765
-0.066736
-0.156604
0.581446
-0.874807
2.119377
2.129268
-0.874946
-0.878783
2.098794
2.095402
2.070357
-0.594222
0.135474
0.383779
-0.185242
0.550397
-0.774357
-0.102652
2.110477
-0.406545
2.109475
-0.464455
0.135496
2.078086
-0.626630
2.085315
0.168924
-0.215748
-0.332805
-0.792439
2.106497
-0.909084
0.317288
2.084024
2.101689
-0.657611
0.423072
2.110823
-0.086687
-0.650659
2.071334
2.105456
-0.067810
0.212667
-0.627215
2.072966
-0.445884
-0.136375
-0.311351
0.579019
2.116439
1.989254
0.288272
-0.823755
2.105527
-0.769537
0.368348
-0.249189
-0.672849
-0.459176
-0.037557
-0.714998
-0.703428
2.095529
0.597473
0.387410
2.099443
-0.541326
0.326316
-0.423110
2.126065
-0.564768
0.039358
2.098259
-0.714808
0.712864
-0.152692
-0.355927
0.047557
2.046278
2.104388
2.086178
2.127240
2.073675
-0.382214
2.084839
2.169741
2.033749
0.033818
2.117105
2.047828
0.630715
2.106128
0.249338
2.094518
0.335176
2.100673
0.369044
-0.308854
2.083038
-0.134127
-0.611554
2.086899
2.099375
0.124639
-0.552629
2.073063
2.104399
2.082415
0.130451
0.022970
2.107331
-0.397418
2.123887
0.070983
2.116548
2.078227
-0.437495
2.099107
-0.078925
2.140726
-0.030634
-0.784033
0.274786
0.559039
2.113308
-0.204707
0.276124
0.486296
0.161341
2.126705
2.129779
2.083209
2.075517
2.125447
2.091196
0.665421
2.099663
-0.669986
-0.317597
-0.833878
2.074690
-0.455724
0.639505
-0.577579
0.486994
-0.548287
-0.328466
-0.443901
2.114108
2.071333
2.095054
2.096200
-0.485607
-0.232852
2.097366
-0.045903
0.261810
0.191952
2.108303
2.119213
-0.131011
2.091757
0.286131
2.098219
-0.624565
-0.201166
-0.370028
-0.046116
-0.439440
2.068437
2.105882
2.116501
-0.150992
2.113584
1.019328
0.014235
0.375720
2.022288
2.100004
-0.408521
2.091822
-0.659271
-0.269903
2.089850
-0.057547
0.461654
-0.684471
-0.800703
0.527668
2.106125
-0.683975
2.075241
2.072304
0.658172
-0.083774
2.086722
-0.603660
2.080285
2.121383
-0.449293
2.054451
0.388807
-0.647600
-0.330159
-0.212744
2.077165
-0.205516
2.092044
-0.739157
0.395932
0.300736
0.731501
2.062605
-0.530528
-0.025244
2.077759
0.798836
2.118579
-0.419493
0.372549
-0.148687
0.786049
-0.195881
-0.192959
0.421160
0.076322
2.117848
2.076175
2.083000
2.052446
-0.857019
-0.550887
-0.640822
2.096015
-0.324770
2.083758
0.703037
-0.224462
-0.265300
-0.257908
2.054281
2.072308
-0.470847
0.507223
0.165855
0.116004
-0.443870
2.059798
2.122805
-0.118458
-0.861914
-0.127106
-0.422391
-0.558452
0.074494
2.097257
0.003644
0.094449
0.621782
-0.647573
2.094151
-0.112886
-0.402012
-0.090742
-0.222202
-0.216795
-0.313945
-0.851115
2.083632
-0.101057
2.080214
2.117741
-0.018543
-0.357622
2.099821
0.043070
2.140583
-0.275612
2.101835
-0.030288
2.079942
-0.596530
2.121745
-0.710028
2.101816
2.032825
0.424939
2.106076
-0.499510
-0.162888
-0.428337
-0.720362
-0.899156
0.370943
2.110522
2.142357
0.729607
2.057648
2.120487
-0.817532
2.112889
0.381161
2.098595
2.077703
2.046924
2.115745
2.096996
2.096044
-0.693762
0.184215
2.102792
-0.648766
2.064570
2.106453
2.102895
2.190228
-0.237747
2.078064
2.126711
2.086936
2.072975
2.084680
-0.556912
0.104976
2.084508
0.695575
-0.902168
2.098549
2.016922
2.096093
-0.304147
2.104149
-0.682481
2.099101
-0.764058
2.075381
2.115547
-0.265252
-0.352618
-0.245551
0.367385
0.280764
2.105595
-0.410758
2.093735
2.092096
-0.865453
0.462502
2.064059
-0.244839
-0.445515
-0.736941
2.145297
2.106417
-0.472419
-0.236543
-0.428962
-0.271901
2.073709
2.107425
-0.074587
-0.597587
2.143499
-0.901139
-0.100957
-0.443066
2.084446
-0.605311
2.065379
-0.221126
2.099430
-0.560640
2.149299
2.080895
-0.375497
2.137854
-0.355539
2.087781
2.089507
0.012758
2.116275
-0.170064
2.099164
-0.235085
2.087715
2.107686
-0.765052
-0.698347
2.089762
-0.538862
-0.463663
-0.253583
-0.516596
0.524027
-0.256901
-0.309298
0.070843
-0.531074
2.120911
2.075663
-0.602167
2.078244
2.075251
2.068688
-0.471879
2.100031
2.130278
-0.341844
2.121722
-0.823648
2.108742
2.086938
2.121844
2.090667
0.907729
2.093097
0.080145
-0.345559
2.068550
2.071192
2.118203
-0.171430
-0.296791
0.033606
-0.489118
2.085543
0.480726
0.172072
0.110591
-0.433728
2.078760
-0.296474
-0.485838
2.131347
2.120674
2.129913
2.101577
2.071486
2.069055
-0.091699
2.102005
-0.557346
2.098380
-0.154519
0.466048
-0.119313
-0.120954
-0.618904
2.091785
-0.126410
2.106979
-0.336587
2.111532
2.125636
0.091875
2.114054
2.080200
2.092191
2.062531
2.065490
2.098990
2.054392
2.108118
-0.868029
2.160198
2.105416
-0.483665
0.639534
-0.566589
0.058362
-0.682008
-0.528749
0.010989
2.117673
2.151106
-0.070665
-0.599698
2.080638
2.115786
-0.113602
2.106480
-0.205426
2.111108
-0.858448
2.120375
2.065382
-0.470062
-0.642858
-0.784238
0.030185
-0.102492
-0.534657
2.063981
2.105513
-0.865811
0.803614
2.090963
2.081719
2.105651
2.113560
2.108496
0.625948
2.132732
2.125793
2.108863
0.139938
2.102587
2.096190
-0.646966
-0.021759
0.117609
-0.199315
2.086667
2.071297
2.086448
2.075162
-0.775423
2.070681
2.079201
2.184630
0.170607
2.108835
2.098876
2.083881
-0.351894
-0.148306
0.085939
-0.519784
-0.293249
-0.443289
-0.872273
0.433393
-0.533986
-0.620872
2.108769
2.069659
0.160939
0.370440
-0.062904
0.093564
-0.577263
0.563022
-0.050514
-0.396955
-0.419559
-0.122601
-0.887619
2.115299
2.057641
-0.607161
-0.099370
0.506176
0.032286
-0.661333
2.043553
-0.650662
-0.729770
-0.617531
2.084164
-0.069372
2.113375
2.121197
2.132359
-0.208433
-0.384757
2.094138
-0.112556
-0.264411
0.289695
-0.448443
-0.683246
2.114327
2.107124
-0.204109
0.594979
2.106390
2.104321
-0.783330
0.343270
-0.408470
2.071644
2.158330
0.103875
2.099306
0.338177
2.085187
-0.331534
0.684839
-0.623369
0.112122
-0.484942
0.326565
2.137314
-0.191015
2.109039
-0.238095
-0.006522
-0.524114
-0.175801
-0.027496
2.099150
2.092236
-0.206983
2.103428
2.105543
-0.118047
-0.531011
2.081205
-0.324767
2.094065
2.100706
0.729886
0.170691
2.097741
2.133529
-0.634935
0.235692
0.836701
-0.260252
2.103599
0.210680
-0.678476
2.084467
-0.192880
2.102831
2.095355
0.120558
2.081386
0.452231
0.383176
-0.214155
2.075788
-0.674025
-0.514180
2.071363
-0.208150
-0.395057
2.096272
0.131207
-0.839676
-0.849470
2.077011
-0.677791
-0.336566
2.105872
0.388433
-0.333288
2.077161
-0.102710
2.072034
2.084612
2.105919
2.145041
2.058205
-0.318014
2.097814
0.102015
-0.849260
-0.852128
-0.398030
2.108329
2.076415
-0.335931
-0.350602
2.073852
0.261542
2.119951
-0.430929
2.129597
2.066134
-0.128581
2.103498
2.114500
0.152638
2.098914
2.070977
-0.351494
2.091577
0.323255
0.743078
0.952694
-0.763542
-0.233625
2.114748
0.047755
-0.756625
-0.722459
2.067914
-0.279612
0.203792
-0.235736
2.137294
0.147274
2.136304
2.134760
-0.268737
-0.416007
-0.193072
2.099406
2.074020
2.108098
-0.275672
-0.377911
2.080586
-0.275381
-0.483555
-0.322721
-0.219243
2.081400
-0.128827
2.041287
2.097983
0.527465
2.071915
-0.391007
2.084977
-0.290445
-0.579645
-0.676088
0.787476
-0.557696
2.071313
0.465375
-0.381259
-0.453529
2.098874
2.103435
-0.217036
2.092071
2.072320
-0.055484
-0.332125
2.061908
2.054498
2.094824
0.114983
2.077338
0.431163
2.051442
-0.572890
2.116081
-0.133351
2.088460
-0.109058
0.021197
2.037209
2.120450
2.074960
-0.025502
0.185555
0.062451
-0.176313
0.165393
-0.540398
2.083348
-0.353328
0.121274
-0.795018
-0.304450
2.108268
2.120931
-0.402459
2.083419
2.055736
2.138220
0.004101
-0.613167
2.099602
-0.179623
2.093357
-0.158891
2.090781
2.105372
-0.183341
-0.423388
-0.491343
2.069707
-0.570215
-0.447638
-0.796933
2.120858
-0.023813
2.087344
2.078929
2.136614
0.455523
-0.710340
2.065816
-0.909472
-0.860542
2.094344
-0.560760
0.285611
0.068550
0.014942
-0.032276
2.099890
-0.263866
-0.554443
-0.878672
0.591504
2.089291
0.460406
2.109507
-0.548679
-0.214313
0.225568
0.092367
0.035067
2.088114
-0.148806
0.172501
2.101656
2.094217
0.195399
0.167434
-0.206026
-0.740514
2.087983
0.514702
0.294091
-0.776310
0.077551
0.688839
2.064198
-0.575732
0.230996
-0.610326
2.112689
0.345953
0.754681
2.128126
-0.158339
-0.404512
2.134722
0.246558
2.122371
0.239187
-0.207980
0.110397
-0.693976
-0.043861
0.281044
2.084973
2.109316
2.114426
-0.057295
0.471246
2.090041
-0.510536
-0.115645
0.554843
0.165043
0.275115
2.142178
-0.609723
0.141254
-0.282494
-0.189327
-0.654783
0.436397
-0.682600
-0.067244
0.064136
2.122089
2.061240
2.095306
2.123767
-0.730829
2.116555
-0.112526
-0.372054
0.630379
-0.863642
-0.329468
2.043024
-0.394648
-0.512206
-0.168433
0.502888
-0.816635
2.088831
0.359830
2.142411
-0.759113
-0.550761
2.100492
2.044147
0.194018
-0.310411
0.789926
-0.397837
-0.167191
-0.620824
-0.383130
-0.197833
0.180815
0.993501
2.099559
2.092563
2.094582
2.146787
2.119264
0.164383
2.100397
2.127160
0.204868
2.076535
-0.725045
2.072649
-0.205361
0.628264
2.117236
2.071903
0.617646
0.070572
-0.868085
0.849719
0.399638
-0.549520
2.177337
-0.662523
-0.170239
-0.609162
2.082531
0.112762
0.067016
-0.699148
2.068695
2.115822
2.105584
-0.552916
2.108542
-0.338641
-0.480954
-0.525596
2.132935
-0.671632
-0.286364
-0.090078
-0.776213
2.138239
-0.655976
0.449625
2.087673
-0.551975
-0.073823
2.156408
-0.227863
2.087115
0.887061
0.323928
-0.331534
2.088132
-0.375365
0.917212
2.122343
0.034770
-0.581773
0.150948
0.344237
-0.686724
-0.170079
-0.244296
-0.148389
2.118864
2.095388
-0.468266
-0.667983
2.092218
-0.683162
-0.057143
-0.038174
2.162897
2.092787
-0.728662
-0.502726
0.146518
-0.634045
-0.403164
2.119686
-0.010671
2.083279
-0.248399
2.123907
2.098046
-0.763812
-0.174544
-0.532833