0.218563
2.021315
0.512399
1.698947
0.035110
0.306870
0.199837
0.090259
0.022015
-0.013730
0.916271
-0.009757
0.099900
0.141459
1.957095
0.066094
1.177260
2.671844
1.953694
2.260429
0.144813
0.146224
0.464569
1.226574
-0.014461
-0.051605
1.682620
0.036007
0.262155
1.897022
0.826412
-0.072577
0.141107
2.772087
-0.023460
0.173511
0.176085
0.155802
1.708914
0.375052
0.135234
-0.088963
2.654166
0.075273
0.034963
0.060450
0.144727
0.005765
0.056756
1.240090
0.082610
0.069445
0.018144
1.494462
-0.272711
0.326584
1.406570
0.137493
1.921348
-0.005840
-0.008675
-0.309407
-0.003163
0.056938
2.405493
0.062412
1.292985
0.070874
0.043430
1.681759
-0.406474
-0.147284
0.002300
2.229769
0.060600
0.162976
1.597499
2.153642
1.001716
0.038602
-0.066401
0.058763
0.102070
0.378451
0.096339
0.125206
0.011180
0.070642
0.055294
0.032628
0.312106
0.068288
0.128140
2.181810
0.042212
-0.020542
0.214108
2.570222
-0.056840
1.712846
2.486590
0.013634
0.264561
1.397750
0.245998
2.894232
1.123082
1.502983
0.329378
0.725174
2.263042
0.335145
1.464542
1.746999
0.039699
0.090545
0.433662
0.073648
0.076682
2.145300
0.262535
0.011551
0.219046
0.029080
0.014602
0.117872
2.175837
-0.254240
0.185626
0.051058
0.017831
0.210797
1.684421
0.903425
2.338656
1.620341
0.249366
0.040139
2.302099
0.054233
1.260537
1.336719
-0.099870
1.303222
-0.218424
0.124557
0.296688
1.356690
0.518417
0.267774
-0.019852
-0.029506
-0.600931
0.062261
-0.041528
-0.070394
1.786309
-0.216595
0.161046
0.048769
1.057822
1.384393
0.181367
0.112840
1.730630
0.040484
-0.038890
0.233537
1.387736
0.720319
0.183833
-0.190873
0.154122
0.036927
1.628784
0.151614
0.135013
0.062547
0.312619
-0.050975
-0.012253
0.159609
0.103459
0.075425
0.046504
-0.020818
-0.009209
1.868133
0.117727
-0.069807
2.356267
0.227564
0.030862
0.169713
0.021816
0.089947
1.832814
1.349406
2.363449
0.061965
1.492261
2.187935
0.151154
0.718222
0.042397
0.116203
0.113340
0.034178
1.251961
1.609570
0.293672
1.505376
2.263512
-0.064064
0.045248
-0.082525
0.088818
0.149738
0.065068
0.033977
0.446964
0.007711
0.100961
-0.002243
2.605859
0.975464
1.073844
-0.027785
-0.140184
0.192260
1.697083
0.245777
0.047387
0.055170
2.209515
1.273932
1.186704
2.136384
-0.068705
-0.186666
1.892421
2.454892
0.084811
-0.029074
1.269456
0.046484
0.437081
1.240613
0.047957
0.259396
-0.238365
-0.012773
0.136677
2.086965
1.236454
1.825772
0.085570
2.893028
0.585654
0.080700
2.377784
0.032455
2.573399
0.041020
2.795666
-0.034813
0.049633
0.095312
1.965891
2.329896
0.043796
0.426789
1.735341
-0.079207
1.748047
-0.011631
0.177450
1.975092
2.018636
1.875147
0.212730
0.189895
1.565311
2.050522
0.079871
1.578877
1.472301
1.632309
0.030803
1.344298
-0.015562
1.289889
0.038416
0.028761
0.094422
0.724017
0.092733
1.220525
-0.094226
0.035422
0.079132
0.031347
0.209718
0.119728
1.430094
-0.015792
1.167585
1.064890
0.093870
0.141699
0.008173
0.367011
1.678893
-0.045027
0.029944
0.076442
-0.141074
-0.060829
0.069098
1.604963
-0.082446
0.023371
-0.039949
-0.111496
1.620426
2.379400
1.404905
0.164329
0.484005
1.968285
0.274960
2.234188
0.019431
1.992389
1.218211
0.161235
0.669070
0.081115
0.087233
1.792392
0.077041
-0.040114
0.042645
-0.008261
-0.027158
0.003473
0.099955
0.192003
1.943379
0.118553
0.146650
0.069005
1.124912
0.031953
1.384747
0.485508
0.079645
0.050748
2.117853
0.082384
0.297442
1.637880
0.086469
0.064037
0.349689
-0.017242
0.133055
0.467206
0.016255
1.079379
0.039418
2.169963
0.163118
1.661729
1.848475
2.440163
0.292424
1.146458
0.028144
1.208041
0.138203
0.541931
1.677180
0.786963
1.640289
0.047414
1.285927
1.244857
1.796321
-0.025954
2.822334
2.451535
1.631616
0.103945
1.720528
2.439629
0.260633
1.834306
0.055823
1.763068
1.313337
0.866302
-0.160461
-0.060144
0.129385
0.187090
0.010647
1.543271
0.072741
0.063730
-0.335490
0.079632
0.891729
0.008887
0.943132
0.057804
1.922247
0.382084
-0.248180
1.309103
0.463133
0.550701
0.034314
1.918583
0.002419
-0.054870
1.443574
-0.109175
1.542888
0.015876
1.369399
-0.397072
2.382294
2.208467
2.665455
0.308806
0.986935
0.072401
0.148560
2.075680
-0.273078
2.051950
0.035880
-0.148483
0.033082
0.044852
-0.009059
3.017693
1.107040
0.112865
0.095238
0.113528
0.080862
0.089052
1.959748
0.815314
0.057543
0.131321
0.075215
0.127656
1.976145
1.719650
0.086779
1.941766
1.508567
1.869025
-0.145358
0.732818
1.379195
0.049411
1.966982
0.214107
0.207033
0.028462
0.143030
0.628748
0.220930
0.057659
2.692661
0.025835
1.566174
0.202461
1.288348
0.302146
-0.115742
1.412203
0.774856
0.062379
0.037101
1.156730
0.053803
2.194328
0.061063
-0.113355
0.060260
0.063007
0.962881
1.164906
1.233625
1.044664
1.532836
1.713499
0.235421
2.465391
0.196350
1.819839
0.091408
0.131184
2.004009
0.084418
1.575383
0.039626
1.534002
1.484111
0.210213
1.746622
0.076973
2.287937
1.221157
1.724578
0.052186
1.359589
1.943869
1.234452
1.827338
0.011382
-0.035371
0.100280
1.681029
0.089831
0.058422
0.037605
0.056397
0.989408
0.136900
2.314065
0.060613
2.894890
1.251885
1.925845
0.168633
0.103712
0.482251
0.083316
0.021508
0.062012
1.337140
-0.031796
1.471915
0.024796
0.035386
1.723253
0.108479
0.910149
0.924305
0.093239
2.267140
-0.205184
-0.017031
1.791499
0.048451
-0.223547
2.008044
1.959677
1.388860
0.888561
0.060370
0.028294
0.102572
2.890346
0.023059
0.127581
0.029297
2.077633
2.549866
0.559201
1.594556
0.013697
0.192985
3.050844
0.261199
0.077864
-0.062104
2.679674
1.528850
-0.029279
1.023840
0.063459
2.111735
0.067667
2.142063
0.088424
0.260539
0.123386
2.375124
0.048159
-0.222322
0.238634
1.123860
1.824961
-0.014769
0.047538
0.077272
0.039214
0.362423
1.333126
0.177846
0.043698
0.112205
1.166596
0.030635
1.969061
0.024623
0.246950
0.118141
2.093133
0.095868
2.027549
-0.007168
2.531567
0.071815
-0.118082
0.089433
1.298879
2.554352
1.876573
0.577187
1.252727
0.069527
-0.010172
-0.176003
0.904447
0.158589
1.655493
0.490335
-0.011139
-0.089116
0.419695
2.126832
0.227479
0.956594
3.185402
0.045395
0.017904
0.002252
0.525669
1.045734
-0.033090
0.071478
1.699616
1.744309
-0.015063
1.329614
-0.020560
1.179981
0.066396
-0.000841
-0.016554
0.147440
0.347846
0.177623
0.254038
0.089122
-0.011743
-0.134479
0.059112
2.248062
-0.018121
0.043200
2.917630
0.059347
0.052547
0.063497
1.381982
-0.003834
1.300930
0.306509
0.059733
-0.010006
-0.067319
0.179059
0.013132
0.056807
0.143734
1.607618
0.261431
0.337152
0.039389
1.089116
2.815289
0.027772
-0.294116
0.085529
0.044306
2.636284
0.258951
1.437600
0.257277
-0.073439
2.378098
0.101410
0.197457
1.697108
0.047502
1.356410
0.279151
2.294624
0.071464
0.187874
0.847444
0.137454
0.080978
-0.005497
0.163888
0.036379
0.040071
1.854309
0.094370
0.062811
0.071842
-0.007659
2.007747
0.045530
0.035841
1.062846
0.229980
1.874338
0.094646
0.163951
0.013718
0.132096
0.166835
0.100018
1.561276
1.655190
0.268379
1.854788
0.029859
1.393689
0.097270
1.651611
1.275514
1.301474
0.091377
0.468423
-0.094466
-0.011626
0.032845
0.006294
2.440361
0.016477
0.900466
2.244089
-0.244745
0.121532
1.497617
0.813655
0.131492
2.766560
0.137558
-0.253074
-0.179435
0.176199
1.259814
0.060073
0.127769
1.299253
0.003190
0.996808
-0.021027
1.395433
0.033938
0.947951
-0.005409
1.212750
0.027121
0.045738
0.240319
1.033959
0.131623
0.198146
0.123686
1.224782
2.581631
0.875436
0.037802
-0.008877
0.960988
0.095276
0.163054
1.417528
1.501482
-0.082875
1.468660
0.070723
1.604792
0.022311
2.148247
0.164131
0.022596
0.206505
0.053514
1.122632
0.180327
1.939106
0.147373
0.103303
0.090945
-0.022286
-0.050921
1.722147
2.403869
0.359650
1.808126
0.259596
1.300747
0.158228
0.072504
-0.105532
0.324492
-0.104287
1.545243
0.401555
3.061861
0.402603
1.284456
0.097890
1.175510
1.198976
0.066151
2.166996
1.932848
0.080819
0.022514
2.403552
0.077784
1.769783
-0.020526
1.802172
-0.125217
0.004868
1.705787
0.182113
3.018270
2.106147
2.291576
0.882917
0.236339
0.164724
0.952881
0.001877
-0.162673
-0.002255
1.665973
0.043361
1.287636
-0.005073
0.180284
0.778836
0.242864
1.571579
0.071721
1.305960
1.283853
-0.151740
0.080552
0.300367
0.051737
2.056438
2.847354
1.654690
1.586531
-0.008698
2.525958
-0.221592
1.505645
0.005031
2.793686
1.564263
0.079557
0.136393
2.833796
1.025704
1.202314
1.244775
-0.152387
1.333289
1.160618
0.029943
0.004071
0.018981
0.014623
0.067438
2.645270
1.221827
1.594494
0.702639
0.836561
0.089991
2.037640
0.152860
1.894832
1.221750
1.885764
-0.231112
0.006137
1.792381
0.372783
0.034709
0.424103
1.765458
0.107212
0.052317
2.654412
0.127490
0.145709
1.924329
2.555808
0.042443
1.872369
1.062069
1.560256
0.184352
0.095294
0.090007
0.116984
0.185342
0.151102
0.012652
1.779541
2.334775
1.694961
0.042886
-0.053539
0.808842
1.616668
-0.009520
0.839836
1.220869
0.026667
0.044848
0.043248
2.583841
1.051776
0.225205
0.212035
-0.038480
0.062532
1.705393
0.838885
0.629170
0.163949
1.303644
1.503215
0.037135
-0.029757
0.036595
2.206260
0.168937
-0.102157
0.038129
0.338882
0.069221
0.280981
1.011639
0.014838
0.825733
0.049736
0.061927
1.016241
0.376541
0.185469
0.561995
0.108031
1.106315
0.044406
0.008337
-0.017831
0.389102
1.562724
0.151840
1.455729
2.661309
0.510394
0.501629
0.310716
1.939099
1.533211
0.688506
0.204147
2.421893
-0.286779
2.356526
1.731055
0.066377
1.553468
0.062955
0.220495
0.083698
0.006655
0.189985
-0.022254
2.284409
0.082551
0.164353
0.047771
-0.334343
0.111966
-0.033205
0.682567
2.567179
1.447574
1.062356
0.012765
1.426347
0.033802
1.188809
0.021318
0.822649
1.591343
0.124666
0.017762
-0.034264
0.077620
0.227440
0.863163
1.105975
0.232353
-0.120073
1.161571
0.358529
0.538992
2.819903
0.297500
1.017227
0.067444
1.958914
0.278430
2.491491
-0.046814
0.019187
1.869063
0.968776
0.123363
0.097789
0.051091
0.210030
1.817259
1.848814
0.046661
1.900481
0.116390
0.147993
2.424334
0.307035
0.082507
0.956069
0.027885
-0.004461
1.506126
0.257932
1.104610
0.130822
0.021643
1.482843
-0.491010
-0.059775
0.110258
0.158054
1.749418
1.814765
1.028813
0.238676
0.013599
0.646674
0.020316
0.048256
1.359008
1.354157
1.069396
1.748890
0.029629
1.180743
0.325451
0.094881
0.030272
0.039259
2.485278
0.130989
2.041890
0.069971
1.302857
0.017944
-0.025967
0.047099
1.476496
2.766707
-0.024823
0.212713
0.302351
-0.081058
0.079635
0.082962
2.943341
1.756945
1.118864
0.079891
0.032923
0.023205
0.756221
0.072992
0.038152
1.878435
0.228545
0.240789
2.516974
1.746557
0.077821
0.431192
0.203911
0.119228
0.029735
0.725519
0.355271
0.130694
0.197864
1.013173
2.324782
0.056180
0.022947
0.200435
2.685017
0.043988
1.751667
1.503770
-0.176114
2.234678
2.284127
1.647144
0.195490
-0.071440
1.775237
0.882936
2.769018
2.012659
-0.402467
1.038463
0.355162
2.436631
0.026996
0.255992
0.053196
0.130282
0.075216
0.283034
0.084614
2.024092
0.153756
0.092337
2.191381
1.998315
0.096276
1.426483
2.199786
0.195083
0.035887
0.141556
0.018233
-0.000582
1.017718
0.093690
0.071154
0.026599
2.444577
0.056723
0.290427
0.027900
1.952153
0.040620
-0.448140
0.206118
0.190986
0.141270
3.074213
0.085585
0.043409
0.017199
-0.106553
0.042498
0.009672
0.025159
0.021710
1.995031
0.039339
0.168625
0.038192
0.039411
0.098716
0.107253
0.098453
0.011798
0.299565
0.495263
-0.051473
-0.492956
-0.128531
1.613689
0.349082
0.118493
0.355641
0.268219
0.223095
1.698482
1.850143
2.051746
1.092322
-0.003620
0.131239
0.424420
0.065483
1.805388
0.491086
0.011588
0.097016
0.011589
1.534148
1.556141
1.667638
0.060411
2.714947
0.065412
1.927133
0.075189
0.091808
0.152733
1.933418
0.603405
1.987833
-0.036711
0.109438
1.841325
2.051797
0.161270
1.280956
-0.443117
2.160147
0.055691
1.891053
0.378403
1.732113
0.030037
1.487345
0.103954
0.427992
0.001494
1.012162
0.094298
-0.041837
0.039045
1.675734
2.579949
-0.067712
0.045726
0.126047
1.427346
1.495671
0.207331
2.714806
0.204971
1.626189
0.382439
0.110127
2.203427
1.636067
0.230033
2.159310
0.009981
1.749029
0.044110
1.465638
0.032228
-0.111018
1.291173
0.236900
2.948717
-0.358475
0.224390
0.023985
0.032421
0.084553
-0.417351
1.513832
0.291194
-0.172871
0.116194
-0.145943
-0.026586
0.122448
1.268467
0.287658
1.939911
0.865133
2.467106
0.188477
-0.003054
0.036076
0.172933
0.085556
2.318529
0.017287
0.011414
0.022644
0.130885
-0.017873
1.324053
0.076822
0.093584
0.020733
1.059173
2.730219
0.313268
0.175551
0.114643
0.086438
0.128564
0.112827
0.612839
0.277283
0.167303
0.913123
1.326980
0.274385
2.431279
1.208216
0.868059
1.999312
1.884298
1.856685
0.062978
1.840958
1.282433
0.020691
2.248353
2.693068
-0.022055
0.766587
2.465018
0.093837
0.008325
1.759412
-0.035138
0.786725
1.417110
0.155150
2.191190
1.867036
0.020678
2.362489
0.031756
0.017013
2.198884
0.542230
0.052842
2.000365
0.097935
0.150471
0.214713
0.370527
2.710377
0.073701
-0.045763
0.173457
2.754145
0.050004
0.032125
0.423709
1.093097
0.827423
1.491625
0.052224
1.925946
0.103636
2.073148
-0.147859
-0.040741
2.003282
0.117600
0.005594
1.434473
0.125660
0.071836
-0.207300
0.045947
0.021146
1.211796
2.768074
1.508652
2.189416
-0.128611
0.097545
3.007010
0.051942
1.371294
0.045407
0.077419
0.076124
-0.163880
0.212736
1.808090
-0.075432
1.919672
1.400000
1.088968
0.203792
0.041830
0.693387
0.087133
-0.312349
-0.276098
0.016867
1.891072
0.017040
0.268155
2.005556
0.115054
0.081687
0.058560
0.523822
0.254377
0.163315
0.089280
0.204812
0.906717
0.047489
0.314934
0.175972
1.305065
1.671630
2.304930
0.295798
2.322768
1.906534
1.725955
1.899618
0.033987
2.256140
0.505850
0.762924
0.008659
0.161369
0.034166
0.167959
2.859909
0.187351
0.573467
1.497225
1.518703
0.021839
1.793330
-0.017117
0.041574
0.204169
0.242629
0.155824
-0.052614
-0.208434
0.121561
1.136479
0.072698
1.378023
-0.034336
-0.224705
0.060226
0.030580
1.091677
0.051124
0.196327
0.079740
0.165454
2.057897
1.221364
0.049503
1.358640
0.251429
0.009848
2.359709
2.818643
0.053495
2.396172
0.049607
0.068718
0.302694
0.066211
0.710758
-0.166203
-0.184736
0.121545
1.606322
1.245393
1.984372
0.173046
-0.141926
2.555490
0.012987
-0.026266
2.065564
0.194000
0.196563
1.303406
0.018096
1.605604
0.090072
0.065207
0.128379
0.052832
1.445565
1.822959
0.526326
-0.044258
0.046636
0.028411
0.012317
1.726718
0.067649
0.176435
1.520222
1.365423
1.829487
2.493223
2.221058
0.011544
0.042821
1.926820
1.733423
0.095180
2.900532
2.668303
0.329620
0.136452
0.102077
0.060335
0.311722
0.325776
0.307783
0.036119
0.045498
1.446688
2.368983
0.023131
1.608974
1.879415
0.128019
0.074979
2.144280
0.117569
0.033967
1.392608
0.235233
-0.009296
1.776874
0.069657
0.689710
1.901954
2.578716
0.100049
0.042511
1.408864
1.159851
0.064287
0.129708
0.087066
0.053728
0.027030
2.818739
-0.053166
-0.178371
0.056825
0.055174
2.069751
2.231103
0.204097
2.120413
0.107061
2.312399
1.180131
1.843609
-0.041834
1.040367
1.378734
1.734483
0.023552
0.042572
-0.059935
3.037910
0.363784
0.330874
1.759233
0.330102
2.317837
0.209671
0.010020
2.364512
0.031698
0.027418
2.232373
0.305215
-0.245841
0.059052
2.557057
1.327807
0.885316
-0.306338
2.290074
0.025437
1.422477
0.178877
0.075388
0.165155
-0.297475
-0.194079
0.219902
-0.166794
2.573851
0.175395
-0.003174
0.324576
1.741032
1.895653
0.117308
0.724998
0.029182
1.846857
0.156705
0.074204
0.012801
1.597209
0.395741
0.482627
0.013019
0.032494
0.268888
2.066466
1.146428
0.052474
0.069846
1.944587
-0.051726
1.184392
0.046781
1.697429
0.204702
1.350136
0.786950
2.184746
1.330750
-0.233727
1.913806
-0.317690
1.735554
1.940142
0.084343
-0.045715
0.188286
1.319543
1.655688
-0.021812
0.051961
-0.111180
1.520108
1.709870
0.046990
1.072280
-0.366389
0.272760
2.478551
0.407841
0.083181
0.453642
1.852979
2.360904
0.192479
0.040078
-0.080567
0.320839
0.009586
1.119998
0.028657
-0.078630
-0.144590
0.413483
0.219914
0.747338
1.289618
1.339248
0.078518
2.615742
0.024458
0.047417
0.089768
0.938381
0.031999
1.466171
0.062243
1.539325
0.154344
0.168077
1.725111
-0.011974
-0.016574
0.014341
0.835712
0.025277
1.995770
1.616420
2.314873
2.449344
2.048999
0.023479
1.623800
2.444823
1.382571
1.088034
1.774577
2.670223
0.789291
1.502313
0.059888
-0.044255
0.142884
1.348450
0.037166
0.069902
0.328146
0.793797
0.252138
2.303415
0.057740
0.015500
1.439752
0.148265
0.090267
0.194171
2.010816
0.852167
-0.075956
0.067035
-0.155419
-0.195355
0.057753
2.284138
0.171125
0.087031
2.036967
0.092337
0.542034
0.195903
0.048329
0.299922
-0.106817
0.498481
0.174483
0.126089
0.233681
1.289434
1.538569
0.081345
0.005339
1.569640
0.121837
2.164993
0.044554
0.079195
0.070304
0.516077
0.170940
-0.189939
0.207215
2.379381
0.044787
0.119382
0.020850
0.065178
0.128082
0.047574
0.087697
0.133561
0.013065
0.140062
1.231381
1.689250
1.448594
-0.019887
0.079514
1.100429
0.905417
-0.037473
0.063698
0.010887
1.983292
0.303976
2.252589
0.190398
0.135820
0.311459
2.157791
-0.010250
1.278405
0.162074
0.020826
0.095867
-0.077918
0.084876
0.103047
0.021921
0.094914
1.989816
2.058810
0.133269
0.134538
-0.428782
2.334883
0.026692
1.378735
0.931525
0.039134
2.924342
0.013630
0.137573
1.808126
1.164561
0.055882
1.037778
0.095769
1.984130
0.002938
0.821928
0.032377
-0.008982
0.043655
0.109815
0.071179
-0.047690
1.084804
0.053163
1.569288
0.103011
0.035984
0.039979
0.074312
0.018635
1.433948
1.530421
-0.104170
-0.030967
0.082436
0.956151
0.072009
0.057560
1.307231
1.630031
0.022555
0.918348
0.085640
1.259256
0.142511
1.281687
0.045465
1.626889
0.048170
0.042713
0.724124
0.024166
2.316094
1.534887
0.065492
1.156553
0.086997
1.527155
0.161391
1.816865
0.043900
1.882286
0.104473
1.419909
0.107795
0.030714
2.213984
0.103692
2.449647
0.064712
1.031513
-0.042627
0.058308
0.896529
0.101161
0.071243
-0.126947
0.118283
0.023679
0.058792
2.019250
-0.007387
1.326868
1.397598
0.064337
1.724726
1.764053
2.834950
0.022232
0.021150
-0.263912
2.937892
1.342373
2.106630
0.101304
1.213254
2.231293
2.712857
-0.012100
0.238623
2.293980
0.109859
1.340055
0.130035
2.465389
-0.278732
1.058993
1.919000
-0.131947
0.879239
0.126349
0.734252
2.297810
-0.002959
0.032463
0.345306
0.003840
2.157473
1.763724
0.038318
0.099612
0.862658
0.107114
0.043629
0.128979
0.146782
-0.009743
0.011308
0.196522
0.113462
2.375056
0.106734
0.084759
1.419701
1.901417
1.150490
2.943527
2.248760
1.031985
0.235754
0.111033
0.759857
-0.003782
0.007184
-0.122587
0.021892
-0.136489
0.169686
-0.531549
0.116572
0.186192
1.173754
-0.216871
-0.020270
2.144455
0.634298
0.978507
-0.000776
1.741267
0.173160
0.015816
1.382454
0.082310
1.372659
1.417373
0.060490
0.131676
0.118521
2.017849
0.750264
0.052511
-0.027657
1.443286
0.017860
1.150401
-0.827071
1.809231
0.079887
0.019562
0.026717
-0.005612
0.144435
1.872537
2.121651
1.724678
1.336003
0.088082
1.390775
0.048822
0.683908
1.406478
0.184082
0.066879
1.916047
-0.097564
-0.000933
1.305166
0.397503
1.488165
1.183413
1.682096
-0.046680
2.973364
2.165828
0.203669
-0.042955
-0.111657
-0.287455
0.820063
0.085379
2.739577
0.176242
1.576325
1.419561
-0.120206
0.086294
1.145419
-0.216558
-0.013075
2.525154
0.041574
0.357764
1.128145
2.806686
0.012386
-0.006755
0.935718
0.078280
2.101364
1.257905
0.079292
-0.178566
0.293720
0.224193
1.474039
0.907511
0.043558
1.201804
-0.051617
0.099356
1.776530
0.010616
0.665639
1.213078
0.115553
0.880058
2.428897
1.654641
0.793034
0.110872
0.021106
1.774786
0.326706
0.150249
0.531880
0.265195
0.527292
0.048736
0.555232
1.501896
-0.066593
0.042144
2.344216
0.509764
0.107709
0.045217
2.059914
1.547326
0.077908
1.314493
0.057214
1.318335
2.640341
-0.008735
1.862839
1.264057
1.666369
-0.175803
0.372825
0.088721
0.517401
1.769182
1.667971
0.031384
0.071144
0.208245
0.026448
0.066462
0.086224
0.936751
1.441998
1.738720
0.020646
1.667130
0.046779
0.166734
0.263856
2.109830
1.831819
1.012425
0.066163
-0.253767
0.674065
0.089783
0.317487
0.176950
0.270855
0.525755
0.104425
0.096322
0.116972
2.032649
0.072566
0.994043
2.569175
-0.042464
0.055320
1.970779
-0.257579
0.330490
2.299326
1.551484
0.002522
0.033008
2.544063
3.046467
0.092068
0.093519
0.314098
-0.262577
1.333257
1.152660
-0.056222
0.172766
-0.015032
0.020003
0.096552
1.427217
0.168694
0.028397
0.163456
0.103097
0.906784
0.081660
1.873253
0.205335
0.101843
2.409621
0.118788
1.313016
0.105426
0.036009
0.715941
1.312655
2.842762
0.077694
1.320074
-0.063530
0.051517
0.056642
0.303255
0.017555
0.173584
0.095003
-0.411486
0.037190
0.187426
0.049239
0.513841
1.029314
1.210846
-0.000385
0.092006
0.351032
1.665537
0.195100
-0.034222
0.004631
1.845762
0.205965
0.188641
-0.078642
2.726710
0.261226
2.350708
1.387545
2.229146
1.842750
0.382030
0.863314
-0.042362
1.616775
1.576267
-0.018626
0.085502
0.080652
-0.369982
0.025134
0.224858
-0.100265
2.217577
-0.169558
2.167572
2.731430
0.254331
0.086000
0.044886
0.404662
-0.109189
2.540402
0.077007
1.323830
0.776167
0.377032
0.318746
0.168576
-0.305799
1.531286
0.125650
0.908897
1.243089
1.315620
0.055405
1.940274
-0.123768
1.933960
0.108045
2.634320
-0.153264
-0.003564
0.753233
0.095344
0.003763
0.024377
0.090352
0.073500
2.778265
1.505342
-0.010629
0.035124
0.078333
0.024693
0.067161
0.031757
1.711384
1.173223
2.067461
1.571284
0.075183
1.760955
0.035193
1.259516
0.046879
0.054576
0.274348
0.407529
0.041802
0.005539
0.170074
2.316707
1.199282
1.795867
0.019281
-0.134935
0.063626
0.110307
0.170272
2.269671
2.108441
0.275468
1.291799
2.840282
0.614753
0.471844
1.385153
2.220603
0.034308
2.639205
0.217260
2.685653
0.041851
0.056247
0.014937
1.754206
0.023504
2.372015
-0.066290
1.548838
0.283536
1.703198
-0.031143
0.033186
1.547315
0.065216
0.020884
0.017267
1.108194
0.615976
1.252725
0.090491
0.076946
2.282209
0.001120
0.054140
0.275239
2.325820
-0.011979
1.272390
0.175547
0.084312
0.887765
1.355869
0.223661
1.627471
0.125541
1.033013
1.610166
0.333773
1.879973
1.422106
0.097545
-0.158151
-0.013925
-0.244380
0.094729
1.036884
0.007518
2.668177
0.012334
1.861043
1.712004
0.042114
0.201126
1.577472
2.076930
0.495282
0.201544
0.040533
0.064714
1.980621
1.978080
0.105844
0.158370
0.057731
0.080003
1.182444
0.214479
1.457544
0.023943
0.240021
0.167053
0.212739
1.968013
0.075671
0.054622
0.048637
1.673016
0.156742
0.050860
1.682081
0.067043
0.223575
0.176306
0.092943
2.096896
0.124885
-0.129589
1.472295
2.719933
0.017379
0.047365
0.189632
0.208788
1.762802
0.006340
0.238377
1.086548
0.033866
2.816894
0.876277
2.002918
0.003207
0.118016
0.037924
1.441950
1.155071
-0.010370
1.798803
0.666039
1.083076
0.111168
0.028000
1.578006
0.111387
1.125330
0.071257
1.141204
-0.097842
0.301293
0.114779
-0.051639
0.104679
1.257751
1.782347
1.239846
0.212589
0.004916
0.098505
0.007836
0.036183
1.584092
0.124083
0.008778
0.036933
-0.021714
2.596598
0.085319
1.062580
0.363709
-0.016740
0.086408
2.250337
1.368323
2.738586
0.247598
-0.184108
1.230261
0.861187
0.082850
0.152010
0.222612
0.056772
1.506924
0.079313
1.207232
-0.004905
0.067024
1.815766
0.028890
1.581817
0.078808
-0.997278
1.653193
1.889273
0.299313
0.089128
0.029066
0.038411
0.030678
-0.023640
0.015053
2.619653
2.207828
0.420937
1.460870
1.474538
0.168357
0.016464
0.070464
2.330203
-0.041528
0.826309
1.241855
1.681712
-0.273011
2.068115
1.245515
1.485612
1.228055
2.298017
2.789587
0.086252
0.029663
0.056310
0.162064
0.063599
1.666331
0.541074
1.546023
-0.152121
1.686937
-0.286765
2.498414
2.158754
1.517373
0.017631
0.018764
0.028686
0.079286
1.844876
1.909890
-0.018838
0.281921
0.536164
2.664356
1.693505
0.557894
0.038657
1.714304
2.682327
-0.243472
2.660863
0.017861
1.963860
2.782044
1.912736
0.102569
1.322098
0.543739
1.910160
1.268071
0.327659
2.119468
2.405748
1.410768
0.121956
0.022028
-0.016362
0.007177
-0.023787
-0.119100
0.098251
0.470425
1.122738
0.111303
1.654721
1.956176
0.331751
1.825840
0.068788
0.031221
2.383982
2.115904
0.167183
-0.209154
0.058696
0.138175
0.035563
0.049023
0.020759
1.299879
0.688238
0.820103
0.051198
0.102306
1.714580
1.319094
0.041646
0.410574
-0.007238
2.708171
0.049537
0.060432
0.037385
-0.065030
-0.032876
0.113449
-0.155916
1.859392
1.760230
0.003373
-0.003040
0.034268
0.062732
0.519258
0.081080
1.131956
-0.576491
0.202676
2.507847
-0.062779
0.005091
0.207738
0.136852
-0.051458
2.265271
1.411870
0.154465
2.111533
0.291940
1.203077
1.742696
0.018481
0.214675
1.591581
1.948982
0.727112
3.091218
2.909356
0.104109
0.714052
0.635347
1.305909
1.071184
0.318595
0.067015
0.165968
0.045332
2.796239
0.308544
0.063159
0.063827
0.126725
1.490483
0.128484
-0.006759
1.068388
0.156146
0.256582
0.280897
1.172225
0.208006
-0.160722
0.797916
1.128963
1.460554
0.246812
0.392128
1.424466
-0.032438
0.079729
0.311141
1.136714
0.371822
0.145549
0.253868
0.097400
2.112300
0.148912
1.837679
2.320590
0.240141
0.304840
2.317467
-0.187973
0.066091
-0.188607
0.011100
0.210414
0.034871
0.008960
0.058538
0.105114
1.201643
-0.000987
-0.018712
1.191865
2.436343
1.056813
2.012764
1.512055
0.194900
0.151883
-0.551307
1.321443
-0.372713
0.048966
2.141208
0.097500
0.011871
0.141531
1.971661
0.374823
0.081269
0.119367
0.055740
0.506333
0.199953
2.212634
0.257938
0.063484
2.092506
1.585045
1.432639
1.593334
0.053542
1.400919
1.139978
0.135453
0.048805
0.139332
0.036228
1.902565
1.060730
0.094314
1.260901
-0.012362
0.051966
0.135347
0.017319
0.086689
0.077333
0.773061
1.197894
1.838546
0.075278
2.552424
0.023718
0.041010
1.350730
1.448720
0.031690
0.081670
1.997232
0.073316
0.190397
1.755815
1.111366
1.618101
0.459494
-0.022017
0.007959
2.340807
-0.107735
1.138953
0.064960
2.567391
1.639691
1.219380
0.038327
0.119574
0.138869
0.333468
2.138221
2.141711
0.297393
0.038345
1.292226
0.084044
1.799300
1.674484
2.008528
-0.001560
1.142809
1.080969
0.047261
0.108575
-0.191149
0.114802
0.059725
0.274516
0.137602
0.054156
-0.022542
0.073209
2.555579
1.174081
0.075079
0.011284
0.079150
0.326821
1.977439
0.287944
0.056728
1.928131
0.758342
-0.006286
0.115825
0.258700
0.699332
1.316957
0.914463
2.250138
0.062261
-0.026816
0.101592
0.102546
0.008565
1.123521
-0.010116
0.088912
0.081550
0.063262
-0.016866
0.196853
0.054998
0.227338
0.268692
0.236642
0.087393
0.625975
0.016288
2.056653
0.248868
-0.200447
1.404191
0.100692
2.455300
0.058339
0.150512
0.151736
-0.011395
0.162580
0.026978
0.930173
0.228292
0.017742
1.484275
0.103928
0.083386
-0.102360
1.962047
1.677980
0.048882
0.000941
2.454382
0.000053
0.855108
1.544830
0.025536
1.837067
0.002593
0.105706
0.131505
1.768027
0.081966
0.324585
-0.007475
0.284201
2.380556
0.164368
0.351949
1.088176
0.107374
2.230323
1.690199
0.123554
0.154681
-0.109331
1.199361
0.035655
-0.158815
1.918245
1.157695
0.016821
0.708180
2.044647
0.056934
0.136916
0.260295
2.272801
-0.119109
1.008554
0.103713
2.959715
0.088656
1.667699
1.617917
-0.056833
1.021204
-0.491394
0.024238
0.108750
0.014524
2.523070
0.101804
0.046522
-0.041002
0.252055
2.040377
1.854321
2.537274
0.156436
0.038995
0.793052
-0.122699
0.229235
-0.097946
-0.045024
0.074373
0.039552
1.136021
0.044607
1.318335
-0.345500
1.341135
-0.405158
-0.106946
1.136102
1.019048
0.062895
0.322879
-0.068865
0.210862
1.200540
0.011289
0.073836
0.053555
0.937298
0.445154
0.034723
0.018906
0.037262
0.431708
0.227786
2.766667
0.025413
0.286112
1.141438
1.430999
2.518865
0.082224
0.052165
0.460700
0.996963
1.385062
1.801261
0.052797
0.059424
1.332210
0.027434
2.825855
0.244307
0.080083
0.560237
1.137840
0.118520
0.137078
0.108676
0.008477
1.106029
0.022473
0.026810
1.311819
0.232627
0.001930
0.044525
2.009210
0.093606
1.086173
-0.047951
0.077663
0.064018
-0.041177
0.011188
-0.089179
0.052628
-0.200097
-0.081999
0.093386
-0.084259
-0.001659
1.722368
1.471547
0.042404
2.493147
0.860180
-0.055235
2.286455
1.096104
0.075172
1.951211
0.029078
-0.202139
1.273527
0.123347
0.012310
0.143054
1.291958
0.035166
0.245835
-0.125732
0.012664
0.074180
1.512056
0.022932
0.114084
0.011432
1.675994
0.977453
-0.001262
0.134638
1.961370
0.021077
0.047995
-0.120665
0.161348
0.033213
0.046886
1.457175
0.075676
0.364859
1.593492
0.326636
0.292756
1.559537
0.055381
1.284110
-0.155915
-0.007655
1.346454
1.457328
1.525768
-0.060168
0.049334
0.978214
1.747499
0.200743
0.316126
0.139324
0.329405
0.860611
0.293527
2.890311
1.137807
0.202559
0.242322
0.073886
0.913712
0.070792
2.280129
1.103913
0.137121
0.025664
0.494530
2.375965
2.831754
0.060635
-0.132059
1.288962
0.048053
1.857331
0.822689
0.003864
-0.056670
0.624757
-0.131209
1.710003
0.114675
0.154100
1.089326
-0.279451
0.205222
0.186224
1.613437
0.786529
0.388031
-0.066012
0.004549
-0.080645
2.009106
1.309107
0.297130
0.013946
1.972492
0.377516
1.310581
0.121793
0.075985
0.925742
0.016932
2.147169
0.166074
0.035622
0.178285
0.085518
0.414081
0.016064
1.494059
1.347646
0.808691
2.773265
0.077258
0.224146
2.628335
0.006942
0.050803
1.711321
0.064286
0.023234
2.056712
-0.112521
1.833329
0.275708
0.112887
0.036808
2.407500
-0.161487
0.164582
1.982784
0.009227
0.136154
-0.042383
0.062467
1.085993
1.150567
0.096553
0.566483
2.584017
2.703825
0.027270
0.048572
0.330949
1.446440
-0.003995
2.367935
0.445115
-0.574385
1.026755
-0.007974
0.139991
0.021813
1.007398
0.535265
0.104330
0.189197
1.742203
0.135798
1.695017
0.414845
1.131414
1.761027
0.027913
2.036589
1.457887
2.207335
0.041175
0.087502
2.149079
2.280060
0.031625
0.977053
2.392669
0.342041
0.039257
1.432936
3.033700
0.071769
-0.080984
1.480466
1.036042
0.020813
3.067347
1.423500
2.363324
1.296507
1.564547
0.382426
-0.036164
1.069888
0.343682
1.358234
2.651431
0.030377
0.097424
0.092015
0.063922
0.478552
0.246244
1.281208
-0.152298
1.051139
2.101112
0.010845
0.102185
0.479904
2.794005
1.779549
1.533368
0.224542
-0.014273
0.658219
0.102447
0.460479
0.140596
-0.070886
0.058335
1.317425
1.332064
0.180655
0.072332
0.313799
1.333870
1.749350
0.164699
0.069678
1.436122
0.053059
0.109963
1.678657
0.002518
1.364811
0.186575
0.154155
1.253543
1.293826
0.018702
0.593593
0.118201
0.137553
1.561683
1.098950
1.049349
0.306786
0.161467
0.020927
1.700210
0.824902
0.039774
0.060625
2.437217
0.878675
0.170579
0.843704
0.068739
0.509889
1.086623
0.194736
0.455665
2.901725
1.488714
0.021245
0.469820
1.145877
0.054170
-0.147731
1.082529
0.303443
0.135649
0.105929
-0.097351
0.046277
0.087888
0.067656
0.168512
1.480645
0.050730
1.714968
0.102893
1.098340
1.100299
0.278376
0.174368
0.101094
0.026280
3.000537
-0.043478
-0.029827
2.790510
1.191654
0.424662
0.090062
1.219127
-0.023158
0.000367
-0.264538
1.807026
0.440268
2.904204
0.244679
0.016336
2.075411
1.801305
1.337709
0.122441
0.321342
1.630158
0.940639
1.728916
0.030944
0.039570
1.047661
1.232504
0.099547
0.059259
1.280635
0.080875
0.031645
2.333301
0.127777
0.091794
0.148904
1.345400
1.854891
1.465384
0.037198
1.598744
1.341883
0.226385
-0.120738
-0.009481
0.079712
0.167283
-0.001404
-0.079072
0.058025
0.426918
0.099915
-0.055612
1.369457
0.063890
0.222145
2.410090
0.038450
0.999694
1.684500
0.307597
0.989348
1.471808
0.096826
1.692942
0.029915
1.722999
0.164184
0.039984
0.085779
0.067222
0.038804
2.363615
0.068121
0.015402
0.016603
-0.034218
1.873775
0.040399
0.001255
1.680079
-0.004723
1.329793
0.740451
0.083707
1.286537
1.380180
0.051793
0.702676
0.043656
0.011292
1.844294
0.092140
1.135758
0.010190
1.428692
0.083225
0.005199
1.384822
0.952982
1.015546
2.533209
1.449420
0.023378
0.332507
-0.027879
0.046660
2.747112
1.534707
-0.000524
0.046800
1.254477
0.225503
0.022171
1.014072
0.291836
0.792564
-0.008607
0.371614
0.226644
0.339615
0.102472
-0.251786
0.343428
-0.219080
0.128380
0.131172
0.132708
2.364224
2.158869
0.502042
0.052196
1.855022
1.512593
-0.216279
0.295183
0.072023
0.021241
0.177558
0.150480
1.244876
0.870170
0.003318
0.077306
-0.139565
1.695097
0.082071
1.831954
0.967958
-0.003574
1.752235
1.589501
1.337028
2.498584
0.040453
0.019895
0.010669
2.633972
0.104163
1.493969
0.634416
-0.122760
1.986817
0.240524
0.152521
2.157682
0.340725
0.101783
2.221398
0.103342
2.157539
1.120195
1.929967
0.155703
1.425528
0.004934
1.505241
0.211309
2.989014
0.041610
-0.019919
0.018370
1.622402
0.383720
1.542509
1.693630
1.603203
2.687222
-0.027491
0.156262
0.143057
-0.032226
0.029242
0.074147
2.765682
0.990620
0.088221
1.584300
1.397843
0.023514
0.046282
1.079204
0.026249
1.866884
0.094054
0.051996
1.425379
2.005980
1.709727
1.621067
0.000748
1.377853
0.903714
-0.009134
0.130772
0.061841
2.036531
0.854800
0.083840
0.014712
1.634322
2.500775
0.102680
0.809313
0.063178
0.230403
0.132038
0.115935
0.026244
-0.018216
0.242083
0.017160
1.531911
0.052650
0.013610
0.264411
1.504680
0.021454
3.360613
0.135337
0.235399
0.036158
0.009517
2.562463
0.114585
-0.135879
0.135787
1.081477
0.009176
0.871719
1.775630
1.807481
0.098630
0.263082
0.060156
0.241559
1.561423
2.173664
-0.107311
1.287490
0.003348
0.440772
1.693649
0.136343
0.286406
1.454268
0.090713
1.332239
0.092577
1.288121
0.040389
0.076625
1.312587
2.158282
0.041870
-0.302864
0.101058
0.093185
0.224545
0.982644
-0.235302
1.877855
2.362334
0.049871
-0.348436
0.059740
0.479571
0.011696
0.108127
0.094958
2.351274
0.536936
-0.028405
1.187962
1.979013
0.127140
0.202764
1.670196
0.591477
0.075255
-0.233547
2.134039
2.676213
0.005179
0.103353
2.179747
0.014585
0.075292
2.558722
1.229199
0.165849
0.047614
1.125468
-0.159247
1.901087
0.969572
-0.141365
2.399073
-0.006264
-0.069009
-0.028021
-0.002859
1.991560
0.543889
-0.026460
0.493559
1.635095
2.013133
1.682789
1.210023
0.359450
1.150094
1.945542
2.186948
0.003138
0.091557
0.004134
0.048187
1.798256
0.047014
2.115309
0.039301
1.422259
-0.001666
0.124178
0.609712
-0.022650
0.197796
0.631389
1.107835
1.826013
1.595674
1.364285
-0.077632
1.075587
1.262820
-0.325747
1.236808
0.089426
1.679114
0.055065
1.540332
1.302174
0.058571
1.418838
0.124537
1.876622
0.531543
1.541983
1.891541
0.080017
0.145186
0.245197
1.092182
-0.016055
1.243229
0.017671
-0.122147
2.436039
1.306382
-0.035590
0.896742
1.235468
2.335129
2.406619
0.091795
0.028868
1.933188
0.214313
1.648379
0.234637
0.207562
0.030382
0.165014
0.052383
-0.015130
1.412059
0.037738
2.144955
0.093085
0.126109
1.766063
1.033013
0.174984
-0.010278
-0.110592
0.045435
2.840502
0.050516
0.163238
0.076714
3.020922
0.088153
0.200962
0.057283
0.075981
2.171646
0.063429
1.597563
0.256892
1.736252
1.955526
0.020723
0.025766
2.463899
1.967635
1.053373
0.197169
0.034051
1.187499
0.101694
0.234915
0.105913
0.000063
-0.040407
0.181012
1.518910
0.042320
1.047187
0.059941
0.012050
0.070723
1.515369
1.790258
2.199130
0.142315
1.950507
1.681647
0.012409
0.081517
0.103204
0.138805
2.002276
-0.004873
0.137512
0.772535
1.133927
0.078448
-0.142028
1.038423
0.070463
0.016225
0.167119
0.143244
1.551389
0.331751
0.051995
0.089330
1.445503
1.743394
0.158856
0.739846
1.239090
1.317902
1.047122
0.030388
0.025253
0.107688
0.297273
0.271431
0.038673
0.084967
0.055798
0.649926
2.645368
-0.072657
2.190405
0.445278
-0.040675
1.425097
1.379956
2.640113
1.595680
1.466816
2.351031
0.038994
-0.317734
0.301093
1.154424
0.104339
0.235267
0.098861
0.741269
-0.020958
2.345240
0.000478
0.076212
0.009207
0.738023
1.808995
-0.032415
0.055348
-0.064886
1.425720
2.712910
0.631990
2.005726
0.196293
1.944568
2.347181
0.043985
0.053697
0.010388
1.415107
0.094403
0.181413
1.032158
1.756476
-0.016546
0.106171
1.525679
0.124316
1.347776
0.136244
0.058421
0.157795
0.055891
0.051930
0.117524
1.394291
0.969298
0.331808
0.109228
1.643103
1.741123
1.642928
1.835436
0.026502
1.067312
0.350207
0.060619
0.123929
2.722755
2.274241
0.770704
1.547031
-0.055406
1.270342
-0.035498
0.303686
2.535401
0.917264
1.335846
0.125047
1.244251
0.303541
1.172155
1.282417
1.762555
0.140044
0.539359
0.128294
0.106421
0.097510
1.156179
0.023005
0.164919
0.263887
0.261546
0.185857
0.056414
0.788524
0.995667
0.186352
-0.330359
1.764637
0.410045
0.006807
0.011862
0.100708
0.085556
0.127257
0.133463
-0.605253
-0.073056
1.546672
2.651916
-0.040889
0.089327
0.053158
0.081630
0.058039
0.527893
-0.014955
-0.008143
0.441324
0.104166
0.442750
0.025486
1.736395
0.230716
-0.319463
-0.064532
-0.256099
2.228646
-0.016748
-0.062963
2.101921
0.133011
0.041176
1.290037
0.030011
0.130066
2.335301
-0.010055
1.870475
0.159424
0.265463
2.294068
1.113934
0.449966
-0.184314
0.022078
0.038601
1.189144
1.472555
1.611681
0.352652
0.012260
1.532171
0.035785
1.062809
0.017323
0.058896
2.610748
3.053926
0.024272
0.217608
2.345711
-0.016212
0.068407
1.261032
-0.589561
1.578895
2.742374
0.138251
1.392381
0.183884
1.353522
0.974655
1.165008
1.153147
0.146551
0.363531
1.167013
0.032117
1.773131
0.060749
-0.231129
0.226182
-0.078178
0.063850
1.202063
0.230508
0.073420
-0.051515
0.004540
0.800808
2.816202
1.345703
0.194566
1.697341
0.624213
-0.003685
2.998803
0.008146
1.304094
0.050000
0.195449
0.206211
1.219132
2.033882
1.240769
0.040625
1.358300
1.915576
1.656946
0.530098
-0.019581
0.102014
1.814387
1.496697
-0.178453
1.538450
1.226222
0.015510
0.972579
0.098232
0.865822
1.839594
0.236059
-0.136719
0.275413
1.616231
-0.027935
1.244670
1.394043
1.726317
0.155300
0.142786
0.163584
0.134071
2.132381
0.057440
1.437749
1.980761
0.234934
0.083346
0.607021
1.485993
2.193463
1.077770
0.348109
-0.021701
1.082455
0.993657
0.064586
2.942583
0.018784
0.026188
2.274590
0.120670
-0.009731
0.112427
0.009761
0.548987
0.261865
2.179276
2.128550
0.834074
0.019092
0.069552
-0.134507
1.252419
-0.313787
1.422321
2.427697
0.096327
0.016314
-0.047724
0.038502
0.033006
1.459777
0.929354
2.180301
0.854429
1.100823
0.018986
1.084553
0.012613
0.657272
0.026304
2.091267
0.043495
-0.284916
0.978159
1.404631
0.498081
-0.393990
0.076161
0.914347
0.042318
0.000870
0.227274
0.441166
0.099321
1.932581
0.420767
2.505452
0.298039
0.061706
1.188580
0.974851
0.052287
0.074398
1.495958
2.616032
0.136354
1.297666
0.058818
1.468302
2.008265
0.453102
2.337429
1.825803
1.900134
1.764706
0.072530
2.069356
0.070505
1.966551
0.247948
1.117424
1.669164
-0.196145
0.038503
0.314478
0.021393
2.058328
1.246850
0.286712
2.058914
1.546104
0.078309
0.067188
-0.310872
0.008057
-0.106661
0.027901
0.006977
0.129165
0.153446
0.011607
0.130627
0.181808
2.327490
0.066152
0.037770
0.281162
-0.088272
-0.030764
0.913372
0.607459
0.086444
0.049902
-0.032312
0.117315
-0.024148
0.082958
0.090622
1.207326
0.376035
2.590219
1.558861
0.811879
-0.004533
-0.046351
1.468791
0.269738
0.039210
0.137521
0.019646
0.027672
0.040398
0.039879
0.220281
0.143481
1.556549
2.505336
0.079703
1.347144
1.030020
0.308644
0.072910
0.131436
0.252023
-0.122282
0.043251
0.128247
-0.039365
1.383584
0.064541
1.433400
0.031267
0.056274
1.792548
2.554157
0.011938
1.472148
0.169473
0.156122
0.248191
-0.024564
0.007652
0.011726
-0.103976
1.016818
2.185589
1.385794
2.050820
0.053409
0.354887
1.741099
2.098464
0.007915
-0.160711
1.884414
0.089037
2.249239
0.014614
2.105330
1.583879
1.713023
1.448836
-0.201574
0.975850
0.521615
0.079001
2.595341
0.024861
1.309899
0.060110
0.003850
1.705277
0.054700
0.698335
0.977533
0.305422
0.232388
0.543222
0.127444
0.081330
1.079466
2.385860
0.024018
0.056022
0.021842
0.214485
0.271846
0.054006
1.390394
0.911031
0.057508
0.066269
0.043418
1.097418
0.959870
0.099919
0.047134
0.128653
0.066028
1.885192
0.138453
1.230611
0.097719
-0.039398
0.331154
0.129362
1.770903
0.528250
0.873806
-0.051914
-0.021336
-0.160896
0.007464
0.036760
1.781872
0.074396
0.639311
-0.090238
0.234226
0.019756
-0.001590
2.646576
0.818710
0.667570
0.044700
1.294886
0.062480
1.460390
-0.258623
1.543032
0.039029
1.281899
0.493584
1.770610
-0.007940
1.373887
0.031874
1.292202
-0.004348
0.046014
0.004857
0.372598
1.330933
0.039949
0.029303
1.300794
0.440339
0.149836
2.513095
0.540415
2.583973
0.389059
0.059407
0.341212
0.023544
1.592236
0.051108
2.009832
0.846975
0.036741
0.177666
0.508363
0.042386
0.227698
1.120305
2.234669
0.081154
1.683868
0.024973
0.033493
-0.244104
0.007825
1.826594
0.144921
0.074876
0.519371
0.084568
0.110983
0.073273
-0.089343
0.263451
0.098525
0.597891
1.866201
0.051747
0.832298
2.169045
-0.153621
0.047812
0.222626
2.693289
-0.002320
0.101088
0.028305
2.570163
0.207797
-0.079550
0.058688
2.250360
2.552544
2.586228
-0.104118
0.524513
1.808450
-0.007200
-0.112840
-0.280621
0.020325
0.061026
0.054086
0.425138
1.519300
1.385468
0.208779
-0.123874
-0.002766
0.179623
1.332062
0.070568
0.047865
0.146285
0.074789
2.275992
0.828623
0.192821
2.509671
0.103762
-0.144497
0.092690
2.399747
2.157270
0.038716
1.277053
0.043205
0.039231
2.104547
0.334382
0.442609
0.037160
0.085987
0.219342
1.453895
2.239613
-0.135665
-0.018703
2.363802
-0.209094
1.869603
0.238807
0.866055
1.360205
0.035659
1.335127
1.805959
0.401799
1.127017
0.995660
-0.064792
-0.035019
-0.059491
2.817977
0.396130
2.201210
0.191158
-0.396734
2.333556
0.126316
0.050439
-0.007258
0.032106
2.237506
0.012540
0.033636
0.968228
1.406584
2.160841
0.416853
2.450825
0.230724
0.105270
1.536983
0.047585
0.072518
1.079245
2.061398
2.152251
2.091701
0.010379
0.088009
0.159069
0.069804
0.223242
1.673454
1.607310
0.063689
0.065661
0.094090
0.112480
2.475250
0.060331
-0.260299
2.532642
2.290979
1.085635
0.131573
1.461872
1.534637
-0.183377
0.042170
1.459289
0.024296
1.383231
0.009203
0.035634
0.187174
0.156388
0.232655
0.106042
1.063460
1.740135
0.091579
0.062517
0.075719
0.179220
0.073871
0.017776
0.109375
-0.007193
0.073756
1.021593
1.914681
0.007781
0.320086
0.944030
0.167046
0.161084
0.088362
-0.032869
0.090626
0.047042
1.693979
2.432972
0.088512
0.028910
0.494935
2.518848
1.851824
0.119065
1.179920
0.779607
0.104065
0.919911
-0.039795
0.099721
1.693123
-0.020783
0.176633
0.031104
0.237527
-0.025494
0.028947
0.176062
1.106748
1.727910
0.089211
0.010901
-0.145479
1.812376
2.188302
0.492172
1.656245
0.099378
0.097236
-0.003451
2.599198
0.003390
0.033922
0.060058
0.243356
0.437943
0.102761
0.015228
0.155407
0.164801
1.946260
0.553957
-0.012655
1.529965
1.090982
1.356824
0.106905
1.393287
0.414882
0.010621
0.212458
0.409947
0.034464
0.034112
2.656841
0.030934
0.069112
1.595688
1.911155
0.030168
0.048430
1.918417
0.035833
0.257983
0.016194
0.130963
0.763091
1.445856
0.247045
2.266632
1.064880
0.203552
0.109974
1.702140
2.514556
0.241662
1.700336
1.304984
0.139378
1.803080
0.008417
0.078635
0.608320
0.006503
0.059728
3.027942
0.080836
0.074986
0.508118
0.087513
-0.234775
0.044138
0.028619
1.030372
1.374440
1.402899
2.732460
1.800926
0.024910
1.423883
0.351143
1.606014
0.201575
1.425405
0.014633
1.172389
2.183171
1.292397
-0.035172
0.062334
-0.041214
1.228575
0.345577
0.022203
0.342642
0.268288
0.973500
0.061859
0.257441
1.418285
0.324136
0.041568
0.462821
1.099948
-0.014036
1.741602
0.314768
-0.406003
0.093146
1.098080
1.437423
0.052683
-0.037074
0.085673
0.240067
0.136056
1.646057
-0.005115
0.051816
0.093688
0.278467
0.216088
2.037810
0.399454
1.415084
1.041329
0.753843
2.461544
0.029359
1.999431
1.876956
0.076798
2.238982
0.016574
0.286882
0.057043
0.732492
0.146382
-0.112088
0.540770
0.006729
1.694610
0.023989
0.044362
0.011182
2.662456
2.142558
0.013260
1.353084
1.270582
0.237375
0.088570
1.579886
-0.006056
0.842625
2.055095
1.360760
1.251025
1.186112
2.080220
3.017013
0.001902
0.033577
0.778886
0.144012
0.657381
1.143701
1.786634
1.225313
1.633121
1.680001
1.033474
-0.143710
0.121938
-0.092206
2.118970
1.917802
-0.172644
0.060359
0.180912
0.149157
-0.137681
1.229963
0.276675
2.362376
-0.083265
0.179786
0.235411
1.686229
0.225910
1.587231
1.973966
1.877033
0.204836
-0.078470
0.942754
0.114442
1.236342
0.451058
1.804143
1.427424
0.056140
0.066204
0.229645
0.066031
-0.240739
1.597665
0.327884
0.280046
0.073716
1.439079
1.494804
-0.078913
0.118448
0.083283
2.233321
-0.066913
1.580681
2.361649
-0.239430
0.047981
1.549083
0.033295
2.197758
0.019031
0.156438
2.904767
0.091260
2.154971
-0.050951
1.785615
1.695733
0.068034
0.096385
1.495226
0.072452
0.284794
0.126658
0.035912
2.001669
0.052551
0.450605
0.111686
1.310737
0.079953
0.048350
0.133009
0.034674
1.903730
-0.264402
0.046305
1.955804
0.090282
0.095378
1.212604
1.031863
0.188815
-0.065587
2.470529
0.137977
2.680006
0.261970
0.066830
1.664874
2.758099
2.416600
0.072606
1.385559
0.082406
1.400452
0.066938
2.141797
0.837262
2.394691
-0.404424
0.686321
2.146305
1.505626
1.797946
0.042065
2.865921
1.026858
0.070898
1.448871
2.229350
0.016149
0.261234
0.780745
0.025268
0.489757
0.072037
0.202465
1.313783
0.039018
0.144685
0.023085
0.035214
0.025781
2.249890
0.832229
0.215495
2.149920
1.149573
0.051696
0.061175
0.303685
-0.058372
1.305684
1.126675
2.359004
0.082307
0.343774
0.210177
2.034703
0.078284
0.972723
0.472340
1.002009
2.403678
0.076353
-0.022641
1.309825
1.655203
0.300283
-0.239229
-0.036823
-0.032904
0.138342
0.951761
0.028680
0.059826
2.197060
2.202858
0.019535
1.732672
0.151657
1.275660
1.700953
2.504268
2.201918
1.341240
1.390422
-0.073737
2.338009
2.004408
2.228618
0.101672
0.265135
-0.086445
0.040573
0.256514
-0.178448
2.072471
0.007372
1.895591
0.903713
-0.061758
-0.021250
0.178396
0.036067
0.158576
1.454226
1.559632
0.136945
1.062983
0.018050
2.474249
0.157334
2.517867
1.971064
0.089380
1.991603
-0.014356
0.297062
-0.480057
0.476315
-0.025251
0.096235
-0.018904
0.394555
0.226606
2.780043
-0.180119
0.301097
0.436550
0.109232
1.439258
1.396633
-0.085134
1.551747
0.093155
1.813290
1.627672
1.036427
0.597545
0.840406
0.279693
0.142645
2.292240
0.021817
1.583124
0.139110
0.197344
0.331250
1.430498
0.034862
0.025416
1.018778
0.118196
1.574306
1.726678
1.134542
2.731184
0.029693
0.169178
0.052741
0.088378
0.122855
-0.295395
1.331903
1.323832
0.032023
1.758829
1.740521
1.750975
1.502223
0.089997
0.088631
0.343916
0.010047
0.016822
1.866575
1.004057
-0.010196
0.036751
1.040698
2.057704
0.110762
0.808214
-0.021167
0.266969
1.337140
-0.069268
0.238946
0.964465
0.021517
0.012426
1.940596
1.531285
2.078849
0.050882
-0.074579
0.025762
0.209469
1.221083
0.019431
1.079326
1.495902
0.810438
1.904147
0.267543
0.033227
0.687035
0.048940
0.062794
0.076299
0.069753
0.263460
0.022367
0.080970
1.398016
-0.009264
0.003316
1.322043
0.009268
-0.065525
-0.006561
0.208125
1.612921
0.158215
1.800928
1.832710
0.140434
2.176204
0.021093
1.951787
0.039767
0.037615
-0.060022
2.403301
0.111721
0.061979
-0.150087
0.043052
1.426472
1.747787
0.114932
-0.186568
1.095173
-0.029484
0.044388
0.182025
0.049839
3.006403
0.021738
0.879986
0.647529
2.310405
2.129027
0.127123
1.520457
2.350083
2.019450
0.052531
0.107533
0.035995
2.419463
2.990633
0.015470
1.411769
0.222310
0.046716
0.184401
1.422273
-0.012531
0.087701
0.070847
0.525598
1.475507
1.937645
0.141762
0.085781
0.853787
-0.075758
0.049807
0.177648
0.215542
2.247784
0.068249
0.112742
0.130817
-0.045731
2.492728
1.727019
0.190817
-0.050558
0.349357
0.296252
0.007587
1.648263
-0.029274
1.765189
0.219459
-0.068586
2.241859
0.018184
0.083766
-0.128245
1.026705
0.027319
0.971571
0.048741
-0.102810
0.210293
0.022377
0.918938
0.002780
1.455349
1.219960
-0.077754
1.667866
0.126274
0.128583
0.036607
0.109538
0.098984
0.016353
-0.020738
0.015406
0.619343
0.380035
1.586334
0.112061
0.018801
-0.106527
0.086644
0.113562
1.804428
1.474791
0.052495
2.887595
1.577697
-0.014117
2.925237
2.386410
1.145892
0.149833
1.593887
0.163341
0.025347
0.079635
0.009841
-0.033521
0.112581
0.422734
0.104682
0.180329
1.040536
2.259023
0.107799
0.047159
1.523644
0.291112
0.001416
0.019468
0.086729
-0.017335
0.846676
0.047765
0.029804
2.089893
0.101208
1.611400
1.171802
0.021524
0.555883
0.129446
0.047369
0.110299
0.095597
1.494527
1.033762
0.039652
2.914864
0.054162
-0.003523
1.494485
2.063769
2.618054
1.961038
1.503139
-0.080835
0.404401
2.717444
1.783114
0.054326
1.171487
-0.136867
0.069663
0.863986
0.062176
0.866642
1.042724
1.642098
1.507465
2.712121
0.453156
2.551400
1.926212
2.024553
1.119579
2.005332
0.070026
0.123420
0.399089
0.018717
0.004019
-0.025224
0.126287
1.271524
0.134505
1.478888
0.024250
0.066070
0.183220
0.028883
-0.068384
0.051458
0.182703
-0.704430
0.817556
0.021579
0.020052
-0.105831
1.219495
0.519038
0.893589
1.837971
1.207188
0.063238
0.978224
0.108470
0.056748
-0.042824
0.061240
2.308415
2.161561
2.133227
0.052896
1.346287
2.741046
2.678893
0.207656
0.050630
1.771816
1.004267
0.130861
-0.016364
2.193518
1.673335
1.073258
0.656547
1.460521
0.452592
2.149981
-0.016052
0.006215
1.190584
0.688598
1.774053
1.524923
1.164136
-0.659075
1.532920
0.293281
0.086331
-0.036201
0.162642
1.744286
0.021174
0.929742
1.440563
0.113528
0.012960
-0.046023
0.313658
0.208288
0.937672
1.482865
0.242021
1.730766
1.793570
2.523328
0.091511
0.073120
0.497545
0.079401
0.058894
0.577524
0.119358
0.048418
0.603788
2.117033
-0.262861
0.521439
0.038538
1.235594
1.721260
2.302802
0.164400
1.007441
0.050627
1.588080
-0.079727
0.179600
0.079476
0.003583
1.806605
0.589749
-0.000455
0.046371
0.349030
2.522106
0.056200
0.212842
2.691137
2.721264
0.276632
0.052981
0.091695
0.027115
1.118152
0.088606
0.034912
1.255331
1.314843
1.987648
0.006892
0.029860
0.045343
2.243630
0.138285
1.282270
0.052709
0.056225
2.169112
3.164935
2.501951
0.295364
1.660696
1.602342
0.065928
3.094623
2.726857
0.033683
-0.116997
1.081438
0.027620
0.152580
0.059963
0.023621
1.500077
1.318363
-0.069459
0.219200
0.026572
0.066115
1.629857
1.043770
-0.074499
-0.001553
1.433661
-0.107701
1.746594
0.034535
-0.168260
0.155820
2.863514
1.210546
1.359500
2.352762
-0.148038
1.670241
2.152617
0.220836
0.459287
0.872941
0.462070
1.437318
1.557651
0.211515
2.843476
0.023126
1.668471
1.790414
1.075032
1.142750
2.892609
2.597315
2.826006
0.887382
2.125863
2.076559
0.061547
1.947969
0.041620
0.001723
0.061945
0.598933
0.360181
2.783472
0.050344
1.623012
2.230487
-0.094563
1.982296
0.021750
0.017115
1.548477
0.125391
0.260372
0.320277
0.124708
1.031037
1.946973
1.550633
0.131613
0.194511
-0.148637
1.634127
0.344594
-0.127461
0.151429
0.007853
0.046944
0.610888
2.368528
2.049109
1.791579
0.124368
2.635490
2.136927
1.693454
-0.077835
0.093506
-0.069612
-0.110149
0.225430
1.353391
2.828116
-0.326614
0.158186
1.518576
1.934891
1.413035
0.013528
2.360526
-0.296443
0.160667
0.040469
0.231832
0.086873
2.426720
1.193272
0.006907
0.011210
-0.104027
1.322110
0.045672
0.324984
0.634135
0.025472
1.096199
1.713201
0.043320
0.071704
1.135672
0.008523
1.215161
0.185711
0.806425
2.811440
1.410769
-0.119735
0.275267
2.455005
0.150551
-0.210554
0.203974
1.769125
1.560309
2.342977
0.024090
2.277343
0.056345
0.033389
0.171620
0.120891
0.100389
0.241011
1.477026
0.156482
-0.014363
2.459925
0.183965
0.124523
-0.026522
2.392934
0.372970
0.136857
1.423715
-0.006736
0.046887
1.329505
-0.098390
0.095780
0.051443
0.014208
0.077559
0.164627
1.725767
1.508057
0.070964
0.017783
-0.078445
0.451411
2.599123
-0.022375
0.092534
0.058515
0.106951
0.090862
0.148847
-0.059463
0.011171
0.033648
-0.164375
0.011240
-0.039315
1.918933
0.055022
0.018890
0.043686
0.059281
0.766955
1.671101
0.145094
1.535767
1.505561
0.085331
0.014601
0.051409
0.463897
0.115206
0.330514
-0.036264
0.008549
0.157811
0.151242
2.241296
1.898287
1.535084
0.261357
2.236801
0.392723
2.676981
-0.211239
0.927366
0.598265
1.334046
1.177677
1.194415
-0.051138
0.490384
1.908035
0.031536
0.097217
-0.172628
1.663722
1.831499
2.367865
0.176967
0.337753
1.834607
0.150912
0.219024
0.090997
-0.059123
0.031774
0.061161
0.034350
0.052572
-0.113182
0.026762
0.090748
1.991797
0.067558
0.029946
1.768060
0.395079
0.152358
-0.000749
1.987780
0.033174
0.454170
0.187932
0.056392
1.143096
1.879182
2.617714
0.079279
1.879190
0.047007
0.174149
1.427076
0.036365
2.543545
0.050758
0.153130
0.119486
0.274667
-0.015498
1.493647
0.079928
0.053265
0.229631
0.009212
0.035256
0.136455
0.867725
0.625439
1.943652
2.576259
1.634530
0.079990
1.319768
2.200506
1.637194
0.352866
0.070205
-0.062480
0.135560
0.211169
1.269513
2.160910
1.324189
0.107795
2.103677
-0.053720
0.098366
0.020714
0.071354
-0.009262
0.044234
0.037448
0.111254
0.154007
1.583703
-0.003869
0.262293
0.128959
0.225500
-0.050880
0.059817
0.109957
1.921750
0.034306
0.079394
1.129658
0.023977
0.018432
0.803354
0.053558
1.938621
0.389819
2.093878
0.016672
-0.145933
2.274788
-0.045384
1.864389
-0.129083
-0.001953
0.017240
0.123118
1.695548
-0.061647
0.133783
0.464216
-0.287433
0.014207
-0.149034
2.284117
0.027484
2.256800
0.116364
1.438324
0.095163
2.392004
1.994876
0.261006
0.407796
0.405238
0.233920
0.255988
0.040014
1.541785
0.042992
0.267147
2.654822
0.075116
-0.095689
1.043570
0.545844
2.021223
1.257476
0.041463
0.208463
0.074795
0.205344
0.053908
2.879709
0.874771
0.054133
0.805858
-0.025912
1.365064
1.157502
1.398591
-0.009902
-0.057807
0.364857
0.104338
1.114864
0.197903
2.256764
1.540015
-0.016204
-0.005783
-0.303662
0.935108
0.061497
0.067775
0.123294
0.095340
0.245297
-0.104970
0.836242
0.193610
0.142763
0.791190
2.466444
1.441499
0.037868
0.691745
1.652517
1.361785
0.890980
0.025222
0.775267
0.317935
0.940177
3.065553
0.242271
0.041691
0.138825
-0.129648
0.056239
0.049395
0.142201
0.024587
0.081920
0.028102
0.196663
1.340999
0.791944
0.114426
0.003716
-0.095885
1.442057
0.035188
1.191680
0.115778
1.175388
1.104981
1.761671
-0.000927
0.032323
0.120262
-0.056556
2.066754
0.286418
0.037753
0.058315
0.164001
1.671481
0.089333
-0.013583
1.230331
0.136419
0.176505
0.941905
1.691343
0.054613
0.083309
-0.207088
0.144360
0.098958
1.360789
2.912286
2.158335
1.050785
1.666237
0.204027
0.223408
0.150654
0.032466
0.253823
0.930336
2.165222
0.711945
1.797066
1.635050
0.060280
0.037415
0.070629
1.458655
0.064170
0.181412
0.257931
1.051005
1.593991
2.705157
0.009418
0.065532
-0.086013
-0.097243
2.407864
1.658612
1.432766
0.184671
0.016263
0.118323
2.785324
2.943504
1.126208
1.377780
3.336974
0.320168
0.018703
0.026952
1.008445
0.055540
2.619749
1.088272
0.195683
2.358650
1.787595
1.193344
1.822970
0.089250
0.083447
0.258981
1.430386
0.040750
-0.124482
1.597131
-0.010856
0.060456
1.823473
1.855837
0.397867
0.032565
0.121138
0.199713
2.824857
0.696807
0.020231
0.052262
0.266155
0.049790
1.844507
0.739454
0.113242
1.082686
-0.059445
0.067286
0.032006
0.235003
2.348388
0.045826
-0.095464
2.641303
1.840355
0.691188
0.413067
1.855232
0.067545
-0.048514
0.415435
1.465715
0.260008
-0.063665
0.071826
0.001706
0.133986
1.346634
0.004079
1.857574
0.450927
0.154050
0.021602
2.470871
0.608440
0.023264
0.009994
1.289273
0.266920
0.096236
0.047875
0.089026
-0.137015
0.048781
0.032900
1.819270
0.058781
1.614284
-0.243669
1.482249
1.407136
1.373172
1.334541
2.024559
0.366621
0.111780
-0.040864
0.389918
2.580680
0.156788
0.645269
-0.237998
2.252471
0.070000
0.058100
0.021689
-0.037604
0.603807
0.107851
1.985075
1.067523
0.036042
0.149867
1.313596
0.019589
0.939577
2.616738
0.451368
0.030783
0.050770
2.160140
0.033103
1.914945
0.140632
0.213133
0.025997
0.851808
0.146444
-0.009058
2.068113
-0.049039
0.042832
0.053118
0.045253
0.080352
0.323570
0.884492
0.215138
1.606698
0.071917
0.672806
2.607713
0.856226
0.671549
1.203955
2.133378
0.031098
0.037122
0.021203
2.078480
0.057331
0.074264
1.101956
1.399356
-0.200330
0.009424
0.632408
-0.045196
0.163567
1.110030
1.459367
-0.135352
0.362916
0.145774
-0.035384
-0.028270
1.650518
0.119007
2.576887
2.216015
1.324451
-0.047649
2.006687
0.027241
0.032516
0.182608
1.950974
0.231050
2.384892
2.447515
0.145788
1.794365
0.921207
2.237416
0.311941
0.378125
1.474733
1.910010
0.283012
0.119771
1.171390
1.648260
-0.504538
-0.133988
2.801474
-0.001215
1.245171
2.127099
1.893231
0.220943
0.426013
0.148476
0.027336
1.326772
1.145578
1.884703
2.724075
0.044390
0.023520
-0.009235
0.070424
1.198906
2.058778
1.419200
0.860618
1.154038
0.019962
0.134596
0.025572
0.024924
0.075285
0.022965
0.175951
-0.089402
1.588669
1.814477
1.615707
1.193699
0.519744
0.065468
1.255253
0.120998
0.118851
2.245937
2.314586
1.747219
0.042974
2.580578
0.303516
0.679864
2.102198
0.035242
-0.075201
0.094403
-0.180155
0.101730
0.042856
1.772484
0.904941
0.690950
-0.029046
0.978256
0.026254
1.881954
0.023648
1.826744
0.053174
0.197023
0.025840
2.482104
-0.053612
1.085106
0.059689
0.139866
0.209526
2.113043
1.227322
1.873496
0.267380
0.008513
0.155255
0.190310
0.187615
-0.022464
2.086014
0.077448
0.076700
0.313330
0.500396
2.068885
0.017985
0.025858
1.878827
0.102409
1.444987
0.137978
1.237736
2.183235
1.606114
2.518945
2.705399
0.106615
1.697396
1.270403
0.022587
0.057700
2.052813
0.037004
1.584687
1.109543
0.358444
0.156625
0.976123
-0.386342
0.305277
0.119544
1.363494
0.094160
1.342386
0.100013
1.939511
0.079894
1.744325
1.339180
0.028856
0.323550
0.323287
-0.326741
-0.162370
0.004682
0.017592
0.811920
1.477323
1.329890
-0.162333
-0.076135
-0.017823
0.082175
0.082941
2.585550
0.192138
0.230126
0.058228
1.897325
0.038966
1.339224
1.066612
0.069447
0.079816
0.097130
0.223304
0.081513
1.591304
0.250184
0.328787
1.758033
0.101237
0.004092
1.321886
-0.222959
0.543624
1.923446
0.092412
0.998206
0.039027
2.097598
0.037143
2.656958
2.008895
0.920604
1.168642
0.033893
0.094442
0.080247
0.017556
2.550850
0.054192
0.854935
-0.007000
1.276725
0.367046
-0.013973
0.000993
0.173300
1.940175
0.216079
0.063783
1.351437
0.029146
0.137041
0.285141
1.538980
0.047162
-0.094361
0.936656
1.604858
-0.046194
0.073090
0.049929
-0.068396
0.231805
0.119010
0.033161
1.714134
0.106757
1.431323
1.904039
0.290538
0.915825
0.043167
0.159579
0.127183
0.030702
2.453738
1.695077
2.227706
1.451497
0.160874
1.204934
1.592964
2.303559
-0.110761
0.291483
1.069012
0.120343
0.360914
2.551087
0.098016
-0.104235
-0.027654
-0.016433
0.203196
1.323588
2.384211
0.877281
0.122700
0.112495
-0.381837
1.943364
0.110800
1.314420
0.020214
1.840506
1.031240
2.480499
0.317382
0.116211
0.036048
2.700001
2.008344
2.052710
0.248821
0.083229
1.766953
-0.313384
1.134184
1.991583
0.109830
0.052807
1.977003
1.141202
-0.006359
1.070675
0.273756
0.019217
1.412440
0.176577
0.036181
0.143441
2.396268
0.179406
1.121484
-0.027012
2.296422
0.005081
0.093230
0.105083
-0.015638
1.951590
0.083211
2.160683
0.938246
-0.004558
1.778699
0.605412
1.015948
1.870431
2.061328
-0.007863
0.043415
-0.241823
0.055467
2.458312
-0.336514
0.017976
1.335330
0.142145
0.028284
-0.028488
2.100153
-0.088307
0.079203
3.009536
-0.011919
-0.069851
2.529414
1.755771
2.187777
2.798646
0.061909
0.129070
2.001368
-0.090235
0.077512
0.925975
0.012751
0.085957
0.028210
0.804184
0.015471
-0.016115
1.703292
0.185282
0.169114
1.606132
0.055945
0.013475
0.067349
0.250011
1.474061
0.034728
-0.025030
2.375756
0.106428
0.128261
0.213982
1.781822
0.044609
0.154355
0.447379
2.123724
0.169374
2.193433
1.269696
2.594525
0.063656
0.050284
0.184754
1.354875
0.052895
0.112222
0.072406
-0.000708
1.353056
1.432429
0.091112
0.388859
0.153296
1.364465
0.079682
0.235630
0.017076
2.535420
1.456347
0.034793
-0.212540
1.252471
0.174554
0.233703
1.369941
1.043219
1.354155
2.350894
0.028051
1.107727
1.447070
-0.003293
1.406131
0.032876
0.033402
0.038336
1.368104
0.186708
0.176235
0.038818
0.091195
0.061660
2.333666
1.348039
1.775937
1.695646
-0.000530
2.682211
1.161322
1.976008
2.107763
0.143457
0.032468
-0.013417
1.472647
0.515631
-0.210619
1.960065
1.665688
1.858528
-0.019296
0.011552
0.056577
-0.561531
0.377996
0.064211
0.984300
0.096541
0.224348
0.912517
1.302429
0.146722
0.264745
0.092067
0.086478
0.552967
0.133994
0.763991
0.082517
0.370586
0.097686
1.856701
0.033275
2.461931
1.352806
0.182669
0.061248
2.223954
2.968033
0.053961
2.191341
-0.104604
0.096359
1.809168
0.023576
2.586598
-0.142812
0.028237
2.660276
1.947954
0.104252
1.572208
1.452196
0.042604
2.711211
-0.111685
1.179845
-0.090386
0.419219
0.262018
0.152585
0.049303
0.023643
1.368902
0.104143
0.119459
0.024171
1.697604
0.261928
1.878427
0.158756
0.116619
0.176729
2.108310
-0.151467
0.046820
0.047592
3.001305
2.313161
1.764440
2.345699
0.003801
1.073405
0.020896
0.867444
0.256990
0.502196
0.210566
1.793710
0.032107
0.182073
2.179232
1.580784
2.059060
1.541380
2.575587
1.550666
0.043286
0.052195
0.127676
0.049372
2.733900
1.464566
0.802719
0.140462
0.132409
0.064179
0.333224
1.249906
0.613240
0.293350
0.140483
0.091130
1.099863
1.290280
-0.214167
0.189213
1.260479
0.253051
1.699479
0.047239
1.463607
1.769422
1.704853
0.111595
1.761227
1.474538
0.205799
0.074233
0.024954
-0.154751
0.075284
0.050615
2.338807
0.049520
2.162166
0.062783
0.046205
1.249415
0.013983
2.691504
1.209628
2.651699
0.122890
0.051184
1.609697
0.165257
0.168266
0.391746
0.143445
0.054978
1.278224
0.211165
-0.287894
0.140892
0.068860
0.018057
0.723313
1.302884
0.083214
0.059599
2.467442
0.268870
-0.149957
0.202198
0.135013
0.318579
1.610416
2.129352
-0.289782
0.153317
0.158889
2.239363
-0.000166
0.027576
2.281320
0.096474
0.145233
1.035888
0.041709
2.914130
0.079118
2.189971
1.066903
1.044973
1.110942
1.479213
2.334907
1.494644
1.514317
0.134900
0.032133
2.634551
1.846143
1.810248
-0.080878
0.158259
0.026086
2.332938
0.043225
2.788705
0.128315
0.088514
1.302160
0.361883
0.160538
1.050167
-0.008625
1.813510
2.149068
0.897231
0.127269
0.307096
1.367028
1.095363
1.619694
2.008943
1.958342
2.438953
0.244675
0.241767
0.034078
0.106113
0.167234
-0.683334
2.688729
0.030075
0.219329
1.065775
0.253806
2.898412
2.074839
0.053581
2.071857
0.016630
1.765500
0.114011
0.226371
0.088821
0.051863
1.698393
0.029454
0.561723
1.612172
-0.034933
-0.146614
0.045442
1.552197
0.588762
1.927468
0.067260
0.035967
0.090773
2.142049
0.120371
0.116495
0.115712
0.473981
0.118184
-0.026466
1.956678
1.033834
0.016542
0.081823
2.243244
0.033615
0.260388
0.034441
-0.214394
0.033609
-0.047916
0.210728
2.699338
-0.221149
1.880213
1.155681
0.120369
0.018982
1.760483
0.879491
1.338733
2.194965
0.097093
0.031162
-0.016718
-0.014460
0.055668
1.075620
-0.144957
-0.059974
0.092437
0.104252
0.643377
0.009275
1.139752
0.120676
0.017416
0.006996
0.112602
0.166661
0.333161
-0.008001
1.262997
0.216388
0.224007
0.170781
-0.006560
-0.041588
0.262112
2.363352
0.076166
-0.020238
2.103318
2.016582
-0.066756
0.118131
0.083647
0.059496
1.054960
0.192458
0.277930
-0.591080
0.357666
1.164930
0.107364
0.088251
2.303860
2.257424
1.065115
0.231944
0.168272
0.039700
2.195827
0.039973
-0.367986
0.717468
0.048740
0.021363
-0.002532
0.026026
1.983885
1.468626
0.024273
0.176365
0.844317
1.049552
0.697088
0.350348
1.304087
0.119243
0.190407
0.383047
2.832895
1.095784
0.010975
2.640137
1.552874
0.306931
0.491414
1.047183
1.629730
1.113475
0.319014
0.126459
0.096180
0.187504
0.001358
0.053259
1.549325
1.973105
1.797539
2.268534
0.030155
0.097818
0.492931
2.037626
1.120893
0.075688
0.041751
2.197393
0.066989
0.055006
0.039915
2.365658
2.632892
2.012598
1.143437
1.981685
0.166434
1.914011
-0.420619
0.095152
0.144038
0.239127
0.037166
2.403116
0.030913
0.036232
0.077860
1.840385
0.047996
0.073649
0.026392
-0.121585
1.148331
1.552730
0.541055
0.220738
0.028954
1.789139
0.030255
0.083566
-0.051949
1.979826
-0.013736
1.263658
0.030683
2.072876
0.212152
0.102070
0.967617
-0.001224
0.065311
1.491777
0.031310
0.110977
0.883740
2.159607
0.047773
0.153419
0.137105
-0.429753
0.118571
0.287943
0.283236
-0.053694
-0.144046
0.122776
1.760071
1.286855
-0.012215
0.395798
1.080271
0.292240
1.156909
0.064946
1.549059
1.952654
0.068489
0.052817
0.917576
0.117790
2.180511
0.084857
2.431535
0.043116
0.100408
-0.013849
-0.571820
0.130223
0.053203
0.326872
0.953462
1.302952
-0.176720
2.197536
0.016615
0.606287
0.015807
0.111952
1.844484
-0.195539
0.945957
0.018662
0.093834
0.253869
1.809084
0.046812
-0.008596
0.108879
0.067911
2.083137
0.095029
0.098278
0.126709
0.021934
0.125126
1.368064
0.039689
0.309932
-0.149934
1.277194
0.039321
0.223827
0.047172
-0.082194
0.119328
0.227588
2.152659
2.241359
0.041565
0.015835
0.080206
1.324940
3.050208
-0.051250
1.468614
-0.312670
2.340193
0.134765
0.105511
-0.174681
2.936491
2.066449
0.115318
-0.053222
1.733709
1.588225
0.287279
0.030460
-0.021044
0.089178
2.140811
0.070398
0.134409
1.244758
2.035123
0.994253
0.070042
-0.003928
-0.004992
1.898634
1.610315
1.359264
1.003472
0.171861
0.061686
0.968386
1.456240
0.012268
1.072622
-0.378681
0.052433
1.402191
1.565780
1.757941
0.012147
0.070117
0.082579
0.030034
1.265852
-0.171829
0.072945
0.407981
0.245539
0.070042
-0.060162
2.181304
0.031792
0.908448
-0.270437
0.058572
1.817244
0.835576
-0.283935
0.407458
0.185399
0.050552
0.222107
-0.054376
0.084189
2.759764
0.059638
-0.011111
0.526367
-0.066757
0.106311
0.041035
0.080687
0.197196
0.057842
1.345888
0.287367
1.925887
2.464811
0.039505
1.622018
2.957967
2.437318
-0.295054
0.059578
1.788420
0.074608
2.279542
0.000336
1.513940
-0.141185
2.271007
0.036990
1.745800
0.232572
1.768463
2.015138
1.498947
0.275741
2.022186
0.021636
1.151849
-0.030507
0.040663
0.095910
2.179753
-0.005379
0.104970
1.749022
1.998708
0.156685
0.024396
1.145900
-0.118902
1.992310
1.815177
1.376471
1.777280
0.016327
2.360855
1.075714
0.058319
2.002098
2.997802
0.040919
2.451346
0.116423
1.871621
-0.002553
0.081385
0.116446
0.022766
2.393467
-0.259169
0.162165
0.378275
0.099067
-0.409031
1.739472
1.222307
1.313977
0.028765
0.937274
0.148696
-0.096424
2.490489
0.054837
2.025383
0.059030
-0.085460
-0.126802
1.533547
0.135343
2.143519
0.038871
2.582460
1.666197
-0.047150
0.057630
0.096140
2.131041
0.399673
-0.009120
0.049772
0.047390
0.229306
0.751564
0.150993
0.054600
1.111874
0.021435
1.086958
0.042915
0.000544
0.197730
0.663769
2.874082
1.006407
0.084474
0.107687
-0.139138
0.090162
1.647330
0.911833
0.130498
1.628297
0.380611
0.530676
0.056843
2.616153
0.110105
1.624676
0.365642
0.235304
2.207642
-0.081242
0.397340
0.078360
1.128181
0.248784
0.112723
2.618148
1.677503
1.341371
-0.262525
0.024973
2.259046
0.189827
0.172911
0.259370
-0.065061
1.199513
-0.290795
2.018607
-0.089706
0.144832
2.073116
0.577256
2.202357
0.073599
1.500573
-0.390868
1.333638
0.012356
1.836436
-0.021451
0.077580
1.658650
2.652808
1.296665
0.024082
1.885950
1.132674
0.105657
2.484112
0.018808
0.042645
0.157724
0.172564
0.023731
-0.014824
2.587808
-0.052227
0.249335
-0.032060
-0.132762
1.648370
0.114720
0.023037
0.177416
0.141972
0.788865
0.077151
0.761250
0.182744
0.158228
0.026569
1.722983
1.735268
-0.099827
-0.052212
0.009333
0.154133
-0.011948
0.222211
-0.124611
0.190750
0.205417
1.489185
1.818380
0.136143
-0.007197
1.374099
1.466012
0.019489
1.602648
2.538828
-0.012027
-0.118084
0.202941
1.241395
0.132084
0.224912
0.077036
0.045107
0.125156
0.150643
1.671784
0.169818
0.008650
2.015126
0.056422
-0.093092
0.014337
1.057120
1.202458
0.171679
0.071205
0.298853
1.372452
2.735422
1.773345
-0.289320
0.116192
-0.059152
2.423740
1.575112
0.173890
0.037761
2.928176
2.137593
2.201004
-0.059167
0.122268
1.437101
0.000507
0.355102
1.343764
0.250068
0.032251
0.931250
1.338089
0.050496
0.197264
0.697063
0.149126
1.441130
1.888832
1.911291
0.211379
0.044292
0.061200
0.868576
-0.114405
0.308386
0.354392
0.000957
0.070460
0.135960
0.047083
-0.034132
0.181077
0.032076
0.623838
2.079880
0.165465
2.726367
0.730130
1.357094
-0.023108
1.537886
0.047266
1.698342
0.624941
0.064277
0.118570
0.039050
2.080214
2.653083
-0.044824
2.590994
0.054156
0.119549
1.791210
1.734093
-0.030161
1.599353
1.689096
0.032623
1.439403
0.106914
-0.415369
-0.040161
0.045992
0.615307
0.264778
0.609935
0.279903
3.117279
2.056311
0.173003
1.317993
1.775558
1.292386
1.026707
1.524269
1.071570
1.016531
1.048726
1.184727
0.283347
1.339953
-0.137701
0.056833
-0.112897
-0.094727
0.168404
1.684730
1.094294
0.024200
-0.022815
0.019401
0.067177
0.658808
1.122010
2.535070
1.306390
1.012549
1.632634
0.079552
0.391293
1.829842
0.788947
2.177800
0.119607
-0.128951
0.209425
1.520598
2.062574
0.034513
1.611220
0.078206
0.023376
1.184355
1.356078
2.593451
1.930215
1.669871
2.050938
1.407547
0.041778
1.378330
0.435412
0.047366
0.732272
1.148444
-0.012095
0.235113
0.011598
0.073404
2.431436
0.040712
1.968131
0.056646
0.070169
1.622992
0.338893
0.080503
-0.015041
1.371986
0.802482
1.301109
1.029358
1.508524
2.653182
0.100189
-0.010142
2.566232
0.105253
-0.502762
1.795350
2.037244
0.153461
1.692664
0.031918
1.365429
0.084654
0.034380
0.027898
-0.030123
0.212063
0.076402
0.111999
1.427202
-0.202366
1.114950
1.039028
1.511147
1.995330
-0.236199
1.144935
2.196354
-0.041885
2.212181
0.178752
2.853776
1.455081
1.115804
0.761297
1.593648
-0.068970
0.029928
1.595881
0.037074
-0.000772
0.287660
-0.174994
2.081778
-0.055181
1.428609
0.077542
0.109696
-0.068324
0.041810
0.066112
0.086872
2.275993
0.697353
-0.076334
2.528216
2.093778
1.647640
0.180133
0.029184
-0.070594
0.182725
0.051827
1.621365
1.229531
2.619158
0.207466
1.846160
2.474345
1.250238
-0.260676
-0.018610
0.086121
1.172853
0.808609
0.030010
1.001608
0.971238
2.241196
1.740556
0.216308
-0.001849
1.515192
1.804079
0.074631
0.036514
2.097715
1.837852
1.425717
1.642152
0.729928
0.371097
0.094433
2.137469
1.499108
1.327047
0.094488
0.025993
-0.045985
0.486708
0.043791
1.300039
-0.008649
0.031659
0.220378
0.080995
0.108321
-0.152822
0.035077
0.447003
0.611640
1.814511
0.067993
1.392018
-0.006411
1.343880
0.658285
0.943058
0.061809
0.024082
0.080174
1.350487
1.620014
1.826432
1.576355
0.014503
1.667116
2.328606
-0.068017
1.607378
0.047297
0.093408
1.728018
0.105536
1.631947
0.230992
0.036300
-0.007388
0.183514
1.189724
0.055122
0.059776
0.041761
2.506686
-0.163364
-0.420077
0.924407
0.016643
0.310482
0.034198
0.108321
-0.060951
1.538967
0.253754
0.352762
0.828435
0.038526
0.046514
0.712145
1.922830
1.255128
0.310123
0.073005
2.317064
1.761927
0.328442
0.109769
1.224206
0.133943
0.103691
1.057507
1.780005
0.389275
1.876112
0.821451
1.805101
2.630200
2.331039
0.934630
1.351077
2.128276
0.110087
1.509123
-0.070255
0.236745
0.337471
1.339668
-0.002485
-0.075847
0.218030
2.069859
0.329333
-0.291787
1.633371
0.044134
0.440957
-0.095425
0.543855
1.969053
0.000673
2.351969
2.982317
0.377635
-0.298725
1.972949
0.283001
-0.218337
0.040925
1.183421
1.903917
1.385728
0.037497
0.068645
1.350161
-0.168483
0.390177
0.125152
1.321241
1.443824
-0.024557
2.252334
0.009390
0.309857
0.014451
0.082949
1.632374
0.046541
1.364153
0.087590
0.864854
1.114008
2.844274
0.101741
0.611340
1.261371
1.390741
0.206139
0.263560
0.002585
-0.011015
0.212260
2.484221
0.445124
2.420816
0.120079
0.114127
0.204680
0.055254
1.964314
0.073797
1.114452
2.727948
2.185261
1.811190
2.224121
0.251445
0.366967
1.520436
1.252437
1.080731
0.060275
1.771328
0.069155
0.116389
-0.026589
0.241279
1.307195
1.248067
0.086169
1.454084
0.128629
0.224782
0.039401
0.046850
1.279475
0.053185
0.034711
-0.016735
1.297230
-0.017464
1.398080
1.715064
0.149594
-0.121027
0.082674
0.090998
1.041768
0.024872
1.039013
2.044975
0.101834
0.037297
2.293933
1.181931
-0.168344
-0.415609
2.333859
0.023805
2.548945
-0.085438
0.253707
0.875693
1.270368
0.114844
1.014096
0.007497
0.026089
0.951354
1.020544
1.764204
0.361358
-0.215049
2.144111
0.030784
0.011456
0.438072
2.279092
0.136272
2.494723
0.314782
-0.228833
1.187729
-0.047333
1.727259
0.463810
-0.086414
1.013579
0.044243
0.035284
0.053547
-0.002099
1.749440
0.652224
-0.096707
1.669571
-0.114093
2.163412
1.908858
1.020982
0.057416
0.528336
1.310256
0.856164
0.126506
0.333230
0.101789
0.091117
0.051334
0.162035
0.108987
0.107600
2.521297
1.674539
-0.172277
0.072264
-0.058013
0.357707
0.071786
1.416625
-0.226015
-0.005716
1.532806
0.278411
-0.511889
0.077411
1.600945
0.179829
1.141408
1.412828
2.217368
2.161212
-0.056163
0.450797
0.003797
0.152784
1.249755
1.241994
0.095635
0.068457
-0.184342
0.181541
2.185258
1.183747
0.023170
1.723477
2.120165
0.047369
0.023875
1.373797
2.305739
2.107217
0.037477
0.042643
0.113795
0.227356
0.374491
1.293918
1.689896
1.528918
1.690471
-0.124878
0.022667
0.141037
0.060314
0.958934
1.061284
-0.012113
1.549455
0.749150
0.808787
0.192101
1.605202
1.973888
-0.289497
-0.165152
-0.392209
0.106815
2.491080
2.921374
0.081056
0.069231
0.195603
0.156118
1.303415
-0.067871
0.278191
0.264806
1.734651
0.161226
0.068936
2.554088
0.320432
-0.126679
-0.136455
1.360082
0.036176
0.420579
0.186985
0.255334
-0.027666
-0.015170
1.643486
0.050695
2.346290
0.025549
2.453798
2.059822
0.090141
0.017057
-0.002076
0.030686
0.040064
0.254058
1.577282
0.069180
0.562338
-0.004692
0.805178
0.066466
0.036602
2.377364
1.019807
0.109728
2.729513
1.129502
0.028090
0.139099
0.095564
0.033353
0.921765
2.834846
2.144143
0.137194
2.198375
0.125098
1.483219
0.786918
0.103126
1.438670
-0.113318
-0.266596
0.127474
0.203489
0.032197
0.033667
0.719330
1.648252
0.011345
1.402020
0.141746
0.201514
0.805236
2.331844
0.072328
0.237407
1.024718
0.536275
1.248222
0.106960
1.797811
1.260242
0.215091
1.609304
0.083722
0.128845
0.097932
1.100456
-0.063639
0.052595
0.099992
0.040147
1.157639
0.028969
2.459457
1.366920
0.125350
0.132398
1.695474
0.223058
0.026587
0.129575
0.100330
1.282376
1.133647
0.044279
0.633727
2.062498
1.602952
0.145012
2.452772
2.774014
1.507732
-0.027503
0.951877
-0.109405
1.148585
0.211333
2.007644
0.078645
0.161053
2.215304
0.885166
0.069113
0.012592
2.500776
0.039044
0.124655
-0.176811
0.008293
0.075578
3.214921
-0.020004
0.057981
0.079551
1.969701
0.017937
0.013816
1.447678
0.095024
0.044420
0.203144
0.176583
0.051228
0.046470
1.715192
1.916703
2.614209
0.164968
0.105027
0.116852
0.351556
0.036468
2.845646
0.532986
1.498258
1.572706
0.094230
2.504769
0.047606
0.162654
1.148284
-0.004448
0.074261
0.136781
0.279993
0.036099
0.102143
0.167638
0.111630
0.055567
0.014944
0.397714
2.274269
1.169901
0.244379
0.789377
-0.032033
1.041567
0.141310
1.813830
1.315060
0.186395
0.675135
1.245899
0.266653
2.852223
1.643289
0.027943
0.070513
-0.051906
0.031836
-0.063598
0.033707
1.120015
0.123003
1.923530
0.026828
1.864072
1.988605
1.973199
-0.165167
2.075480
2.241175
0.045627
1.331289
0.119005
0.135155
0.118819
-0.267399
0.160713
0.281560
0.481105
-0.070028
1.236653
1.206349
1.453992
1.885764
1.484785
1.123558
0.054949
0.075827
0.335176
1.550116
1.349172
0.006617
0.083496
0.554620
1.194660
1.912079
-0.007145
0.223694
0.223887
0.065941
1.095971
1.234899
1.075667
1.446165
-0.032997
0.030074
-0.014530
0.018119
0.015614
-0.275944
0.112948
2.153256
2.658549
2.633741
2.136762
1.575456
0.111980
0.035906
1.481728
1.993446
0.117958
-0.023180
0.074179
-0.035730
1.433643
0.053511
0.040123
0.073451
1.392457
1.841080
0.136676
-0.046821
0.029794
0.174619
-0.111459
0.188273
2.063507
1.688129
-0.056751
0.048187
0.085747
-0.045197
0.091180
0.009856
-0.029825
0.297183
1.443418
0.017008
-0.195356
0.855761
0.916816
0.338201
2.814926
1.460428
0.164203
2.340614
2.137279
1.576243
0.033068
0.172250
0.059966
1.589794
0.194519
-0.023240
0.315994
1.049492
-0.041029
1.512307
0.007985
-0.041786
0.647139
0.327587
0.136815
0.232151
0.029048
2.091584
0.196712
0.021821
-0.023111
0.627424
1.542873
0.301968
1.357275
-0.334076
1.253069
-0.012883
-0.129288
0.091563
0.931223
2.108879
1.334443
-0.322578
2.360967
1.669927
2.454856
2.427709
1.486355
0.039132
0.141398
0.198223
1.478859
0.091001
1.217789
0.032445
-0.071453
0.918311
0.144418
0.654914
1.295433
0.052638
0.048852
-0.051572
1.262633
2.520649
1.392255
1.071260
1.644073
0.303194
0.077927
-0.272464
-0.028746
0.947432
0.109664
2.001062
0.209178
1.421299
0.063696
0.154771
2.298383
0.047602
1.887385
0.076487
1.365490
0.173554
1.135769
0.104088
0.121029
0.730177
1.360220
0.099104
-0.265966
-0.032895
0.290589
1.290337
0.044651
0.122928
2.257032
2.321855
0.831558
0.344000
0.145661
1.786807
1.678781
0.105442
0.251252
0.279903
1.238996
0.096241
2.649064
0.199356
-0.226284
1.213765
1.600776
0.208837
1.568122
0.016587
1.092975
0.240429
2.034273
-0.061960
0.034661
1.633136
1.317268
0.138772
0.027735
2.464963
0.089138
0.110211
2.241937
2.828536
1.800721
0.023082
0.004694
1.746352
1.477913
0.013873
1.713813
0.202632
0.319390
1.669198
1.676127
-0.058582
1.513859
0.083484
0.022758
0.079492
0.068730
0.063154
0.203796
0.385625
0.000255
0.030372
-0.178549
0.013675
0.169875
0.432007
0.117613
2.106024
0.010284
1.893098
0.040426
-0.040361
0.337271
0.141576
1.099175
0.160289
0.093032
0.910522
0.095486
2.942857
0.186695
1.243987
1.831940
2.049078
1.855001
1.697654
2.765996
0.216924
0.139797
1.158932
1.730879
1.470958
2.768672
0.051156
0.077500
1.869461
0.427504
0.135516
0.339392
-0.010893
0.025898
2.966842
0.117355
0.214639
1.697790
-0.003092
0.072510
0.555153
0.220930
0.085795
0.047535
0.003555
0.039356
2.730016
-0.018494
1.565714
0.457578
0.491697
-0.025661
2.273112
0.124661
0.055481
0.339104
0.230956
1.897440
0.853504
1.649457
0.247384
0.153616
-0.029906
-0.053383
0.208194
0.203557
1.584655
1.455854
1.181434
0.300562
0.117402
1.489602
0.195760
1.505931
0.111376
0.116774
2.302394
0.119888
0.008940
0.173021
1.564455
0.913145
0.041952
2.195338
0.041332
0.429457
-0.005346
-0.025810
0.054698
2.400439
0.559317
2.629479
0.057440
0.893118
0.255012
1.843719
2.568490
0.159991
0.270075
1.153930
0.136171
-0.025032
0.028479
0.267625
-0.132758
1.747440
1.773957
1.903798
1.182193
0.169439
0.628867
0.281414
0.138463
0.066093
1.390975
0.713534
-0.005804
-0.194463
1.914705
1.689987
1.604821
0.155453
0.374548
-0.028054
0.148743
0.011638
1.225146
0.061554
1.002302
2.625903
1.927738
0.029106
-0.173581
0.125857
0.237565
0.120150
2.820963
1.385828
-0.040056
1.511728
0.533822
0.014164
1.311747
0.106756
2.010413
2.259680
0.036207
0.036514
2.443882
0.038168
0.464452
0.919835
1.568964
-0.072031
0.187262
1.556774
-0.400934
0.394008
0.029572
0.047213
0.038633
0.043407
1.716579
0.013195
0.012170
2.106658
0.028361
0.066422
0.048259
1.903046
1.464804
0.923341
0.094746
-0.076099
1.695825
1.357979
0.174463
1.740605
0.024027
-0.045556
0.275020
0.084591
1.124765
0.032109
0.860424
2.190791
0.154002
-0.605199
0.021884
0.214077
0.172798
1.336571
0.095168
0.174815
0.025388
1.977384
1.267167
0.934430
-0.087219
-0.035521
1.840585
0.127194
0.139447
0.113674
-0.136930
0.054392
2.000859
1.778599
0.031055
1.235841
-0.009077
1.437983
2.755313
1.590531
-0.099449
0.014549
0.305333
0.101286
0.026810
2.531668
0.022008
0.157029
1.720671
0.198019
0.074944
0.106528
0.048030
0.227960
0.448828
0.042438
0.853337
0.087560
1.703619
-0.144865
-0.011157
1.640698
-0.012887
1.319523
1.782086
0.691173
0.108619
0.034747
1.684991
0.065058
0.101884
0.025234
1.745558
0.894163
0.034099
0.175862
1.688744
-0.026986
1.975295
0.039087
2.686720
2.378506
-0.012381
0.087258
0.036270
-0.017922
-0.019555
0.878266
0.036289
1.335704
0.015315
0.110043
2.504080
2.274726
1.902197
-0.070672
-0.012337
0.104805
1.190892
1.991900
1.938071
2.236460
0.558032
0.026000
1.847348
1.315238
0.075443
2.537108
1.640092
0.971312
0.082429
0.133031
2.203977
2.488753
0.100625
0.014535
-0.022469
2.607288
3.000762
1.072598
2.243957
0.068644
0.080561
0.489333
-0.009507
0.077716
0.261747
0.062907
-0.008490
0.214648
0.051854
2.110411
0.143508
0.701179
1.479446
1.827942
0.154929
0.042515
1.152232
0.284856
0.371402
1.048594
0.266959
0.240793
-0.039163
0.027362
0.159596
0.154819
2.264418
0.030692
0.086187
0.922369
1.909629
1.539252
0.887235
0.139842
2.132082
-0.007997
0.470312
0.143189
1.737928
0.182593
0.250186
1.441883
2.741157
-0.073586
0.128894
0.378908
1.346664
0.092214
0.080630
0.376497
-0.090995
0.240739
0.140772
0.029645
0.018671
2.978140
1.112571
1.786023
0.063011
2.679334
0.262999
-0.278084
0.032829
2.171473
0.070023
-0.074315
0.088305
1.666924
0.043511
0.112062
2.850989
0.306202
0.032179
0.146037
0.213650
0.223785
0.107102
0.047440
0.039692
-0.015672
0.572925
0.148942
0.139034
2.188865
0.061295
-0.007070
-0.207548
-0.008982
1.454920
0.138667
0.029341
0.039631
0.912021
-0.137684
0.039307
0.163281
0.054250
0.015511
0.298111
1.499421
2.751736
0.198236
0.949879
0.030703
0.035254
0.241671
0.074367
1.294655
1.208826
0.269143
0.120179
-0.238605
0.090834
0.067962
0.184175
0.072635
1.221783
2.787103
-0.009778
0.147177
0.143137
0.913314
0.152295
-0.098623
0.068070
1.420838
0.147825
0.148450
1.102208
0.138631
1.271158
2.123734
0.371461
1.202863
0.386390
1.565101
0.898401
0.106728
1.896545
0.984214
0.104664
0.162664
0.036737
1.769455
0.106099
-0.119248
0.078285
1.013955
2.720683
0.227485
0.007949
-0.031859
2.314610
1.801689
1.380047
0.878850
0.108813
1.243746
0.003343
1.672233
0.026935
0.684109
0.152297
-0.022528
0.120732
0.098097
0.056428
-0.070056
1.227535
0.031422
0.229409
1.368196
1.692138
0.071149
0.252976
1.371272
0.148697
0.116965
0.178095
0.142067
0.142912
0.078635
0.092271
-0.060165
-0.276197
2.017777
0.842893
1.858156
2.508432
1.494184
0.638435
1.810534
0.095236
0.154846
0.114196
1.041424
0.103386
0.124590
0.000443
-0.026733
0.279233
0.056567
1.226317
0.172351
-0.050210
0.140153
1.809642
0.089246
2.189355
0.038987
0.108872
0.130560
-0.106283
0.024905
1.885878
1.700783
0.111825
0.022643
1.170862
1.188779
0.194460
0.481498
-0.063101
0.058053
-0.268061
0.054595
0.163888
0.053997
0.444763
0.039381
0.012766
1.953058
0.186427
1.354593
1.616622
0.054079
0.044520
1.057185
0.025248
0.062811
2.561651
2.237254
1.887358
1.859574
1.296526
0.140070
0.418618
0.046025
0.384797
1.021215
0.778109
1.017513
0.079375
0.216579
1.405809
0.003754
0.035731
1.062018
0.063269
0.045010
-0.367122
1.205966
0.101420
1.883586
0.145569
0.069094
-0.058193
-0.149776
1.563237
0.206931
1.102440
2.689148
1.985315
0.045414
0.069354
2.194358
1.384829
1.156159
0.640960
-0.116934
0.002790
2.700435
1.621821
1.083113
0.083679
0.013268
-0.002016
0.045329
1.985591
0.036428
0.040252
0.060500
-0.001715
0.043859
1.433224
2.166863
0.110952
1.686179
2.200236
-0.108881
-0.081660
0.861430
0.646469
1.398499
2.974218
1.681447
0.285708
0.047888
0.009797
0.026903
0.013213
0.347356
-0.200394
0.095922
-0.028396
2.055795
0.006614
2.050891
1.738921
1.857313
2.958817
2.177577
1.930747
1.614605
-0.023863
-0.317683
0.362923
0.131532
0.104607
-0.009308
2.196204
1.645657
1.434285
0.076679
0.011014
2.152870
0.066773
-0.045793
0.103745
0.167184
0.100189
1.103119
1.837071
0.300349
0.827385
1.956244
0.106498
1.836537
0.010694
1.318917
1.908627
0.078549
0.150360
0.106390
0.032805
0.791797
1.950588
1.201313
-0.381494
0.037394
-0.001581
0.467791
1.560523
2.499145
0.043603
0.055286
1.301948
0.013345
1.940361
0.238209
0.050847
0.131905
2.134381
0.081049
-0.061807
0.057498
0.143325
2.319082
-0.284114
1.063074
0.354347
0.160501
1.536617
0.185683
0.155405
0.078135
0.900381
0.093970
0.004295
0.053408
0.012713
0.900861
1.673225
1.513725
2.518107
1.469459
-0.106364
0.178529
-0.081277
-0.158287
-0.309581
0.025589
0.117418
0.598598
1.215414
0.225489
0.173682
0.516065
0.093076
1.884198
0.014377
2.307529
-0.172838
0.059482
1.447114
1.622775
0.173728
0.512634
0.392272
0.006118
0.428266
-0.029417
0.342559
0.197878
2.316689
2.490342
0.987502
0.522287
0.038418
2.861692
0.193503
0.051673
1.026778
0.900067
0.015597
1.667807
1.464707
1.659072
1.436707
-0.091927
1.976872
0.186515
0.016866
0.064780
0.832160
0.248408
0.084746
1.659845
1.701522
0.117389
2.182586
2.891006
0.255549
0.036052
1.569157
0.114813
1.224101
0.250018
1.342233
-0.163846
1.650061
1.049581
2.065316
0.140544
2.828236
0.292024
0.261460
0.166045
1.120239
0.279074
1.072489
1.657451
0.413686
0.059489
0.031792
1.576710
1.226316
0.101928
0.242438
-0.005540
-0.030848
-0.060746
0.023025
1.656564
0.056763
0.095589
1.186292
0.385992
0.037431
-0.152364
0.044191
0.145268
0.034661
0.071399
2.170428
1.263261
0.324496
0.087802
2.385597
0.042696
0.142997
0.060829
0.158382
0.681191
3.061081
0.032286
1.426384
0.088217
0.149191
0.005335
0.039259
0.334840
0.378394
0.228736
1.361568
1.138174
-0.291810
0.080557
0.018576
0.021051
0.250018
0.302378
0.187314
0.128856
1.977598
1.224246
1.525862
0.012753
-0.016544
0.297613
0.324780
1.114917
0.070891
0.150456
0.879687
0.925044
0.978371
1.033888
1.184894
0.125573
2.240098
0.034675
0.021167
0.015861
1.682676
1.495661
0.669003
-0.575267
0.030763
0.099191
0.263783
0.068018
1.465335
1.400947
0.449539
0.199393
1.958767
0.966025
0.991154
0.047121
0.402862
-0.059242
0.023273
0.005558
0.289311
0.020974
1.659493
0.169636
1.720126
0.153636
0.098073
1.441000
0.392287
2.155493
0.053560
0.057741
0.021899
0.136170
2.341118
0.100602
-0.627163
0.847814
0.904474
0.166260
0.017948
1.901564
0.058846
0.128431
0.792015
1.287473
-0.128937
-0.001552
0.139611
2.223155
0.211669
0.042262
0.068332
0.013457
2.027959
3.126143
0.192417
0.345730
1.376743
0.334627
-0.051046
0.081518
0.289352
0.183229
0.040517
-0.043190
0.292954
1.892339
-0.037383
-0.033712
1.819850
0.162027
0.291166
0.078927
1.479485
0.152894
0.096549
2.008323
0.307387
-0.067712
-0.182156
0.026492
0.199183
3.000688
1.305284
1.086354
2.321520
2.024047
0.133772
1.725264
1.169595
2.353818
0.007104
1.807710
2.356464
-0.205662
1.910595
0.011157
2.697525
0.031703
2.362101
-0.002692
0.103838
1.046971
-0.020765
0.077909
1.854225
1.069684
0.058387
0.055899
2.096481
2.234429
0.618595
0.033022
0.039892
1.178919
0.154731
2.780874
0.094773
1.276054
1.599592
0.290993
1.437603
0.035741
2.419742
0.008762
0.164271
0.056497
-0.058334
1.998800
0.021360
-0.062349
-0.029666
0.013377
1.945154
1.058703
1.143926
2.828334
1.291269
1.239525
-0.010616
1.860375
0.281745
0.035438
0.097210
1.964285
0.199195
-0.083414
0.139913
-0.138309
0.065184
0.060009
0.090657
1.454781
1.019835
1.569578
1.077008
0.083587
0.055729
2.216451
0.184728
0.028361
-0.297136
1.545926
1.891299
0.083904
2.401865
-0.031484
1.619407
0.150945
0.136756
-0.048481
0.056291
0.244738
0.996139
1.431310
2.780924
-0.852008
0.642366
-0.703608
-0.006577
-0.188344
0.909155
1.708932
0.162116
2.348618
0.094866
0.024997
0.848170
0.037532
-0.114151
0.352103
0.156447
0.010679
1.339891
0.362933
1.627236
1.993464
0.036808
0.015692
1.467994
0.118202
0.786281
2.046715
0.060131
1.508832
-0.070584
-0.006233
0.044238
0.074824
2.281129
0.051353
1.707173
0.132576
0.095105
0.012394
-0.091694
1.008879
0.093229
0.025520
0.960053
-0.160075
2.186574
0.261021
-0.129588
0.187313
0.051833
0.103323
0.038419
0.116256
0.267639
1.353398
1.240596
0.878904
1.143546
0.129381
0.031538
-0.063981
1.686135
0.068256
2.135152
0.030217
0.028278
0.075710
0.058640
1.525830
0.926400
0.114654
-0.018261
-0.023708
-0.021368
0.134741
0.822178
1.848239
0.121580
0.219054
-0.365851
0.031493
0.331288
0.014999
2.042328
0.050104
0.019610
-0.010566
0.134662
1.681038
0.050294
0.138765
0.049513
0.073980
0.168057
-0.024939
0.122851
1.034098
0.012484
1.442822
1.120699
0.053685
0.168496
1.298322
0.237465
1.362383
0.161947
2.396362
0.117967
2.135850
0.201901
2.072473
0.122639
2.403382
1.205187
0.043912
2.940348
0.132335
0.030096
0.283154
0.403502
0.237189
0.008229
2.291490
1.456405
0.217657
2.295749
1.699872
0.539097
0.644347
-0.024507
2.073767
2.876341
2.796042
1.610478
1.369297
1.539918
0.604504
0.008401
0.640523
0.261946
1.149334
2.783816
1.931061
1.350931
0.049072
1.879238
2.800057
2.438371
0.866074
2.261183
0.113129
0.073593
1.456558
-0.243293
0.269495
1.320186
0.713618
1.700940
0.132460
2.462660
0.242635
1.886204
0.073563
2.303764
1.378296
0.027644
0.113125
0.254755
0.055728
0.113783
0.963159
0.054590
1.512684
2.181966
0.397891
-0.097227
2.689632
0.089463
0.048780
0.086751
1.345538
1.590868
0.044788
0.095978
0.418846
0.368297
0.909356
2.272558
0.026838
0.199275
1.380747
0.859356
0.040399
0.034932
1.185733
0.446205
0.829991
0.044171
2.288641
0.352764
2.124562
2.434034
0.077854
1.347816
0.141282
2.068370
2.080391
0.355910
2.606246
0.029380
1.119443
0.244832
0.765230
1.829338
0.412196
0.096805
2.254714
0.172196
0.039446
0.764187
0.322827
-0.001061
-0.056967
0.097361
-0.142734
0.081030
1.651131
-0.029202
0.072490
1.374161
1.570619
0.877148
0.083661
2.488789
1.920672
0.336909
1.278866
0.184835
1.310691
2.266116
2.396709
1.865131
-0.246753
1.441812
0.018538
0.012475
1.176597
1.361377
1.548528
0.059999
0.040758
0.005578
0.192664
1.049730
0.066270
0.009369
-0.098706
0.131614
2.121042
0.645625
0.051453
2.134941
1.719407
1.593809
2.101288
1.908164
1.261428
0.039960
1.340318
0.158241
2.714095
0.011088
-0.051220
0.108824
0.048006
-0.138401
1.917782
0.041723
0.884208
0.068012
0.905639
1.299166
-0.000597
0.541650
1.667923
1.629951
1.580152
1.911382
1.764966
1.463295
1.106246
0.296701
2.472906
2.376820
0.068358
-0.108963
0.182383
0.078585
0.399121
0.118503
0.058270
0.898286
2.830362
0.108930
0.150899
1.410764
1.714811
0.049902
0.910165
0.061716
1.692304
0.768492
1.537625
2.370196
0.070109
0.152672
0.112273
-0.039804
0.049414
0.079862
1.338423
1.661524
0.125047
-0.243727
1.400631
1.858448
1.371971
1.671865
2.522078
-0.052523
2.106669
1.911346
1.699671
-0.079690
0.993849
1.066147
0.038870
0.049816
-0.025932
0.014239
1.272531
1.393336
2.471274
1.945977
0.208897
0.854968
1.275895
1.861681
0.004079
1.161260
1.254754
1.947807
0.189910
0.055710
0.048119
0.069634
0.119761
0.182605
0.340928
-0.027613
0.516686
0.075979
2.041394
1.942793
0.120525
0.122158
0.386130
0.058291
0.250003
0.004828
0.069710
0.058970
0.115682
0.085145
0.122685
1.519172
0.861128
0.241124
0.002890
0.156369
0.040395
0.215735
1.482280
0.295627
0.398923
0.137199
1.603917
0.095089
1.339967
1.660373
1.736045
0.027586
0.024907
1.699787
0.106244
0.044920
0.020437
0.298120
0.252827
1.094545
1.654242
-0.054315
-0.680278
2.649777
2.347273
0.206300
-0.028454
0.076266
1.493345
2.513183
0.013191
1.238090
0.008354
2.070137
-0.208410
-0.088750
0.189970
-0.012848
0.127543
-0.084327
2.196572
0.257309
1.952872
0.068737
0.149293
0.376847
0.066828
0.045767
2.320586
2.130702
0.091718
1.242451
1.844698
0.037279
0.121468
1.557027
0.200839
1.806278
0.830994
-0.009285
0.008701
0.947642
1.749020
0.255616
-0.035718
-0.070907
0.042917
0.900268
0.182534
0.904252
1.026428
0.087782
1.744735
1.425077
0.028825
2.813994
-0.073353
-0.019056
0.041598
1.550106
0.192014
-0.059102
1.215606
0.017691
-0.235737
1.527925
0.093655
0.040386
0.193263
2.843378
0.372364
0.065096
2.482133
0.131465
0.407617
1.846874
0.021319
1.326784
0.717846
1.109457
2.433031
1.966168
0.043638
1.507390
0.013531
0.368310
0.272811
0.060935
1.859206
1.279191
0.305378
0.054170
1.935909
-0.025074
1.123220
0.026439
1.999700
1.303942
0.038880
1.170996
1.460038
-0.042767
0.960824
2.281721
0.067362
1.143217
0.031268
0.033255
0.124394
0.227448
0.092047
0.696011
0.125157
0.124933
0.232169
1.369319
0.087481
0.013998
0.123750
2.639522
0.201779
2.727559
2.427417
0.219124
0.063780
0.039477
1.016661
1.544891
1.508598
0.068098
0.038734
1.014893
0.052720
0.070595
0.358867
0.334669
0.520418
0.139740
2.681220
2.086683
0.068118
2.191943
0.618499
2.102679
0.340580
0.090370
0.123333
-0.260159
0.121916
1.747098
0.029661
0.090084
0.080685
0.836637
1.865930
0.155333
1.527175
2.509868
0.018809
0.101482
0.839237
0.898807
2.058884
0.062288
1.675086
0.045268
1.578617
0.521984
1.080528
0.158280
2.220512
0.031267
0.036964
1.016936
1.801616
2.989472
-0.154690
0.049774
0.008715
0.010442
-0.082141
0.161207
1.402031
0.206842
-0.030873
0.399425
0.037191
1.484278
1.061571
0.212383
1.240725
1.317378
1.251757
0.057562
0.199347
1.988546
0.050540
2.612475
0.089774
2.121866
1.914660
0.138079
0.112255
0.089356
1.805084
0.037421
0.514414
0.082328
1.667142
0.064917
1.905247
1.155827
1.533972
-0.114574
0.149602
2.184514
0.601323
0.045364
1.879862
0.110993
0.000846
-0.008605
0.015838
0.020933
2.016315
0.053471
-0.197644
0.178418
-0.040702
0.976345
-0.048895
2.285584
0.080634
0.170330
0.059223
0.039839
-0.392414
1.079456
0.000608
0.094644
1.592732
2.354478
0.011102
-0.099484
0.015301
0.117806
2.351097
-0.092516
0.071888
0.130453
-0.008540
-0.199359
1.435162
0.188766
0.071123
0.096573
1.526667
0.010122
-0.146946
0.890502
0.027016
0.021072
2.785190
0.031822
2.622232
0.064341
0.049266
0.205804
0.043872
0.027901
0.005335
0.890556
1.070239
2.148248
0.063248
0.132056
1.238591
0.064287
0.014277
-0.154583
-0.038001
0.011306
2.169109
0.029764
0.104967
0.026789
0.124000
0.188585
-0.055480
0.370671
0.079783
0.118740
2.030023
0.752812
1.889047
1.185786
0.348698
0.932920
0.024083
0.021025
0.000586
0.265374
0.026675
1.144781
0.280756
0.232028
0.103683
0.054686
0.278650
1.443700
-0.086533
0.895643
0.343134
0.056821
1.375855
1.627978
0.094764
0.231958
-0.171658
0.087536
-0.000793
-0.355049
0.049457
0.023279
-0.004927
0.106582
1.236846
1.756691
2.547345
1.533654
1.271638
-0.027675
1.717772
1.504174
0.018566
1.490412
0.244873
0.635107
0.100598
-0.061175
1.208815
2.831766
-0.522267
0.053456
0.161667
0.020590
0.059541
0.347503
2.285927
0.309236
0.042904
0.505617
0.828994
0.018388
0.027649
0.184912
2.023962
1.911692
1.683053
0.099824
2.921519
0.065620
0.189087
0.054756
1.054497
0.306816
0.026416
0.202032
0.231731
2.176500
-0.011146
-0.071877
2.940235
0.121341
-0.406179
1.929423
0.294850
0.992497
-0.141106
-0.001923
-0.207859
0.792020
0.033490
-0.200777
1.040664
0.043182
0.049937
-0.005327
0.154843
0.085443
0.065674
-0.113324
0.051493
2.663040
1.214636
0.058346
0.101265
1.750279
0.185814
0.024748
0.017863
2.493028
1.485975
0.091704
0.065730
0.106280
0.090557
0.031719
3.178884
-0.477106
0.205642
0.024288
1.323729
1.937921
0.261159
0.058836
0.339734
